345.74	1396.71
345.96	1396.71
346.17	1396.71
346.39	1417.60
346.60	1387.70
346.81	2541.53
347.03	2554.64
347.24	3268.56
347.46	3286.99
347.67	2675.47
347.89	2512.86
348.10	3077.28
348.32	2945.39
348.53	2567.33
348.75	2586.58
348.96	2851.59
349.18	3257.09
349.39	2561.60
349.61	2582.49
349.82	3123.97
350.04	3135.44
350.25	2527.19
350.47	2680.79
350.68	3141.99
350.90	3334.91
351.11	2476.40
351.32	2632.87
351.54	3283.30
351.75	3319.76
351.97	2542.76
352.18	2583.31
352.40	2904.84
352.61	3242.75
352.83	2740.59
353.04	2416.60
353.26	3259.96
353.47	2993.72
353.69	2588.63
353.90	2550.95
354.11	2829.47
354.33	3475.81
354.54	2274.06
354.76	2675.88
354.97	2873.71
355.19	3185.82
355.40	2472.31
355.62	3023.62
355.83	3027.72
356.04	3149.78
356.26	2486.64
356.47	2680.38
356.69	2890.91
356.90	3561.42
357.12	2616.08
357.33	2436.67
357.55	2993.72
357.76	3069.91
357.97	2402.68
358.19	2630.00
358.40	2851.59
358.62	3261.60
358.83	2535.39
359.05	2748.37
359.26	2940.06
359.47	3055.57
359.69	2669.32
359.90	2912.21
360.12	2880.26
360.33	3007.65
360.55	2471.08
360.76	2743.87
360.97	3199.75
361.19	3335.32
361.40	2457.97
361.62	2680.38
361.83	3324.26
362.04	3393.07
362.26	2564.47
362.47	2636.15
362.69	2941.70
362.90	3113.73
363.12	2503.85
363.33	2550.54
363.54	3057.21
363.76	3219.00
363.97	2601.33
364.19	2607.06
364.40	3382.43
364.61	3034.27
364.83	2364.99
365.04	2695.13
365.26	3006.01
365.47	3363.99
365.68	2568.56
365.90	2645.16
366.11	3026.49
366.33	3276.75
366.54	2489.10
366.75	2486.64
366.97	2804.90
367.18	2923.68
367.40	2736.91
367.61	2555.05
367.82	3053.93
368.04	3200.57
368.25	2681.20
368.46	2659.08
368.68	2977.75
368.89	3442.23
369.11	2591.50
369.32	2696.77
369.53	3377.10
369.75	3195.24
369.96	2967.92
370.18	2782.37
370.39	2965.05
370.60	3019.93
370.82	2517.36
371.03	2554.23
371.24	3448.78
371.46	2976.93
371.67	2699.63
371.88	2523.10
372.10	2818.00
372.31	2798.75
372.53	2401.45
372.74	2577.16
372.95	2843.40
373.17	2858.15
373.38	2790.97
373.59	2739.36
373.81	3026.49
374.02	3358.67
374.23	2516.54
374.45	2954.81
374.66	3141.99
374.88	3098.99
375.09	2544.81
375.30	2902.38
375.52	3042.46
375.73	3338.60
375.94	2488.69
376.16	2837.67
376.37	3160.83
376.58	3225.96
376.80	2796.30
377.01	2798.75
377.22	3664.23
377.44	3235.79
377.65	2707.01
377.86	2347.38
378.08	3062.12
378.29	2910.57
378.50	2706.60
378.72	2442.00
378.93	3495.88
379.14	3214.08
379.36	3008.06
379.57	2620.58
379.78	2747.96
380.00	3159.61
380.21	2407.59
380.42	2386.29
380.64	2777.46
380.85	2827.84
381.06	2727.89
381.28	2552.18
381.49	3493.02
381.70	2905.66
381.92	2483.78
382.13	2663.59
382.34	3563.06
382.56	3338.19
382.77	2589.45
382.98	2634.51
383.19	3179.68
383.41	3110.45
383.62	2541.94
383.83	2676.70
384.05	3076.87
384.26	3155.51
384.47	2698.40
384.69	2620.99
384.90	3042.87
385.11	3375.46
385.33	2564.47
385.54	2752.47
385.75	2862.65
385.96	3235.38
386.18	3123.15
386.39	2656.63
386.60	2900.74
386.82	3398.81
387.03	2637.37
387.24	2667.27
387.45	2914.26
387.67	2921.22
387.88	2773.77
388.09	2701.27
388.31	2967.92
388.52	3025.26
388.73	3022.80
388.94	2583.31
389.16	3257.50
389.37	2880.67
389.58	2672.60
389.80	2537.84
390.01	2917.13
390.22	3230.88
390.43	2743.87
390.65	2761.07
390.86	3012.56
391.07	3221.86
391.29	2635.74
391.50	2346.15
391.71	3243.57
391.92	3214.90
392.14	2718.47
392.35	2808.17
392.56	2855.69
392.77	3163.70
392.99	2725.44
393.20	2496.88
393.41	2970.37
393.62	2994.54
393.84	2504.67
394.05	2660.31
394.26	3131.34
394.47	3363.58
394.69	2867.98
394.90	2899.10
395.11	3031.40
395.32	2988.81
395.54	2577.57
395.75	2480.09
395.96	2886.00
396.17	3420.93
396.39	2977.34
396.60	2551.36
396.81	3098.58
397.02	3051.06
397.24	2861.42
397.45	2960.13
397.66	2963.41
397.87	3250.95
398.09	2687.34
398.30	2482.55
398.51	3190.33
398.72	2905.25
398.94	2597.64
399.15	3109.64
399.36	3170.26
399.57	3215.31
399.79	2794.66
400.00	2978.57
400.21	2775.00
400.42	3164.11
400.63	2650.89
400.85	2890.91
401.06	3001.91
401.27	3105.95
401.48	3246.03
401.70	2695.95
401.91	3406.59
402.12	3246.85
402.33	2912.21
402.54	2556.27
402.76	3073.18
402.97	3336.96
403.18	2592.73
403.39	2608.70
403.60	3135.44
403.82	2972.83
404.03	2314.61
404.24	2588.22
404.45	3182.13
404.66	3431.99
404.88	2404.32
405.09	3051.88
405.30	3161.24
405.51	3075.23
405.73	2569.79
405.94	2499.75
406.15	3003.96
406.36	3006.83
406.57	2676.70
406.78	2564.88
407.00	3031.40
407.21	3285.76
407.42	2482.55
407.63	2951.53
407.84	3155.51
408.06	3075.64
408.27	2500.98
408.48	2632.46
408.69	3015.02
408.90	2902.38
409.12	2487.46
409.33	2600.51
409.54	2770.90
409.75	2987.99
409.96	2621.81
410.17	2798.34
410.39	2848.72
410.60	3430.76
410.81	2700.86
411.02	2868.39
411.23	4743.91
411.44	2835.21
411.66	2646.79
411.87	2966.69
412.08	3379.97
412.29	2833.98
412.50	2548.49
412.71	2559.14
412.93	2884.36
413.14	2962.18
413.35	2724.62
413.56	2619.76
413.77	3066.22
413.98	2977.75
414.20	2566.10
414.41	2716.02
414.62	2985.12
414.83	2841.76
415.04	2588.22
415.25	2716.02
415.46	3293.13
415.68	2987.58
415.89	2460.84
416.10	2757.79
416.31	2734.86
416.52	3149.37
416.73	2676.70
416.94	2599.28
417.16	3029.36
417.37	3049.43
417.58	2820.87
417.79	2508.35
418.00	3021.57
418.21	2951.12
418.42	2745.92
418.64	2600.51
418.85	2838.48
419.06	3091.61
419.27	2556.68
419.48	2715.20
419.69	3076.87
419.90	2836.03
420.11	2516.13
420.33	2535.39
420.54	3352.93
420.75	3209.58
420.96	2427.66
421.17	2773.77
421.38	3013.79
421.59	2847.50
421.80	2450.60
422.02	2635.74
422.23	3008.88
422.44	3259.96
422.65	2538.66
422.86	2635.33
423.07	2850.77
423.28	3070.72
423.49	2321.99
423.70	2687.34
423.92	2837.67
424.13	3253.81
424.34	2484.19
424.55	2493.61
424.76	3237.43
424.97	3329.18
425.18	2446.91
425.39	2756.57
425.60	2819.64
425.81	2939.24
426.03	2743.05
426.24	2585.77
426.45	3019.53
426.66	3425.84
426.87	2610.34
427.08	2870.02
427.29	3085.88
427.50	3051.88
427.71	2531.70
427.92	2608.70
428.13	2910.57
428.34	2913.85
428.56	2858.15
428.77	2747.55
428.98	3474.58
429.19	3138.72
429.40	2740.59
429.61	2651.30
429.82	3104.31
430.03	2926.55
430.24	2731.58
430.45	2390.39
430.66	3145.68
430.87	3005.19
431.08	2664.00
431.30	2482.14
431.51	3046.97
431.72	3076.46
431.93	2756.57
432.14	2547.67
432.35	3028.13
432.56	3374.64
432.77	2600.92
432.98	2664.41
433.19	2985.12
433.40	3061.71
433.61	2480.91
433.82	2666.86
434.03	2799.16
434.24	2933.92
434.45	3152.23
434.66	3044.92
434.87	3122.74
435.09	3012.97
435.30	2759.84
435.51	2859.78
435.72	3062.53
435.93	2795.48
436.14	2693.49
436.35	2617.30
436.56	3137.49
436.77	2984.30
436.98	2510.40
437.19	2815.14
437.40	3345.56
437.61	3060.89
437.82	2672.19
438.03	2617.71
438.24	2945.80
438.45	3103.49
438.66	2464.12
438.87	2487.05
439.08	2935.97
439.29	2927.78
439.50	2815.55
439.71	3087.52
439.92	2751.24
440.13	2712.74
440.34	2589.04
440.55	2799.98
440.76	2809.40
440.97	3144.86
441.18	2790.56
441.39	2554.23
441.60	2913.85
441.81	2827.84
442.02	2643.52
442.23	2641.06
442.44	3111.27
442.65	2852.00
442.86	2774.59
443.07	2817.19
443.28	2911.80
443.49	2958.09
443.70	2830.29
443.91	2576.34
444.12	2807.77
444.33	2888.46
444.54	2816.78
444.75	2718.06
444.96	3079.33
445.17	3155.10
445.38	2968.74
445.59	2703.32
445.80	2920.40
446.01	2794.66
446.22	3083.42
446.43	2605.84
446.64	2708.64
446.85	2883.54
447.06	2748.37
447.27	2716.84
447.48	3157.56
447.69	2848.72
447.90	2778.27
448.11	2424.79
448.32	2932.28
448.53	2799.16
448.74	2832.34
448.95	2716.43
449.16	2781.55
449.37	2948.26
449.58	2604.61
449.79	2556.68
450.00	2574.71
450.21	2774.18
450.42	2748.37
450.63	2656.63
450.84	2753.70
451.05	2670.96
451.26	2784.42
451.47	2760.66
451.68	2997.82
451.89	2844.22
452.10	2695.54
452.30	3008.47
452.51	2886.00
452.72	2635.33
452.93	2757.39
453.14	2805.72
453.35	2821.69
453.56	3062.12
453.77	2752.06
453.98	2616.08
454.19	3025.67
454.40	2814.73
454.61	2710.28
454.82	2734.04
455.03	2541.12
455.24	2749.60
455.45	2710.69
455.66	2960.95
455.87	2848.31
456.07	2705.78
456.28	2645.57
456.49	2485.82
456.70	2976.93
456.91	2796.71
457.12	2524.33
457.33	2607.88
457.54	2922.04
457.75	3038.78
457.96	3019.12
458.17	2740.59
458.38	2733.63
458.59	2616.48
458.79	2564.06
459.00	2460.43
459.21	2783.19
459.42	2696.36
459.63	2591.09
459.84	2494.43
460.05	3580.26
460.26	2892.14
460.47	2745.92
460.68	2553.00
460.89	2995.77
461.09	3009.69
461.30	2770.49
461.51	2597.64
461.72	3064.58
461.93	2902.38
462.14	2663.59
462.35	2432.58
462.56	2958.50
462.77	2548.49
462.98	2899.10
463.18	2707.01
463.39	2877.40
463.60	3085.88
463.81	2675.06
464.02	3081.78
464.23	2911.80
464.44	3410.28
464.65	2688.98
464.86	2513.27
465.06	2579.62
465.27	2727.48
465.48	2489.51
465.69	2660.72
465.90	2929.41
466.11	2762.71
466.32	2526.78
466.53	2533.34
466.74	2975.70
466.94	2874.94
467.15	2732.40
467.36	2546.03
467.57	3056.39
467.78	2879.03
467.99	2755.75
468.20	3095.71
468.40	2754.93
468.61	2678.74
468.82	2647.61
469.03	3068.27
469.24	3033.45
469.45	2755.75
469.66	2791.79
469.86	2594.37
470.07	2976.52
470.28	2773.36
470.49	2517.36
470.70	2638.60
470.91	2753.70
471.12	2897.47
471.32	2634.10
471.53	2642.70
471.74	2867.57
471.95	2876.58
472.16	2631.64
472.37	2736.50
472.58	2980.61
472.78	2660.31
472.99	2667.68
473.20	2714.79
473.41	2778.68
473.62	2647.20
473.83	3131.75
474.03	2899.92
474.24	2836.03
474.45	2874.12
474.66	2628.36
474.87	2750.83
475.08	2781.55
475.28	2978.57
475.49	2965.87
475.70	2621.81
475.91	2922.04
476.12	2879.44
476.32	2598.46
476.53	2724.62
476.74	2967.92
476.95	2810.22
477.16	2579.62
477.37	2810.22
477.57	2892.96
477.78	2772.54
477.99	2629.18
478.20	2674.65
478.41	3148.14
478.61	2951.53
478.82	2930.64
479.03	2685.71
479.24	2899.10
479.45	2835.62
479.65	2722.98
479.86	2840.12
480.07	2961.36
480.28	2727.89
480.49	3760.48
480.69	2619.76
480.90	2873.71
481.11	2784.42
481.32	2444.87
481.53	2743.46
481.73	2937.20
481.94	2820.46
482.15	2659.90
482.36	2704.55
482.57	2797.93
482.77	3153.87
482.98	2927.37
483.19	2702.91
483.40	2698.81
483.60	2804.49
483.81	2807.77
484.02	2832.34
484.23	2737.72
484.44	2606.25
484.64	2740.59
484.85	2696.77
485.06	2890.09
485.27	2784.83
485.47	2822.92
485.68	2724.21
485.89	2919.17
486.10	3163.70
486.31	3057.62
486.51	2727.08
486.72	2856.51
486.93	2834.80
487.14	2666.86
487.34	2526.78
487.55	2822.10
487.76	2913.85
487.97	2832.34
488.17	2657.85
488.38	2840.12
488.59	2817.60
488.80	2944.16
489.00	2838.08
489.21	3023.21
489.42	2763.53
489.63	2932.69
489.83	2818.41
490.04	2830.29
490.25	2746.33
490.46	2753.70
490.66	2888.46
490.87	2839.30
491.08	2682.84
491.29	2614.85
491.49	2665.64
491.70	2854.87
491.91	2855.28
492.11	2802.03
492.32	2765.58
492.53	2600.92
492.74	3062.12
492.94	3032.63
493.15	2827.84
493.36	2855.69
493.57	2760.25
493.77	2750.42
493.98	2915.08
494.19	3094.48
494.39	2886.41
494.60	2561.19
494.81	2615.67
495.02	3062.94
495.22	3054.75
495.43	2584.95
495.64	2461.66
495.84	2658.26
496.05	3228.83
496.26	2823.33
496.47	2892.55
496.67	3204.25
496.88	2893.78
497.09	2798.34
497.29	2512.86
497.50	2622.22
497.71	2981.84
497.91	2485.41
498.12	2911.39
498.33	2823.33
498.54	2934.33
498.74	2746.74
498.95	2574.30
499.16	2978.98
499.36	2756.98
499.57	2618.94
499.78	2627.13
499.98	2720.11
500.19	2724.62
500.40	2644.34
500.60	2962.59
500.81	2863.47
501.02	3001.09
501.22	3185.41
501.43	2560.78
501.64	2815.14
501.85	2982.66
502.05	3372.19
502.26	2634.10
502.47	3249.72
502.67	2747.55
502.88	2759.02
503.09	2918.77
503.29	2605.02
503.50	2791.79
503.71	3087.93
503.91	2687.34
504.12	2764.76
504.33	2683.25
504.53	2802.44
504.74	2769.67
504.95	3088.75
505.15	2804.90
505.36	2949.48
505.56	2671.78
505.77	3262.41
505.98	2620.17
506.18	3087.93
506.39	2593.14
506.60	2658.67
506.80	2979.79
507.01	2755.75
507.22	2774.59
507.42	3045.74
507.63	2646.79
507.84	2903.61
508.04	2490.33
508.25	3071.54
508.45	3283.30
508.66	2747.55
508.87	2578.80
509.07	2912.62
509.28	2829.88
509.49	2712.33
509.69	2965.87
509.90	2870.43
510.11	2708.64
510.31	2691.85
510.52	2653.35
510.72	2780.73
510.93	2805.72
511.14	2560.37
511.34	2570.61
511.55	2729.53
511.76	3292.72
511.96	3205.48
512.17	2790.15
512.37	2990.85
512.58	2784.42
512.79	2620.17
512.99	2769.67
513.20	2856.92
513.40	3009.69
513.61	2856.51
513.82	2643.11
514.02	2641.06
514.23	2777.46
514.43	3172.30
514.64	2810.22
514.85	2926.55
515.05	3026.49
515.26	2758.61
515.46	2914.67
515.67	3050.65
515.88	2683.66
516.08	3235.79
516.29	2729.12
516.49	2842.17
516.70	2813.50
516.91	2756.98
517.11	2820.46
517.32	2818.82
517.52	2980.20
517.73	2703.32
517.93	2975.29
518.14	2969.96
518.35	2688.16
518.55	2534.16
518.76	2961.77
518.96	3115.37
519.17	2563.65
519.38	2787.70
519.58	2992.49
519.79	2841.76
519.99	2815.14
520.20	2713.15
520.40	2706.19
520.61	2789.33
520.82	3209.99
521.02	3027.72
521.23	2861.01
521.43	2984.71
521.64	2693.90
521.84	2723.80
522.05	2715.20
522.25	2599.28
522.46	2678.74
522.67	2794.66
522.87	3055.57
523.08	3113.73
523.28	2792.61
523.49	3182.95
523.69	2788.92
523.90	2838.48
524.10	2992.08
524.31	2737.72
524.51	2994.95
524.72	3017.48
524.93	2955.22
525.13	2719.70
525.34	2738.95
525.54	2889.27
525.75	3066.22
525.95	2549.31
526.16	3031.81
526.36	2935.15
526.57	3050.65
526.77	2455.10
526.98	3191.96
527.18	2750.42
527.39	2726.26
527.59	3074.82
527.80	2763.94
528.00	2974.47
528.21	2938.02
528.42	2844.63
528.62	2815.14
528.83	2788.10
529.03	3374.23
529.24	2962.59
529.44	2636.15
529.65	2969.55
529.85	2880.67
530.06	3205.07
530.26	2837.26
530.47	3042.87
530.67	3172.71
530.88	2678.33
531.08	2877.40
531.29	2794.66
531.49	2773.36
531.70	2929.82
531.90	2521.46
532.11	2786.47
532.31	2926.14
532.52	2913.85
532.72	2529.65
532.93	2972.83
533.13	2647.20
533.34	2676.70
533.54	2914.67
533.75	2659.08
533.95	2711.92
534.16	2701.27
534.36	2800.39
534.57	2917.54
534.77	3089.57
534.97	2984.30
535.18	2667.68
535.38	2786.88
535.59	2691.85
535.79	2727.48
536.00	2677.51
536.20	2784.42
536.41	2521.05
536.61	2811.45
536.82	2696.36
537.02	2757.39
537.23	2929.82
537.43	2931.87
537.64	2659.49
537.84	2966.28
538.05	2883.95
538.25	2987.99
538.45	2727.89
538.66	2908.93
538.86	2763.53
539.07	2622.22
539.27	2736.50
539.48	2772.54
539.68	2948.67
539.89	2738.95
540.09	3252.99
540.29	2961.77
540.50	2571.43
540.70	2953.99
540.91	2738.54
541.11	3005.60
541.32	2708.64
541.52	2865.52
541.73	2742.64
541.93	2659.08
542.13	2941.70
542.34	2623.86
542.54	2796.30
542.75	2871.25
542.95	3459.43
543.16	2768.85
543.36	2883.54
543.56	2822.10
543.77	2934.33
543.97	2975.70
544.18	2836.03
544.38	2845.04
544.59	2762.71
544.79	2682.43
544.99	3151.82
545.20	3291.09
545.40	2744.69
545.61	2752.06
545.81	2893.78
546.01	3181.72
546.22	2915.08
546.42	2826.61
546.63	2687.34
546.83	2968.33
547.04	2841.76
547.24	2883.54
547.44	2648.02
547.65	2915.08
547.85	2659.49
548.06	2607.06
548.26	2718.47
548.46	3421.75
548.67	2858.15
548.87	2826.20
549.08	2713.97
549.28	2761.89
549.48	2813.50
549.69	3069.50
549.89	2612.39
550.09	3140.76
550.30	3155.51
550.50	2573.48
550.71	2681.20
550.91	2874.53
551.11	2547.67
551.32	3057.21
551.52	2634.92
551.73	3033.04
551.93	2670.14
552.13	3123.15
552.34	3104.72
552.54	2679.15
552.74	2881.08
552.95	2728.30
553.15	2829.88
553.35	2945.39
553.56	2896.65
553.76	3046.97
553.97	2819.64
554.17	2954.81
554.37	2791.79
554.58	2967.51
554.78	2839.71
554.98	2875.35
555.19	2765.58
555.39	2841.35
555.59	2623.86
555.80	2851.59
556.00	2835.21
556.20	2856.92
556.41	2846.27
556.61	2730.76
556.82	2691.03
557.02	2951.12
557.22	2802.44
557.43	2643.11
557.63	2883.54
557.83	2825.38
558.04	3221.45
558.24	2781.55
558.44	2955.63
558.65	2696.36
558.85	2549.72
559.05	2820.46
559.26	2773.36
559.46	2640.24
559.66	2643.52
559.87	2738.13
560.07	2954.40
560.27	3208.35
560.48	3153.87
560.68	2978.16
560.88	2730.76
561.08	2974.06
561.29	3055.16
561.49	2701.68
561.69	2738.95
561.90	3160.83
562.10	2839.71
562.30	3300.51
562.51	2896.65
562.71	2803.26
562.91	3198.11
563.12	2787.29
563.32	2754.52
563.52	2979.79
563.72	2835.62
563.93	2843.81
564.13	2773.77
564.33	3224.73
564.54	2905.66
564.74	2826.61
564.94	2901.97
565.15	2738.13
565.35	2830.70
565.55	3141.58
565.75	2654.58
565.96	2872.48
566.16	2943.34
566.36	2802.85
566.57	2754.11
566.77	3243.16
566.97	2909.75
567.17	3090.38
567.38	2729.94
567.58	2873.30
567.78	2900.74
567.99	3291.90
568.19	2828.65
568.39	2999.05
568.59	3103.08
568.80	2979.38
569.00	3075.23
569.20	2912.62
569.40	2784.42
569.61	3125.61
569.81	2978.57
570.01	2849.95
570.21	2706.19
570.42	3246.44
570.62	2719.70
570.82	2692.26
571.02	2642.70
571.23	2776.64
571.43	3153.87
571.63	2772.95
571.84	2560.37
572.04	2643.93
572.24	3073.59
572.44	2993.31
572.64	2822.92
572.85	2801.62
573.05	3016.25
573.25	3286.58
573.45	2494.02
573.66	3442.64
573.86	2761.48
574.06	2896.65
574.26	3011.74
574.47	2832.75
574.67	3076.46
574.87	2629.59
575.07	2842.99
575.28	2820.87
575.48	2874.94
575.68	2946.62
575.88	2771.31
576.08	3114.96
576.29	2845.04
576.49	2921.63
576.69	3034.27
576.89	2761.89
577.10	2879.03
577.30	3111.68
577.50	2880.67
577.70	2713.15
577.90	3172.71
578.11	3041.23
578.31	2618.12
578.51	3033.86
578.71	2648.02
578.91	2983.89
579.12	2966.28
579.32	2986.76
579.52	4695.58
579.72	2809.40
579.92	2857.33
580.13	3011.33
580.33	3258.32
580.53	2947.44
580.73	2759.43
580.93	2984.30
581.14	2845.86
581.34	3047.38
581.54	2721.34
581.74	2966.69
581.94	2824.56
582.15	3128.89
582.35	2678.33
582.55	2912.21
582.75	3426.66
582.95	2881.90
583.15	3188.69
583.36	3132.57
583.56	2946.62
583.76	2805.31
583.96	2999.05
584.16	3016.25
584.37	2858.15
584.57	2970.37
584.77	2641.06
584.97	2889.68
585.17	2839.30
585.37	2956.86
585.57	3054.34
585.78	2588.22
585.98	2864.70
586.18	2858.15
586.38	2791.79
586.58	2645.16
586.78	2793.84
586.99	2799.16
587.19	3014.20
587.39	2846.68
587.59	2711.10
587.79	2815.55
587.99	2950.71
588.19	2897.47
588.40	2994.54
588.60	2691.44
588.80	3282.07
589.00	2704.55
589.20	2952.35
589.40	3193.60
589.60	2722.98
589.81	2858.15
590.01	2774.18
590.21	3248.90
590.41	2750.42
590.61	2887.23
590.81	2741.82
591.01	3214.49
591.22	2812.27
591.42	3374.23
591.62	3017.48
591.82	2933.92
592.02	2994.13
592.22	2917.54
592.42	3558.96
592.62	2930.23
592.82	2892.14
593.03	3128.89
593.23	2872.89
593.43	3108.82
593.63	2845.04
593.83	2820.87
594.03	3202.61
594.23	3078.51
594.43	2740.59
594.63	2731.58
594.84	2901.97
595.04	3115.37
595.24	3044.92
595.44	2748.78
595.64	2978.98
595.84	3032.22
596.04	2968.33
596.24	2858.15
596.44	2905.66
596.64	2701.68
596.84	2814.32
597.05	2891.32
597.25	3066.22
597.45	3061.71
597.65	2786.06
597.85	2849.54
598.05	2907.30
598.25	2728.71
598.45	2758.20
598.65	2890.50
598.85	2785.24
599.05	3316.48
599.25	2855.28
599.46	2611.57
599.66	3052.70
599.86	2814.32
600.06	3004.37
600.26	2839.71
600.46	2850.77
600.66	3141.17
600.86	3079.33
601.06	2851.18
601.26	2776.64
601.46	3111.68
601.66	2899.51
601.86	2738.13
602.06	2931.05
602.26	2749.19
602.46	2654.17
602.66	2750.01
602.87	2850.36
603.07	3037.96
603.27	2883.95
603.47	2826.61
603.67	3449.19
603.87	3263.64
604.07	2865.11
604.27	3048.20
604.47	2846.27
604.67	2715.20
604.87	2896.24
605.07	2827.43
605.27	2899.51
605.47	2745.10
605.67	2902.38
605.87	2876.17
606.07	3182.54
606.27	2810.63
606.47	2816.78
606.67	2688.57
606.87	2713.97
607.07	2935.97
607.27	2765.17
607.47	2901.15
607.67	2941.29
607.87	2750.42
608.07	3001.50
608.27	3016.25
608.47	2674.24
608.67	3153.46
608.87	2877.81
609.07	3096.12
609.27	2798.34
609.47	2967.10
609.67	2933.92
609.87	3015.84
610.07	2916.31
610.27	5277.21
610.47	2818.82
610.67	3009.29
610.87	2796.30
611.07	3317.71
611.27	2806.54
611.47	2982.25
611.67	3057.62
611.87	2810.22
612.07	2751.24
612.27	2892.14
612.47	2752.88
612.67	2870.84
612.87	2959.72
613.07	2760.25
613.27	2784.42
613.47	2960.54
613.67	2876.58
613.87	2985.94
614.07	2785.65
614.27	2733.63
614.47	2870.84
614.67	2935.97
614.87	2819.23
615.07	2833.57
615.27	2795.07
615.47	2812.68
615.67	3069.50
615.87	2696.77
616.07	2949.48
616.27	2947.03
616.47	2755.34
616.67	2718.88
616.87	2879.85
617.07	2654.99
617.27	2914.67
617.47	2839.30
617.66	2924.50
617.86	2878.62
618.06	2743.46
618.26	2704.14
618.46	2948.26
618.66	3161.65
618.86	3121.92
619.06	2893.37
619.26	2990.44
619.46	2829.88
619.66	3055.16
619.86	3003.96
620.06	2929.00
620.26	3112.50
620.46	3828.88
620.66	3435.67
620.85	3077.69
621.05	3278.39
621.25	2967.51
621.45	2835.62
621.65	3122.33
621.85	2828.65
622.05	3104.31
622.25	2795.07
622.45	2823.33
622.65	2833.98
622.85	2734.86
623.05	2940.06
623.25	2982.25
623.44	3176.81
623.64	2623.45
623.84	2861.01
624.04	2660.31
624.24	2963.00
624.44	2983.89
624.64	2939.65
624.84	2916.31
625.04	2806.13
625.24	2808.99
625.43	2808.17
625.63	3141.99
625.83	2886.00
626.03	2694.72
626.23	2923.27
626.43	2872.48
626.63	2747.55
626.83	2930.64
627.03	3022.39
627.22	2770.90
627.42	2879.03
627.62	2628.36
627.82	2884.77
628.02	2808.99
628.22	2726.26
628.42	2849.13
628.62	2621.40
628.82	2709.46
629.01	3354.57
629.21	2707.41
629.41	3110.86
629.61	2971.19
629.81	2850.77
630.01	3045.74
630.21	3168.21
630.40	3042.05
630.60	3049.02
630.80	2987.17
631.00	3064.17
631.20	3022.80
631.40	2893.78
631.60	2919.99
631.79	2768.44
631.99	3032.63
632.19	2955.63
632.39	2913.03
632.59	3018.30
632.79	2856.51
632.99	4937.65
633.18	2903.61
633.38	2886.00
633.58	2944.98
633.78	2850.77
633.98	2765.99
634.18	2820.05
634.37	3528.65
634.57	2982.66
634.77	3920.22
634.97	2820.05
635.17	2996.18
635.37	3279.62
635.56	2778.27
635.76	3131.34
635.96	2861.83
636.16	2904.02
636.36	2844.63
636.56	2758.61
636.75	2838.48
636.95	3014.61
637.15	2808.58
637.35	2873.71
637.55	3150.60
637.74	3047.79
637.94	2779.50
638.14	2965.05
638.34	2932.69
638.54	2526.78
638.73	2946.62
638.93	2987.17
639.13	2972.01
639.33	3003.55
639.53	2754.93
639.73	2783.60
639.92	2876.17
640.12	2743.46
640.32	2723.80
640.52	3005.19
640.71	2721.34
640.91	2930.23
641.11	2845.04
641.31	2817.60
641.51	2829.88
641.70	3004.78
641.90	3056.39
642.10	2933.10
642.30	2992.49
642.50	2968.33
642.69	2916.72
642.89	2768.03
643.09	2903.20
643.29	2972.01
643.48	2985.94
643.68	2976.52
643.88	3173.53
644.08	2594.78
644.28	2976.11
644.47	3033.04
644.67	2650.48
644.87	2709.87
645.07	2913.44
645.26	2781.55
645.46	2750.01
645.66	2817.19
645.86	2940.88
646.05	3186.64
646.25	2950.71
646.45	3053.11
646.65	2987.58
646.84	2980.61
647.04	2773.36
647.24	2895.83
647.44	2922.04
647.63	2937.61
647.83	3046.15
648.03	2975.70
648.23	2837.26
648.42	2926.55
648.62	2667.68
648.82	2585.77
649.02	2832.34
649.21	2897.88
649.41	3145.68
649.61	3115.37
649.80	2612.80
650.00	3268.15
650.20	2864.70
650.40	2814.32
650.59	3187.05
650.79	2788.92
650.99	3368.50
651.18	2836.85
651.38	2745.10
651.58	2952.76
651.78	2978.16
651.97	2917.13
652.17	2841.76
652.37	3009.29
652.56	2979.38
652.76	2997.82
652.96	2743.87
653.16	3085.47
653.35	3051.47
653.55	3106.77
653.75	2701.68
653.94	3124.79
654.14	2838.08
654.34	2944.98
654.54	2685.30
654.73	3143.22
654.93	2883.54
655.13	3050.24
655.32	2947.03
655.52	2909.34
655.72	2925.73
655.91	2786.88
656.11	2627.95
656.31	2989.62
656.50	2931.05
656.70	2822.51
656.90	2649.25
657.09	3083.01
657.29	2899.92
657.49	2807.36
657.68	2580.44
657.88	2935.56
658.08	2836.44
658.27	3193.19
658.47	2904.02
658.67	3003.14
658.86	2877.40
659.06	2915.49
659.26	2792.20
659.45	2768.44
659.65	2865.52
659.85	2929.00
660.04	2846.27
660.24	2839.71
660.44	2807.77
660.63	2867.57
660.83	3034.68
661.03	3079.74
661.22	2758.61
661.42	3024.85
661.62	2868.79
661.81	3008.06
662.01	2657.85
662.21	2682.02
662.40	2697.99
662.60	3277.16
662.79	2661.13
662.99	3095.30
663.19	2802.44
663.38	3024.44
663.58	2959.72
663.78	3077.28
663.97	2864.70
664.17	3041.23
664.36	2811.45
664.56	3033.45
664.76	2669.32
664.95	2862.24
665.15	2951.12
665.35	2932.28
665.54	3195.65
665.74	3079.74
665.93	3244.80
666.13	2840.94
666.33	2896.24
666.52	2889.27
666.72	3007.24
666.91	2707.82
667.11	2727.08
667.31	2997.00
667.50	2735.68
667.70	3051.06
667.89	2949.08
668.09	3194.83
668.29	2888.86
668.48	2806.95
668.68	3460.66
668.87	2892.96
669.07	2693.08
669.27	3060.89
669.46	2612.39
669.66	2778.68
669.85	2603.38
670.05	3031.81
670.25	2775.82
670.44	2755.75
670.64	2962.59
670.83	3111.68
671.03	2898.29
671.22	2956.45
671.42	2965.05
671.62	2666.05
671.81	2788.10
672.01	3010.92
672.20	2796.30
672.40	2904.43
672.59	3200.98
672.79	3036.32
672.99	2739.77
673.18	3093.66
673.38	3008.88
673.57	3168.62
673.77	2967.51
673.96	2762.30
674.16	2829.88
674.36	3132.16
674.55	2868.39
674.75	3026.49
674.94	2768.03
675.14	3016.66
675.33	3055.57
675.53	2941.70
675.72	2663.18
675.92	3368.50
676.11	3042.87
676.31	2773.77
676.50	2819.23
676.70	3084.65
676.90	2816.37
677.09	3004.37
677.29	2900.33
677.48	2932.28
677.68	2890.50
677.87	2778.68
678.07	2858.55
678.26	3026.49
678.46	2874.12
678.65	2858.55
678.85	2824.15
679.04	3094.07
679.24	2749.19
679.43	2766.40
679.63	2546.85
679.82	3319.76
680.02	3422.57
680.21	2929.82
680.41	2586.99
680.60	3118.65
680.80	3368.50
680.99	3044.51
681.19	3110.05
681.38	3081.37
681.58	2833.57
681.77	3255.86
681.97	2721.75
682.16	3153.46
682.36	3146.50
682.55	2889.27
682.75	2673.42
682.94	3050.24
683.14	2928.60
683.33	2575.94
683.53	3135.44
683.72	3105.13
683.92	2935.56
684.11	3196.47
684.31	2722.16
684.50	2864.29
684.70	2823.33
684.89	2797.93
685.09	2548.90
685.28	2795.07
685.48	2757.79
685.67	2822.10
685.87	2713.97
686.06	2971.60
686.26	3015.43
686.45	2793.02
686.64	2628.77
686.84	2836.85
687.03	3024.44
687.23	2808.99
687.42	2874.53
687.62	2808.99
687.81	3053.93
688.01	2888.05
688.20	2908.93
688.40	3262.41
688.59	3069.50
688.78	2985.12
688.98	2956.45
689.17	3175.99
689.37	2844.63
689.56	2830.29
689.76	3010.51
689.95	3188.28
690.15	2793.84
690.34	3160.02
690.53	2760.25
690.73	2828.65
690.92	2745.51
691.12	2874.12
691.31	3040.82
691.51	3157.97
691.70	3122.33
691.89	2754.11
692.09	2609.11
692.28	2987.58
692.48	2986.35
692.67	3036.32
692.87	2847.50
693.06	2845.04
693.25	2795.07
693.45	2845.04
693.64	2917.95
693.84	3112.91
694.03	2860.60
694.22	2813.50
694.42	2702.91
694.61	2840.53
694.81	4446.96
695.00	2869.61
695.19	2747.96
695.39	3158.38
695.58	3001.09
695.78	2915.08
695.97	2814.32
696.16	3334.91
696.36	3156.74
696.55	2881.49
696.75	2670.96
696.94	2759.84
697.13	3335.32
697.33	2757.39
697.52	2894.60
697.71	2944.57
697.91	3079.33
698.10	3388.57
698.30	2748.37
698.49	3137.90
698.68	2722.98
698.88	2801.62
699.07	2798.34
699.26	3513.90
699.46	2883.54
699.65	3061.30
699.85	2931.05
700.04	2807.77
700.23	2627.13
700.43	2924.50
700.62	2762.30
700.81	2997.00
701.01	2788.10
701.20	2901.15
701.39	2835.21
701.59	2947.03
701.78	2859.37
701.98	2782.37
702.17	2765.99
702.36	2984.71
702.56	3094.89
702.75	2844.63
702.94	2904.84
703.14	4533.79
703.33	2917.54
703.52	6592.00
703.72	2645.98
703.91	3073.18
704.10	2751.65
704.30	2771.72
704.49	2648.43
704.68	2890.91
704.88	3299.28
705.07	3172.30
705.26	2781.55
705.46	2842.58
705.65	2859.37
705.84	2702.91
706.03	2822.51
706.23	2913.03
706.42	2851.59
706.61	2836.03
706.81	3117.42
707.00	3167.80
707.19	2838.48
707.39	3054.75
707.58	2591.50
707.77	2858.55
707.97	3287.40
708.16	2942.52
708.35	2911.39
708.55	2861.01
708.74	2852.41
708.93	3230.06
709.12	2865.93
709.32	3034.68
709.51	3156.74
709.70	3049.43
709.90	2999.05
710.09	2907.71
710.28	2938.43
710.47	2720.11
710.67	2796.30
710.86	3238.66
711.05	2680.38
711.25	2716.43
711.44	2534.98
711.63	3028.13
711.82	3113.73
712.02	3552.00
712.21	2802.85
712.40	2998.23
712.59	3220.23
712.79	3129.30
712.98	2788.51
713.17	3191.14
713.37	2928.19
713.56	2703.73
713.75	2688.57
713.94	2989.62
714.14	2821.69
714.33	3068.68
714.52	2684.89
714.71	2878.22
714.91	2907.30
715.10	3112.09
715.29	2693.08
715.48	2897.06
715.68	3139.13
715.87	2748.78
716.06	2918.77
716.25	2930.23
716.45	2953.17
716.64	2949.08
716.83	2880.67
717.02	3301.33
717.21	3015.84
717.41	3327.95
717.60	3158.38
717.79	2782.37
717.98	2796.30
718.18	2898.29
718.37	2745.51
718.56	3467.21
718.75	3210.40
718.94	2881.08
719.14	2645.16
719.33	3034.27
719.52	2947.44
719.71	2794.66
719.91	2695.13
720.10	3397.17
720.29	2966.28
720.48	2729.53
720.67	2926.55
720.87	3415.60
721.06	2716.02
721.25	3065.81
721.44	2569.79
721.63	3080.14
721.83	3202.20
722.02	2614.03
722.21	2815.14
722.40	2942.93
722.59	3065.81
722.79	2906.89
722.98	3029.76
723.17	2819.64
723.36	2785.65
723.55	2666.86
723.74	2579.21
723.94	3076.05
724.13	2819.64
724.32	2749.19
724.51	2876.58
724.70	3012.97
724.90	2852.82
725.09	3126.02
725.28	2953.58
725.47	2937.20
725.66	2976.11
725.85	2821.28
726.05	2960.95
726.24	2990.03
726.43	2950.30
726.62	3068.27
726.81	2684.89
727.00	2848.72
727.20	3089.16
727.39	2918.77
727.58	2707.41
727.77	2777.46
727.96	2838.89
728.15	3178.04
728.34	2872.07
728.54	2918.36
728.73	3140.76
728.92	2846.27
729.11	2827.43
729.30	2777.86
729.49	3063.35
729.68	2987.58
729.88	2854.87
730.07	2600.92
730.26	2685.30
730.45	3254.22
730.64	3375.46
730.83	2727.48
731.02	2466.98
731.21	3151.00
731.41	2997.41
731.60	2477.63
731.79	2786.06
731.98	3303.37
732.17	3190.74
732.36	2496.06
732.55	2406.36
732.74	3317.30
732.93	3045.33
733.13	2651.30
733.32	2637.78
733.51	2948.67
733.70	3402.50
733.89	2740.59
734.08	2757.39
734.27	2848.31
734.46	3179.68
734.65	2593.55
734.85	2724.62
735.04	2974.88
735.23	3192.78
735.42	2761.07
735.61	2245.39
735.80	2979.38
735.99	3232.51
736.18	3350.07
736.37	2422.75
736.56	3271.43
736.75	2863.47
736.94	2575.53
737.14	2458.38
737.33	3027.31
737.52	2845.04
737.71	2786.88
737.90	2719.70
738.09	3187.46
738.28	3002.32
738.47	2849.13
738.66	2767.22
738.85	3200.16
739.04	2954.40
739.23	2822.51
739.42	2296.18
739.61	3050.65
739.80	2854.87
740.00	2587.81
740.19	2560.37
740.38	2894.19
740.57	2833.98
740.76	2533.75
740.95	2594.37
741.14	3320.17
741.33	3498.75
741.52	2777.46
741.71	2539.07
741.90	3196.88
742.09	3222.68
742.28	2535.79
742.47	2365.81
742.66	2937.61
742.85	2799.98
743.04	2473.95
743.23	2730.76
743.42	3053.11
743.61	2886.82
743.80	2518.18
743.99	2417.83
744.18	3109.64
744.37	2999.46
744.56	2544.40
744.75	2422.34
744.94	3200.98
745.13	3057.62
745.32	2287.58
745.51	2574.30
745.71	3068.68
745.90	2942.11
746.09	2629.59
746.28	2620.99
746.47	3035.50
746.66	3161.65
746.85	2745.10
747.04	2528.01
747.23	2929.41
747.42	3301.74
747.61	2388.75
747.80	2898.29
747.99	3128.48
748.18	2777.86
748.36	2417.83
748.55	2929.82
748.74	3339.42
748.93	3171.07
749.12	2535.79
749.31	2604.61
749.50	2965.05
749.69	3156.74
749.88	2552.59
750.07	2392.03
750.26	3295.59
750.45	2879.44
750.64	2290.45
750.83	2470.67
751.02	2947.85
751.21	3125.61
751.40	2662.77
751.59	2670.14
751.78	3182.95
751.97	3127.25
752.16	2813.50
752.35	2688.57
752.54	3108.00
752.73	3085.88
752.92	2521.05
753.11	2838.08
753.30	2846.27
753.49	2663.59
753.68	2711.51
753.87	2632.46
754.05	3210.40
754.24	2906.48
754.43	2849.13
754.62	2499.34
754.81	3675.28
755.00	3238.66
755.19	2570.61
755.38	2823.74
755.57	3173.53
755.76	3200.16
755.95	2790.97
756.14	2389.98
756.33	3171.89
756.52	2990.44
756.70	2642.70
756.89	2674.65
757.08	3260.78
757.27	3117.42
757.46	2651.30
757.65	2423.16
757.84	3240.30
758.03	2795.07
758.22	2536.61
758.41	2561.19
758.60	2806.13
758.79	3015.43
758.97	2749.60
759.16	2842.17
759.35	3059.26
759.54	2989.62
759.73	2498.11
759.92	2544.40
760.11	2830.70
760.30	3028.13
760.49	2548.08
760.67	2515.32
760.86	3121.10
761.05	3394.30
761.24	2567.33
761.43	2337.55
761.62	3076.05
761.81	3019.12
762.00	2612.80
762.19	2437.08
762.37	3178.04
762.56	3245.21
762.75	2317.07
762.94	2632.46
763.13	2790.56
763.32	2994.54
763.51	2406.77
763.70	2401.04
763.88	3310.34
764.07	3003.55
764.26	2684.89
764.45	2373.60
764.64	3153.87
764.83	3294.77
765.02	2648.02
765.20	2645.57
765.39	3078.10
765.58	3408.64
765.77	2759.84
765.96	3062.53
766.15	2994.13
766.33	2977.34
766.52	2740.18
766.71	2528.42
766.90	3413.14
767.09	2980.61
767.28	2314.61
767.46	2523.92
767.65	2906.89
767.84	3032.63
768.03	2607.88
768.22	2434.63
768.41	2790.97
768.59	2933.92
768.78	2532.93
768.97	2620.99
769.16	3340.24
769.35	2905.25
769.54	2564.88
769.72	2497.29
769.91	3035.09
770.10	3393.89
770.29	2449.78
770.48	2669.73
770.66	3124.79
770.85	3083.42
771.04	2653.35
771.23	2416.60
771.42	3275.93
771.60	3200.16
771.79	2598.87
771.98	2582.49
772.17	3163.29
772.36	3239.89
772.54	2423.16
772.73	2603.38
772.92	3200.98
773.11	2803.67
773.30	2646.39
773.48	2415.37
773.67	2981.84
773.86	2928.60
774.05	2441.59
774.23	2784.01
774.42	3167.80
774.61	3254.63
774.80	2543.17
774.99	2464.94
775.17	3150.19
775.36	3012.56
775.55	2610.34
775.74	2584.54
775.92	3174.76
776.11	2897.88
776.30	2940.06
776.49	2463.71
776.67	2938.43
776.86	2752.06
777.05	2529.24
777.24	2383.43
777.42	3056.80
777.61	2831.11
777.80	2845.45
777.99	2494.43
778.17	2969.96
778.36	2987.17
778.55	2517.77
778.74	2676.70
778.92	2949.48
779.11	3216.54
779.30	2597.23
779.49	2517.77
779.67	3088.34
779.86	2990.85
780.05	2468.62
780.24	2390.39
780.42	3075.23
780.61	3017.89
780.80	2607.88
780.98	2362.54
781.17	2970.37
781.36	2943.34
781.55	2743.46
781.73	2464.53
781.92	3093.25
782.11	3045.33
782.29	2509.58
782.48	2553.82
782.67	3302.55
782.86	3128.07
783.04	2589.45
783.23	2568.15
783.42	3134.21
783.60	3177.22
783.79	2554.64
783.98	2496.47
784.16	3157.97
784.35	3074.82
784.54	2669.73
784.73	2416.19
784.91	3074.00
785.10	2850.77
785.29	2524.33
785.47	2770.08
785.66	3193.60
785.85	2849.13
786.03	2548.08
786.22	2432.99
786.41	3238.25
786.59	3062.53
786.78	2402.27
786.97	2478.45
787.15	3085.88
787.34	3000.27
787.53	2558.73
787.71	2580.44
787.90	3004.78
788.09	3082.60
788.27	2833.57
788.46	2538.25
788.65	3134.62
788.83	3049.84
789.02	2328.54
789.21	2401.04
789.39	2861.01
789.58	3190.74
789.77	2514.91
789.95	2419.88
790.14	3313.61
790.33	2888.46
790.51	2283.49
790.70	2780.73
790.88	2995.77
791.07	3024.85
791.26	3051.06
791.44	2500.16
791.63	2940.88
791.82	3107.59
792.00	2420.70
792.19	2599.69
792.38	3366.04
792.56	3031.40
792.75	2667.68
792.93	2630.41
793.12	3167.39
793.31	3019.12
793.49	2750.83
793.68	2533.34
793.86	2930.23
794.05	3284.53
794.24	2562.01
794.42	2623.45
794.61	3048.61
794.80	2912.21
794.98	2876.17
795.17	2626.72
795.35	3227.60
795.54	3026.08
795.73	2683.25
795.91	3234.15
796.10	3117.42
796.28	3126.84
796.47	2405.13
796.66	2415.37
796.84	3513.90
797.03	3020.34
797.21	2383.84
797.40	2682.43
797.58	3260.78
797.77	2950.71
797.96	2808.17
798.14	3080.96
798.33	3352.12
798.51	3146.50
798.70	2380.15
798.88	2645.16
799.07	3005.19
799.26	3082.19
799.44	2677.10
799.63	2577.98
799.81	2839.71
800.00	3034.27
800.18	2913.03
800.37	2665.64
800.56	2862.65
800.74	3020.75
800.93	2553.00
801.11	2617.30
801.30	3088.34
801.48	2973.24
801.67	2701.68
801.85	2680.79
802.04	3126.02
802.22	2929.41
802.41	2618.12
802.60	2824.97
802.78	3167.80
802.97	2867.57
803.15	2694.72
803.34	2652.12
803.52	3063.35
803.71	3129.30
803.89	2340.83
804.08	2915.49
804.26	3263.23
804.45	2947.85
804.63	2714.79
804.82	2627.95
805.00	2999.86
805.19	3375.46
805.37	2527.60
805.56	2605.02
805.74	3400.86
805.93	2899.51
806.11	2790.97
806.30	2482.96
806.48	2948.26
806.67	3102.26
806.85	2691.44
807.04	2563.65
807.22	2927.78
807.41	3025.26
807.59	2952.35
807.78	2514.50
807.96	3325.08
808.15	3026.08
808.33	2814.73
808.52	2932.69
808.70	3229.65
808.89	3164.11
809.07	3164.93
809.26	2629.59
809.44	2986.76
809.63	3206.71
809.81	3047.38
810.00	2754.11
810.18	3117.42
810.37	3041.23
810.55	2838.08
810.74	2758.20
810.92	3345.56
811.11	3309.11
811.29	2316.66
811.48	2605.43
811.66	2866.34
811.84	2855.69
812.03	2775.82
812.21	2820.05
812.40	2974.47
812.58	2766.40
812.77	2863.47
812.95	2589.86
813.14	2981.02
813.32	2877.81
813.51	2651.71
813.69	2634.51
813.87	2883.13
814.06	3042.87
814.24	2698.81
814.43	2401.45
814.61	3096.53
814.80	3144.86
814.98	2529.65
815.16	2605.43
815.35	3237.43
815.53	3437.31
815.72	2675.06
815.90	2624.68
816.09	3008.88
816.27	3069.09
816.45	2750.01
816.64	2650.48
816.82	3427.89
817.01	2791.79
817.19	2556.27
817.37	2783.60
817.56	3169.44
817.74	2821.28
817.93	2935.97
818.11	2711.10
818.30	2969.55
818.48	2785.24
818.66	2721.34
818.85	2657.44
819.03	3033.45
819.21	2874.12
819.40	2813.50
819.58	3198.11
819.77	3042.05
819.95	3029.36
820.13	3048.61
820.32	2440.77
820.50	3291.90
820.69	3309.52
820.87	2669.73
821.05	2548.49
821.24	3071.13
821.42	3091.20
821.60	2613.62
821.79	2910.98
821.97	3106.77
822.16	3359.08
822.34	2603.79
822.52	2724.21
822.71	3336.14
822.89	3145.27
823.07	2849.54
823.26	2621.81
823.44	2938.84
823.62	2864.29
823.81	2797.93
823.99	2439.95
824.18	3127.25
824.36	2901.97
824.54	2833.57
824.73	2824.56
824.91	3368.91
825.09	3129.71
825.28	2969.55
825.46	2919.58
825.64	3279.21
825.83	2973.65
826.01	2824.97
826.19	2611.16
826.38	2972.42
826.56	3026.08
826.74	2606.25
826.93	2668.50
827.11	3018.30
827.29	3073.18
827.48	2688.98
827.66	2653.35
827.84	3134.62
828.03	2947.44
828.21	2468.62
828.39	2433.40
828.57	3280.85
828.76	3171.07
828.94	2632.87
829.12	2998.64
829.31	3022.39
829.49	3007.65
829.67	2556.27
829.86	2626.32
830.04	2927.37
830.22	3096.94
830.40	2619.35
830.59	2685.30
830.77	3130.93
830.95	3111.27
831.14	2990.03
831.32	2521.05
831.50	2935.97
831.69	3025.67
831.87	2921.63
832.05	2748.37
832.23	3021.57
832.42	3230.88
832.60	2582.49
832.78	2548.90
832.96	4465.39
833.15	3209.58
833.33	2632.05
833.51	2935.97
833.70	3112.91
833.88	3102.67
834.06	2766.81
834.24	2629.59
834.43	3417.24
834.61	2983.07
834.79	2837.67
834.97	3083.01
835.16	3209.58
835.34	2919.99
835.52	2973.24
835.70	2610.34
835.89	3037.14
836.07	3256.27
836.25	2906.07
836.43	2541.12
836.62	3034.68
836.80	3182.13
836.98	2612.80
837.16	2580.44
837.34	2911.39
837.53	3216.13
837.71	2704.55
837.89	3003.96
838.07	3132.16
838.26	3208.35
838.44	2775.00
838.62	3333.27
838.80	3094.48
838.99	3135.03
839.17	2535.79
839.35	2772.54
839.53	3105.95
839.71	3261.60
839.90	2516.95
840.08	2777.46
840.26	3196.06
840.44	3159.61
840.62	2946.62
840.81	2525.15
840.99	3551.18
841.17	3072.36
841.35	2778.27
841.53	2605.84
841.72	3273.47
841.90	3092.84
842.08	2636.15
842.26	2545.22
842.44	3070.31
842.63	3395.53
842.81	2987.58
842.99	2805.31
843.17	3135.85
843.35	3057.21
843.53	2958.50
843.72	2760.25
843.90	3185.00
844.08	3007.65
844.26	2696.77
844.44	2761.07
844.62	3348.43
844.81	3219.00
844.99	3043.69
845.17	2661.95
845.35	3091.61
845.53	2992.08
845.71	4849.18
845.90	2732.40
846.08	3070.72
846.26	2946.62
846.44	2482.96
846.62	2695.13
846.80	3026.90
846.98	2900.74
847.17	3856.73
847.35	3144.86
847.53	3146.09
847.71	3115.37
847.89	3107.18
848.07	2599.28
848.25	2993.72
848.44	2863.06
848.62	2882.31
848.80	2670.96
848.98	2985.53
849.16	3044.10
849.34	2976.52
849.52	2715.61
849.70	3087.52
849.89	3135.44
850.07	2804.49
850.25	2887.64
850.43	3040.41
850.61	3214.90
850.79	2554.23
850.97	2731.58
851.15	3234.15
851.33	3038.37
851.52	2640.24
851.70	3089.98
851.88	3220.64
852.06	2999.05
852.24	2629.59
852.42	2963.41
852.60	3319.35
852.78	3377.10
852.96	2764.76
853.14	2828.24
853.33	3395.53
853.51	3094.07
853.69	2981.84
853.87	2846.27
854.05	3052.29
854.23	2786.47
854.41	2691.03
854.59	2778.27
854.77	3236.20
854.95	3067.04
855.13	2657.85
855.31	2873.30
855.49	3021.16
855.68	2956.86
855.86	2744.69
856.04	3051.88
856.22	2854.87
856.40	2978.98
856.58	2656.63
856.76	2861.83
856.94	2877.40
857.12	3058.44
857.30	2477.22
857.48	2709.46
857.66	3108.82
857.84	3623.68
858.02	2741.00
858.20	3040.82
858.38	2950.71
858.56	3064.17
858.74	2586.58
858.92	2671.78
859.10	3105.13
859.29	3120.29
859.47	2571.02
859.65	3029.76
859.83	3086.70
860.01	3040.82
860.19	2697.58
860.37	2809.40
860.55	3202.20
860.73	2995.36
860.91	2633.69
861.09	3173.53
861.27	3046.15
861.45	3162.88
861.63	2682.84
861.81	3007.24
861.99	3035.91
862.17	2910.57
862.35	2611.57
862.53	2731.58
862.71	3372.19
862.89	3032.22
863.07	2609.11
863.25	2953.17
863.43	3143.63
863.61	3232.10
863.79	3037.55
863.97	2962.18
864.15	3123.15
864.33	2924.50
864.51	2687.75
864.69	2593.55
864.87	3190.33
865.05	2990.03
865.23	2817.19
865.41	2745.92
865.59	3276.34
865.77	3069.91
865.95	2853.23
866.13	2540.71
866.30	3049.43
866.48	2870.43
866.66	2810.22
866.84	2808.17
867.02	3012.56
867.20	2920.40
867.38	2690.62
867.56	2754.11
867.74	3285.76
867.92	3053.93
868.10	2756.57
868.28	2646.39
868.46	3108.00
868.64	3246.44
868.82	2728.71
869.00	2692.26
869.18	2961.36
869.36	3352.12
869.54	3029.76
869.72	2984.30
869.89	3067.04
870.07	2915.08
870.25	2720.11
870.43	2876.58
870.61	2892.14
870.79	3044.51
870.97	2727.89
871.15	2911.80
871.33	3541.35
871.51	3030.58
871.69	2918.77
871.87	2812.68
872.05	3230.47
872.22	3279.21
872.40	2613.62
872.58	2901.15
872.76	3240.30
872.94	3136.67
873.12	2831.93
873.30	2583.31
873.48	3187.46
873.66	3078.51
873.84	2845.04
874.01	2715.20
874.19	3027.31
874.37	2941.29
874.55	2612.39
874.73	2769.26
874.91	3331.23
875.09	2904.02
875.27	2671.37
875.45	2781.55
875.62	3111.27
875.80	2966.28
875.98	2685.71
876.16	2972.01
876.34	3169.44
876.52	2833.16
876.70	3121.10
876.88	2643.93
877.05	3203.84
877.23	3180.91
877.41	2813.50
877.59	3244.80
877.77	3206.30
877.95	2870.43
878.13	2623.04
878.30	2699.63
878.48	3082.60
878.66	3173.12
878.84	2934.74
879.02	2743.87
879.20	3146.91
879.37	3157.15
879.55	2855.28
879.73	2882.72
879.91	3083.42
880.09	3042.87
880.27	3232.10
880.45	2703.73
880.62	3046.56
880.80	2979.79
880.98	2816.78
881.16	2780.73
881.34	2999.05
881.51	2925.73
881.69	2789.33
881.87	2729.53
882.05	3040.82
882.23	2801.62
882.41	2682.84
882.58	2787.70
882.76	3028.95
882.94	2878.62
883.12	3033.45
883.30	2886.00
883.47	3289.04
883.65	3124.79
883.83	2874.12
884.01	2729.12
884.19	3049.43
884.36	3010.10
884.54	2519.41
884.72	3011.74
884.90	3015.43
885.08	3196.06
885.25	3726.48
885.43	2707.82
885.61	2904.43
885.79	3003.96
885.97	3033.04
886.14	2970.37
886.32	3016.25
886.50	3425.43
886.68	2776.23
886.85	2728.71
887.03	3262.00
887.21	3144.45
887.39	2883.95
887.56	3135.85
887.74	3027.72
887.92	3024.44
888.10	2904.43
888.27	2911.80
888.45	3267.33
888.63	3317.71
888.81	2778.68
888.99	2747.15
889.16	2981.02
889.34	2968.74
889.52	2593.55
889.69	2808.17
889.87	3274.70
890.05	3020.34
890.23	2877.40
890.40	2711.10
890.58	3048.20
890.76	3110.05
890.94	2805.31
891.11	2810.22
891.29	3068.68
891.47	2940.88
891.65	3048.61
891.82	3076.05
892.00	2851.59
892.18	3120.29
892.35	2842.99
892.53	2839.30
892.71	3298.87
892.89	3210.81
893.06	2874.12
893.24	2809.81
893.42	2755.34
893.59	2955.22
893.77	2695.13
893.95	2764.76
894.13	2799.98
894.30	3284.53
894.48	2793.43
894.66	3355.39
894.83	2947.85
895.01	3115.78
895.19	3022.80
895.36	2832.75
895.54	3297.23
895.72	3154.28
895.89	2707.01
896.07	2740.59
896.25	3219.41
896.43	2958.50
896.60	3089.57
896.78	2899.10
896.96	3239.07
897.13	3163.29
897.31	2715.61
897.49	2889.68
897.66	3341.06
897.84	3018.30
898.02	3044.10
898.19	2924.09
898.37	2969.15
898.55	3205.89
898.72	3015.43
898.90	2929.41
899.07	3052.70
899.25	3151.82
899.43	3009.29
899.60	3436.08
899.78	2939.24
899.96	2792.20
900.13	2708.23
900.31	3000.27
900.49	2990.03
900.66	3322.21
900.84	3009.69
901.02	3061.71
901.19	3162.47
901.37	2942.93
901.54	2899.10
901.72	2741.82
901.90	3012.15
902.07	3113.73
902.25	2855.28
902.43	2833.16
902.60	3319.35
902.78	2780.73
902.95	2852.82
903.13	2764.35
903.31	2966.28
903.48	3032.22
903.66	2874.94
903.83	2994.54
904.01	3143.22
904.19	2951.53
904.36	2824.56
904.54	2664.41
904.71	3160.83
904.89	2843.81
905.07	2788.92
905.24	2821.28
905.42	3124.38
905.59	3272.65
905.77	2992.49
905.95	2877.81
906.12	2894.19
906.30	3049.02
906.47	3003.55
906.65	3256.68
906.82	3298.05
907.00	3287.40
907.18	2567.74
907.35	2704.96
907.53	3161.65
907.70	3132.57
907.88	2827.02
908.05	3933.74
908.23	3159.61
908.41	3162.88
908.58	2865.11
908.76	2514.50
908.93	3319.76
909.11	3139.95
909.28	2796.71
909.46	2727.48
909.63	3194.83
909.81	3143.63
909.99	2928.19
910.16	2735.68
910.34	2919.58
910.51	3097.35
910.69	2956.04
910.86	2643.11
911.04	3112.09
911.21	2747.15
911.39	3379.97
911.56	2704.14
911.74	2978.16
911.91	3087.52
912.09	2776.64
912.26	2773.36
912.44	2816.78
912.62	2865.52
912.79	2806.54
912.97	2879.44
913.14	3312.79
913.32	3187.87
913.49	2840.53
913.67	2888.05
913.84	2717.24
914.02	2881.49
914.19	2780.32
914.37	2903.61
914.54	2949.89
914.72	2746.74
914.89	2739.36
915.07	3128.89
915.24	2931.05
915.42	3020.75
915.59	2833.98
915.77	3037.55
915.94	3339.42
916.12	3368.91
916.29	2761.07
916.46	2902.79
916.64	3113.73
916.81	3309.93
916.99	2907.71
917.16	2804.49
917.34	3387.75
917.51	3203.43
917.69	2672.19
917.86	2686.94
918.04	2993.72
918.21	3286.99
918.39	3008.06
918.56	2849.13
918.74	2844.63
918.91	3382.43
919.08	2632.05
919.26	3055.16
919.43	3060.89
919.61	3085.06
919.78	2852.41
919.96	3166.57
920.13	3312.79
920.31	3032.22
920.48	2989.22
920.65	2865.93
920.83	3286.17
921.00	3111.27
921.18	2819.64
921.35	2989.62
921.53	3006.42
921.70	2922.45
921.88	2766.81
922.05	2690.21
922.22	2908.12
922.40	2991.67
922.57	2797.93
922.75	2580.85
922.92	3028.95
923.09	2959.31
923.27	2775.41
923.44	3194.01
923.62	2959.31
923.79	3271.43
923.96	2831.11
924.14	2655.40
924.31	3277.98
924.49	3063.76
924.66	2781.96
924.83	2874.94
925.01	3046.97
925.18	3361.13
925.36	3108.82
925.53	2685.71
925.70	2968.33
925.88	2788.92
926.05	2978.57
926.23	2984.30
926.40	3109.23
926.57	3098.17
926.75	2918.77
926.92	2631.64
927.09	3115.78
927.27	2835.62
927.44	2927.78
927.62	2702.91
927.79	3303.78
927.96	2865.93
928.14	2747.55
928.31	2964.64
928.48	3349.25
928.66	3009.29
928.83	2664.00
929.00	2823.74
929.18	3021.57
929.35	3012.56
929.52	3043.69
929.70	2764.76
929.87	2918.77
930.05	2888.05
930.22	2847.09
930.39	2893.78
930.57	2949.48
930.74	3362.36
930.91	2746.74
931.09	3031.81
931.26	3035.50
931.43	3117.42
931.61	2577.16
931.78	2899.10
931.95	3019.93
932.12	3327.54
932.30	2653.35
932.47	3033.04
932.64	2857.33
932.82	2838.48
932.99	2882.72
933.16	2748.78
933.34	2951.53
933.51	3093.66
933.68	2770.08
933.86	3081.37
934.03	3015.43
934.20	2891.73
934.38	3079.74
934.55	2648.02
934.72	3460.66
934.89	3194.83
935.07	2817.19
935.24	2974.88
935.41	2974.47
935.59	3042.87
935.76	2799.98
935.93	2909.75
936.10	2984.30
936.28	3051.06
936.45	2824.97
936.62	2840.12
936.79	3266.51
936.97	2931.46
937.14	2847.91
937.31	2926.55
937.49	2844.22
937.66	3069.50
937.83	3108.41
938.00	3023.62
938.18	3255.86
938.35	3203.02
938.52	2868.79
938.69	2851.18
938.87	3032.63
939.04	2975.29
939.21	2818.82
939.38	2800.39
939.56	2987.17
939.73	2729.53
939.90	2889.68
940.07	2785.65
940.25	3005.60
940.42	3087.52
940.59	2951.53
940.76	2745.92
940.94	2863.47
941.11	2905.66
941.28	2906.07
941.45	3012.15
941.62	3102.26
941.80	2826.61
941.97	2991.26
942.14	2720.11
942.31	3319.76
942.48	2881.90
942.66	2850.77
942.83	2985.53
943.00	2699.63
943.17	3235.38
943.35	3040.00
943.52	2892.55
943.69	2799.16
943.86	2897.47
944.03	2636.96
944.21	3238.25
944.38	3019.93
944.55	2915.49
944.72	2857.74
944.89	2696.77
945.06	3003.14
945.24	2913.85
945.41	3266.51
945.58	2883.54
945.75	3097.35
945.92	2822.10
946.10	3164.93
946.27	2634.51
946.44	2919.58
946.61	2930.64
946.78	3171.48
946.95	2680.79
947.13	2870.43
947.30	2942.93
947.47	2818.41
947.64	2954.40
947.81	3158.38
947.98	2894.19
948.16	2914.26
948.33	2883.95
948.50	2846.27
948.67	2920.81
948.84	3090.79
949.01	2777.46
949.18	3024.44
949.36	3184.59
949.53	2908.12
949.70	2897.47
949.87	3044.10
950.04	2855.28
950.21	3001.91
950.38	2785.24
950.56	2967.10
950.73	3050.65
950.90	2854.87
951.07	2974.06
951.24	3042.87
951.41	2949.48
951.58	2847.09
951.75	2941.29
951.92	2875.76
952.10	2968.74
952.27	2677.92
952.44	3037.14
952.61	3679.79
952.78	2949.08
952.95	2658.67
953.12	3014.20
953.29	3042.05
953.46	2863.47
953.64	3027.31
953.81	2721.34
953.98	3167.80
954.15	2901.15
954.32	2857.33
954.49	2680.38
954.66	2960.54
954.83	2920.40
955.00	2743.05
955.17	2908.53
955.34	2857.33
955.51	2923.68
955.69	3601.56
955.86	2857.33
956.03	2942.52
956.20	2998.23
956.37	2989.22
956.54	2744.69
956.71	3033.86
956.88	2901.56
957.05	2843.40
957.22	2706.60
957.39	3126.02
957.56	2769.67
957.73	2699.63
957.90	2735.27
958.07	3188.69
958.24	3103.49
958.41	2710.28
958.59	2906.48
958.76	3156.33
958.93	3223.91
959.10	2929.82
959.27	2750.83
959.44	3220.23
959.61	2876.99
959.78	2958.91
959.95	2859.78
960.12	3231.29
960.29	3066.63
960.46	2804.49
960.63	2582.49
960.80	3009.29
960.97	3076.05
961.14	2693.90
961.31	2939.65
961.48	3281.26
961.65	3096.94
961.82	2942.93
961.99	2925.32
962.16	2949.08
962.33	3042.46
962.50	3011.74
962.67	2719.70
962.84	3030.58
963.01	2868.39
963.18	2695.54
963.35	2756.57
963.52	3148.14
963.69	2994.54
963.86	3170.26
964.03	2987.17
964.20	3388.57
964.37	3109.64
964.54	3052.70
964.71	2882.72
964.88	2946.21
965.05	3052.70
965.22	2803.26
965.39	2957.68
965.56	2941.29
965.73	2857.74
965.90	3092.02
966.07	2715.20
966.24	3018.30
966.41	2943.75
966.58	2910.98
966.74	3152.64
966.91	3406.18
967.08	3318.53
967.25	2751.65
967.42	2810.22
967.59	3232.10
967.76	2814.32
967.93	2969.15
968.10	2933.92
968.27	3100.22
968.44	3014.20
968.61	2818.82
968.78	2664.41
968.95	2923.27
969.12	2992.90
969.29	3002.73
969.46	2729.94
969.62	3287.40
969.79	2833.16
969.96	2720.52
970.13	2679.97
970.30	3076.46
970.47	3104.31
970.64	3030.99
970.81	2907.71
970.98	3058.03
971.15	2999.86
971.32	2589.45
971.49	3061.30
971.65	3213.26
971.82	3048.61
971.99	2961.36
972.16	3080.14
972.33	2958.50
972.50	3000.68
972.67	2936.38
972.84	2959.72
973.01	2881.90
973.17	3116.19
973.34	3027.72
973.51	3054.75
973.68	3053.11
973.85	2869.61
974.02	2965.46
974.19	2829.47
974.36	3073.59
974.53	3170.67
974.69	2999.86
974.86	2754.52
975.03	3280.44
975.20	2867.98
975.37	2994.54
975.54	2982.66
975.71	3137.90
975.87	3009.29
976.04	3089.57
976.21	2893.37
976.38	3071.95
976.55	2983.07
976.72	2780.32
976.89	3098.58
977.05	3169.85
977.22	3314.02
977.39	2717.24
977.56	2976.11
977.73	3020.75
977.90	2800.39
978.06	2957.27
978.23	2946.21
978.40	2890.09
978.57	3280.85
978.74	3074.00
978.91	3045.74
979.07	2969.96
979.24	3123.97
979.41	2892.14
979.58	2920.81
979.75	3242.75
979.91	2835.21
980.08	2605.02
980.25	2925.73
980.42	3146.91
980.59	3002.73
980.75	2753.70
980.92	2833.16
981.09	3006.01
981.26	3097.76
981.43	3121.10
981.59	2878.22
981.76	2936.38
981.93	2910.57
982.10	2818.00
982.27	2859.78
982.43	3119.06
982.60	2886.41
982.77	2706.19
982.94	2842.58
983.11	2841.76
983.27	2789.33
983.44	2920.40
983.61	2928.60
983.78	3347.20
983.94	3216.54
984.11	2784.01
984.28	2966.28
984.45	3237.84
984.61	2763.53
984.78	2775.41
984.95	2768.03
985.12	3045.74
985.28	3248.90
985.45	2824.97
985.62	2825.79
985.79	2963.82
985.95	2900.74
986.12	2662.36
986.29	2866.75
986.46	3284.53
986.62	3260.37
986.79	2906.48
986.96	2706.19
987.13	3085.88
987.29	3316.48
987.46	2896.24
987.63	2849.95
987.80	2811.04
987.96	3377.92
988.13	2799.57
988.30	2819.23
988.46	2965.87
988.63	3202.20
988.80	2342.47
988.97	2307.24
989.13	3093.66
989.30	3122.74
989.47	2236.38
989.63	2289.63
989.80	3323.03
989.97	3112.91
990.13	2500.98
990.30	2861.83
990.47	2951.12
990.64	2984.71
990.80	2288.40
990.97	2507.12
991.14	2903.20
991.30	3037.96
991.47	2376.87
991.64	2433.40
991.80	3045.33
991.97	2972.01
992.14	2355.16
992.30	2927.78
992.47	2885.18
992.64	3074.41
992.80	2329.77
992.97	2319.53
993.14	3395.12
993.30	3917.76
993.47	2403.09
993.64	2429.71
993.80	3279.62
993.97	3042.05
994.14	2522.28
994.30	2826.61
994.47	3117.01
994.64	3007.24
994.80	2634.10
994.97	2447.32
995.14	3201.38
995.30	3071.54
995.47	2510.81
995.63	2574.71
995.80	3045.74
995.97	3443.86
996.13	2431.76
996.30	2464.53
996.47	2993.72
996.63	3597.05
996.80	2927.78
996.97	2636.96
997.13	3173.12
997.30	3343.92
997.46	2379.33
997.63	2697.58
997.80	3298.05
997.96	3145.27
998.13	2415.78
998.29	2478.86
998.46	3037.14
998.63	2937.61
998.79	2323.22
998.96	2615.26
999.12	3302.96
999.29	3019.53
999.46	2531.70
999.62	2788.10
999.79	3176.81
999.95	3081.37
1000.12	2449.78
1000.29	2552.59
1000.45	3157.56
1000.62	3244.80
1000.78	2541.12
1000.95	2435.44
1001.11	3132.57
1001.28	3146.09
1001.45	2447.73
1001.61	2802.03
1001.78	3120.29
1001.94	3244.39
1002.11	2552.59
1002.27	2761.89
1002.44	3251.36
1002.61	3139.54
1002.77	2459.61
1002.94	2375.64
1003.10	3146.50
1003.27	3194.42
1003.43	2504.26
1003.60	2569.79
1003.76	3049.43
1003.93	3074.00
1004.10	2577.57
1004.26	2710.28
1004.43	3246.03
1004.59	3509.81
1004.76	2453.06
1004.92	2548.49
1005.09	3447.96
1005.25	3289.86
1005.42	2436.67
1005.58	2728.30
1005.75	3190.74
1005.91	3137.90
1006.08	2762.30
1006.24	2372.78
1006.41	3055.57
1006.57	3038.37
1006.74	2397.35
1006.90	2616.08
1007.07	2992.90
1007.23	3438.54
1007.40	2507.12
1007.56	2425.61
1007.73	2890.50
1007.89	3153.87
1008.06	2730.76
1008.22	2645.16
1008.39	3105.13
1008.55	3037.55
1008.72	2571.84
1008.88	2458.79
1009.05	2941.29
1009.21	3244.80
1009.38	2287.17
1009.54	2552.18
1009.71	3417.24
1009.87	3473.76
1010.04	2259.32
1010.20	2699.63
1010.37	2818.00
1010.53	3284.94
1010.70	2592.32
1010.86	2409.23
1011.03	2883.54
1011.19	2919.99
1011.35	2651.30
1011.52	2531.70
1011.68	2994.95
1011.85	2985.12
1012.01	2762.71
1012.18	2639.01
1012.34	2993.72
1012.51	3024.03
1012.67	2517.36
1012.83	2622.63
1013.00	3255.45
1013.16	2960.13
1013.33	2423.57
1013.49	2978.16
1013.66	3150.19
1013.82	3481.55
1013.99	2553.00
1014.15	2587.81
1014.31	3246.44
1014.48	3101.44
1014.64	2650.48
1014.81	2521.05
1014.97	2937.61
1015.13	3296.41
1015.30	2509.99
1015.46	2591.91
1015.63	2897.06
1015.79	3003.96
1015.95	2315.43
1016.12	2487.87
1016.28	3007.65
1016.45	3063.35
1016.61	2589.45
1016.77	2635.33
1016.94	2951.12
1017.10	3176.40
1017.27	2528.83
1017.43	2428.48
1017.59	2950.71
1017.76	3187.05
1017.92	2403.50
1018.09	2335.91
1018.25	3324.67
1018.41	3225.55
1018.58	2587.81
1018.74	2621.40
1018.90	3019.93
1019.07	3131.34
1019.23	2417.01
1019.40	2472.31
1019.56	3111.68
1019.72	2835.62
1019.89	2591.50
1020.05	3021.57
1020.21	3194.01
1020.38	3072.77
1020.54	2352.30
1020.70	2519.41
1020.87	3064.17
1021.03	3199.75
1021.19	2497.29
1021.36	2304.78
1021.52	3296.82
1021.68	3364.40
1021.85	3042.87
1022.01	2612.39
1022.17	3068.27
1022.34	3099.40
1022.50	2508.35
1022.66	2608.29
1022.83	3307.88
1022.99	3132.16
1023.15	2412.92
1023.32	2701.27
1023.48	3119.06
1023.64	3031.81
1023.81	2354.75
1023.97	2677.10
1024.13	3103.90
1024.30	3011.33
1024.46	2724.21
1024.62	2549.72
1024.79	3186.64
1024.95	3278.80
1025.11	2308.47
1025.27	2549.31
1025.44	2903.20
1025.60	3029.36
1025.76	2553.00
1025.93	2439.13
1026.09	3015.02
1026.25	3056.80
1026.41	2559.55
1026.58	2376.05
1026.74	2917.13
1026.90	3314.43
1027.07	2652.94
1027.23	2429.30
1027.39	3036.32
1027.55	3292.31
1027.72	2559.55
1027.88	2653.35
1028.04	3038.37
1028.20	3232.51
1028.37	2229.83
1028.53	2616.89
1028.69	2889.68
1028.85	3207.53
1029.02	2705.37
1029.18	2453.06
1029.34	2955.22
1029.50	3197.70
1029.67	2690.62
1029.83	2452.24
1029.99	3126.43
1030.15	3028.95
1030.32	2439.13
1030.48	2623.86
1030.64	3003.55
1030.80	3388.16
1030.97	2734.04
1031.13	2569.38
1031.29	3346.38
1031.45	3188.28
1031.61	2459.61
1031.78	2476.40
1031.94	3450.01
1032.10	3170.67
1032.26	2658.26
1032.42	2582.90
1032.59	3324.67
1032.75	2996.59
1032.91	2566.51
1033.07	2541.94
1033.24	2940.88
1033.40	3644.97
1033.56	2612.39
1033.72	2393.26
1033.88	3191.14
1034.04	3506.53
1034.21	2654.99
1034.37	2648.84
1034.53	3094.07
1034.69	2896.24
1034.85	2487.46
1035.02	2557.09
1035.18	2983.89
1035.34	3287.81
1035.50	2360.90
1035.66	2641.06
1035.82	3082.19
1035.99	3320.99
1036.15	2502.21
1036.31	2756.57
1036.47	3216.54
1036.63	3671.19
1036.79	2971.60
1036.96	2734.45
1037.12	3328.36
1037.28	2976.11
1037.44	2278.98
1037.60	2444.05
1037.76	3090.38
1037.92	3099.81
1038.09	2296.59
1038.25	2812.27
1038.41	3298.87
1038.57	3233.74
1038.73	2466.98
1038.89	2429.30
1039.05	3241.52
1039.22	3123.56
1039.38	2480.50
1039.54	2897.06
1039.70	3140.76
1039.86	3271.43
1040.02	2516.13
1040.18	2566.51
1040.34	3103.90
1040.51	3255.04
1040.67	3333.27
1040.83	2838.48
1040.99	3262.00
1041.15	3447.55
1041.31	2434.63
1041.47	2705.78
1041.63	3023.62
