345.74	1417.19
345.96	1417.19
346.17	1417.19
346.39	1466.35
346.60	1376.24
346.81	6653.85
347.03	6709.15
347.24	8775.55
347.46	9830.25
347.67	8804.22
347.89	6016.93
348.10	7499.66
348.32	7446.41
348.53	6457.25
348.75	6901.65
348.96	5539.76
349.18	8937.34
349.39	5879.72
349.61	5955.49
349.82	7878.54
350.04	7229.33
350.25	6365.09
350.47	6879.13
350.68	9281.39
350.90	9404.27
351.11	6094.76
351.32	6926.23
351.54	9906.02
351.75	9002.87
351.97	6109.09
352.18	4954.04
352.40	6152.10
352.61	8003.46
352.83	8937.34
353.04	6154.15
353.26	9457.52
353.47	7208.85
353.69	7823.24
353.90	6893.46
354.11	6743.96
354.33	11616.08
354.54	4462.52
354.76	7208.85
354.97	6791.06
355.19	8081.28
355.40	7104.40
355.62	10309.47
355.83	6762.39
356.04	7509.90
356.26	5707.69
356.47	7016.34
356.69	5586.86
356.90	12187.46
357.12	4976.56
357.33	5013.43
357.55	7190.42
357.76	7167.89
357.97	5627.82
358.19	7753.61
358.40	5222.32
358.62	11175.77
358.83	5932.97
359.05	8701.82
359.26	6150.05
359.47	7847.82
359.69	7331.73
359.90	10006.38
360.12	5463.98
360.33	8314.75
360.55	6031.27
360.76	9273.20
360.97	10225.51
361.19	9951.08
361.40	6174.63
361.62	5889.96
361.83	9369.46
362.04	10815.32
362.26	7726.99
362.47	6963.09
362.69	6834.07
362.90	6299.55
363.12	5240.75
363.33	6061.99
363.54	7927.69
363.76	9598.83
363.97	5885.86
364.19	6786.97
364.40	9869.16
364.61	6109.09
364.83	4693.94
365.04	7853.96
365.26	6332.32
365.47	9289.59
365.68	6438.81
365.90	5935.01
366.11	6823.83
366.33	9525.10
366.54	5629.87
366.75	6082.47
366.97	5447.60
367.18	6490.01
367.40	9412.46
367.61	6707.10
367.82	7182.23
368.04	9486.19
368.25	8345.47
368.46	7778.19
368.68	6227.87
368.89	11747.15
369.11	6856.60
369.32	7837.58
369.53	11722.57
369.75	7528.33
369.96	11706.19
370.18	7747.47
370.39	6168.48
370.60	7128.98
370.82	6119.33
371.03	6727.58
371.24	13625.14
371.46	6688.67
371.67	7440.27
371.88	5619.63
372.10	5576.62
372.31	5730.22
372.53	4757.43
372.74	6545.31
372.95	6518.68
373.17	6506.40
373.38	9197.43
373.59	7102.36
373.81	6348.70
374.02	8591.23
374.23	5488.56
374.45	10514.27
374.66	8415.10
374.88	7339.92
375.09	5855.14
375.30	9836.39
375.52	7786.38
375.73	11255.64
375.94	4945.84
376.16	8478.59
376.37	8793.98
376.58	9791.34
376.80	8701.82
377.01	8632.19
377.22	14577.44
377.44	7985.03
377.65	7876.49
377.86	4937.65
378.08	8142.72
378.29	6940.57
378.50	8042.37
378.72	4974.52
378.93	12838.72
379.14	8314.75
379.36	11204.44
379.57	6715.29
379.78	6436.77
380.00	7763.85
380.21	5072.82
380.42	4517.82
380.64	4945.84
380.85	5283.76
381.06	8406.91
381.28	5218.22
381.49	12089.16
381.70	5851.05
381.92	7362.45
382.13	8193.92
382.34	12484.42
382.56	10788.70
382.77	6320.03
382.98	7942.02
383.19	8435.58
383.41	7489.42
383.62	7524.24
383.83	8537.98
384.05	8494.97
384.26	8101.76
384.47	7960.45
384.69	6547.36
384.90	7585.68
385.11	10669.92
385.33	7298.96
385.54	8101.76
385.75	7509.90
385.96	8318.85
386.18	13371.19
386.39	7643.02
386.60	7102.36
386.82	11605.84
387.03	9185.14
387.24	6979.48
387.45	7147.41
387.67	5582.76
387.88	9766.76
388.09	7352.21
388.31	7020.44
388.52	6399.90
388.73	12660.54
388.94	7255.95
389.16	8724.35
389.37	5846.95
389.58	8828.79
389.80	7444.37
390.01	6166.43
390.22	7675.79
390.43	9557.87
390.65	7800.71
390.86	9049.97
391.07	8521.60
391.29	7819.14
391.50	4782.01
391.71	10088.29
391.92	11994.95
392.14	7063.44
392.35	7526.29
392.56	6600.60
392.77	9127.80
392.99	8040.33
393.20	5042.10
393.41	5947.30
393.62	6274.98
393.84	6815.64
394.05	7995.27
394.26	8427.39
394.47	9744.24
394.69	11540.30
394.90	9101.17
395.11	6332.32
395.32	5879.72
395.54	6428.57
395.75	6367.13
395.96	5928.87
396.17	11661.13
396.39	10583.90
396.60	5760.94
396.81	7753.61
397.02	6098.85
397.24	9305.97
397.45	10385.25
397.66	5412.78
397.87	9207.67
398.09	8904.57
398.30	7503.76
398.51	7630.73
398.72	6586.27
398.94	8437.63
399.15	11384.66
399.36	9314.16
399.57	8085.38
399.79	9017.21
400.00	12660.54
400.21	5177.26
400.42	9191.28
400.63	8073.09
400.85	10082.15
401.06	7579.53
401.27	7536.52
401.48	14812.96
401.70	6991.77
401.91	12566.34
402.12	9510.77
402.33	10887.00
402.54	6526.88
402.76	7133.08
402.97	11425.62
403.18	8814.46
403.39	7124.88
403.60	9183.09
403.82	6827.93
404.03	3858.37
404.24	6305.70
404.45	8484.73
404.66	10016.62
404.88	4988.85
405.09	11749.20
405.30	7763.85
405.51	7059.35
405.73	8245.12
405.94	5644.20
406.15	6756.25
406.36	7219.09
406.57	7743.37
406.78	7321.49
407.00	7784.33
407.21	10325.86
407.42	6543.26
407.63	12332.87
407.84	7368.59
408.06	7110.55
408.27	5042.10
408.48	6723.48
408.69	7663.50
408.90	6340.51
409.12	5734.31
409.33	8048.52
409.54	4763.58
409.75	7999.37
409.96	7952.26
410.17	8902.52
410.39	7102.36
410.60	11491.15
410.81	5253.04
411.02	8832.89
411.23	25591.42
411.44	6557.60
411.66	8372.10
411.87	10633.05
412.08	11620.17
412.29	5332.91
412.50	7714.70
412.71	6418.33
412.93	5396.40
413.14	6506.40
413.35	9289.59
413.56	6250.40
413.77	7958.41
413.98	8138.63
414.20	6733.72
414.41	9281.39
414.62	5691.31
414.83	4847.54
415.04	7079.83
415.25	8869.75
415.46	9281.39
415.68	6651.80
415.89	5457.84
416.10	7546.76
416.31	5183.41
416.52	8961.91
416.73	8646.52
416.94	6518.68
417.16	8730.49
417.37	7878.54
417.58	9097.08
417.79	5863.33
418.00	7663.50
418.21	7630.73
418.42	8464.25
418.64	6049.70
418.85	5744.55
419.06	6897.56
419.27	7346.06
419.48	8896.38
419.69	7258.00
419.90	4951.99
420.11	6690.71
420.33	6092.71
420.54	10518.37
420.75	10600.29
420.96	6031.27
421.17	9047.93
421.38	7262.10
421.59	6098.85
421.80	6363.04
422.02	8404.86
422.23	7806.86
422.44	9434.99
422.65	7593.87
422.86	7483.28
423.07	5275.57
423.28	7856.01
423.49	3885.00
423.70	6680.47
423.92	5402.54
424.13	9514.86
424.34	5513.13
424.55	6524.83
424.76	9072.50
424.97	10651.49
425.18	6612.89
425.39	8017.80
425.60	5545.90
425.81	7341.97
426.03	8073.09
426.24	7171.99
426.45	6268.83
426.66	12695.36
426.87	7085.97
427.08	10084.20
427.29	6567.84
427.50	8351.62
427.71	7106.45
427.92	6649.75
428.13	5451.69
428.34	7255.95
428.56	9994.09
428.77	10420.06
428.98	13952.81
429.19	7282.58
429.40	9789.29
429.61	7597.96
429.82	7522.19
430.03	6868.89
430.24	9283.44
430.45	4962.23
430.66	7569.29
430.87	6735.77
431.08	7679.88
431.30	4988.85
431.51	7548.81
431.72	7096.21
431.93	9367.41
432.14	4937.65
432.35	7239.57
432.56	10690.40
432.77	6547.36
432.98	7851.91
433.19	6586.27
433.40	7200.66
433.61	5367.73
433.82	7954.31
434.03	5177.26
434.24	5756.84
434.45	13322.04
434.66	10915.67
434.87	8322.94
435.09	6938.52
435.30	8288.13
435.51	8601.47
435.72	7755.66
435.93	6156.19
436.14	9133.94
436.35	7397.26
436.56	8195.97
436.77	6631.32
436.98	5234.61
437.19	9570.16
437.40	10479.46
437.61	8728.44
437.82	7139.22
438.03	7247.76
438.24	7794.57
438.45	7899.02
438.66	5552.04
438.87	5287.86
439.08	8056.71
439.29	6313.89
439.50	10366.82
439.71	13406.00
439.92	6389.66
440.13	6418.33
440.34	6709.15
440.55	7921.54
440.76	6723.48
440.97	10520.42
441.18	8011.65
441.39	5699.50
441.60	7503.76
441.81	7405.46
442.02	6594.46
442.23	7120.79
442.44	8593.28
442.65	7655.31
442.86	9174.90
443.07	7503.76
443.28	8349.57
443.49	9525.10
443.70	6997.91
443.91	5169.07
444.12	7360.40
444.33	7387.02
444.54	8103.81
444.75	5980.07
444.96	9164.66
445.17	12044.10
445.38	10915.67
445.59	7057.30
445.80	6776.73
446.01	6885.27
446.22	11818.83
446.43	6143.91
446.64	6426.53
446.85	7145.36
447.06	6252.45
447.27	7696.27
447.48	12164.93
447.69	7526.29
447.90	7581.58
448.11	4300.73
448.32	7868.30
448.53	7942.02
448.74	7610.25
448.95	6918.04
449.16	5775.27
449.37	7862.15
449.58	5001.14
449.79	6084.52
450.00	4954.04
450.21	6576.03
450.42	5959.59
450.63	5038.00
450.84	5267.38
451.05	6508.44
451.26	6725.53
451.47	8017.80
451.68	8224.64
451.89	7282.58
452.10	8513.41
452.30	9959.27
452.51	10622.81
452.72	5437.36
452.93	7282.58
453.14	6203.30
453.35	7458.70
453.56	9820.01
453.77	6229.92
453.98	6524.83
454.19	10399.59
454.40	6680.47
454.61	6606.75
454.82	7851.91
455.03	4902.84
455.24	5091.25
455.45	7280.53
455.66	9697.13
455.87	6459.29
456.07	5449.64
456.28	4767.67
456.49	5285.81
456.70	8021.89
456.91	7159.70
457.12	5453.74
457.33	5482.41
457.54	7860.10
457.75	9371.50
457.96	10157.92
458.17	8085.38
458.38	6766.49
458.59	5449.64
458.79	3889.09
459.00	4241.34
459.21	4495.29
459.42	4847.54
459.63	6770.58
459.84	4216.77
460.05	15795.98
460.26	7614.35
460.47	6299.55
460.68	6254.50
460.89	9015.16
461.09	9858.92
461.30	9699.18
461.51	6326.18
461.72	9525.10
461.93	8415.10
462.14	5926.82
462.35	4724.66
462.56	7782.28
462.77	4437.95
462.98	10377.06
463.18	6252.45
463.39	7757.71
463.60	9342.83
463.81	8345.47
464.02	10377.06
464.23	7225.23
464.44	13811.50
464.65	7272.34
464.86	5715.88
465.06	4046.79
465.27	7262.10
465.48	4841.40
465.69	6829.98
465.90	7806.86
466.11	7552.91
466.32	5935.01
466.53	4425.66
466.74	8187.78
466.94	7073.68
467.15	8114.05
467.36	5873.57
467.57	10008.42
467.78	7899.02
467.99	7077.78
468.20	11712.33
468.40	5930.92
468.61	5300.14
468.82	6651.80
469.03	11523.92
469.24	9764.72
469.45	6930.33
469.66	7245.71
469.86	7051.16
470.07	8451.97
470.28	6471.58
470.49	6242.21
470.70	6406.05
470.91	6248.35
471.12	8320.90
471.32	6844.31
471.53	6076.32
471.74	9314.16
471.95	7399.31
472.16	5572.52
472.37	7929.74
472.58	9471.86
472.78	5742.50
472.99	5724.07
473.20	7040.92
473.41	6547.36
473.62	5103.54
473.83	10391.39
474.03	8478.59
474.24	7987.08
474.45	7630.73
474.66	6283.17
474.87	7067.54
475.08	5990.31
475.28	9879.40
475.49	10088.29
475.70	6610.84
475.91	7851.91
476.12	6221.73
476.32	6395.81
476.53	6780.82
476.74	7786.38
476.95	8226.69
477.16	5875.62
477.37	9525.10
477.57	8142.72
477.78	6453.15
477.99	5369.77
478.20	7798.66
478.41	8687.48
478.61	9647.98
478.82	9699.18
479.03	7296.91
479.24	7954.31
479.45	6094.76
479.65	4999.09
479.86	7952.26
480.07	8429.44
480.28	6680.47
480.49	19783.38
480.69	6762.39
480.90	7575.44
481.11	5943.21
481.32	4310.97
481.53	7008.15
481.73	7006.10
481.94	7939.97
482.15	7917.45
482.36	6866.84
482.57	5963.68
482.77	11255.64
482.98	9942.89
483.19	8099.72
483.40	5470.12
483.60	6780.82
483.81	8748.92
484.02	8949.62
484.23	6008.74
484.44	4661.18
484.64	6313.89
484.85	6655.90
485.06	7159.70
485.27	6655.90
485.47	7047.06
485.68	8593.28
485.89	8734.59
486.10	12332.87
486.31	10557.28
486.51	9279.35
486.72	5814.18
486.93	6551.45
487.14	6889.37
487.34	5410.73
487.55	6387.61
487.76	8714.11
487.97	8460.16
488.17	6594.46
488.38	6021.03
488.59	6305.70
488.80	8673.15
489.00	8925.05
489.21	8855.42
489.42	6594.46
489.63	9086.84
489.83	8597.37
490.04	5523.37
490.25	6119.33
490.46	6684.57
490.66	8648.57
490.87	6653.85
491.08	5609.39
491.29	7278.48
491.49	7022.48
491.70	5953.45
491.91	6840.22
492.11	7716.75
492.32	6205.35
492.53	3977.16
492.74	9987.94
492.94	10186.60
493.15	8707.96
493.36	6641.56
493.57	7733.13
493.77	6543.26
493.98	8929.14
494.19	9396.08
494.39	8003.46
494.60	5091.25
494.81	6141.86
495.02	9447.28
495.22	9615.21
495.43	4775.86
495.64	4882.36
495.84	5263.28
496.05	9772.91
496.26	8968.06
496.47	8947.58
496.67	9672.56
496.88	7366.54
497.09	9154.42
497.29	4169.66
497.50	4061.12
497.71	6844.31
497.91	4804.53
498.12	9443.18
498.33	6094.76
498.54	8605.56
498.74	8126.34
498.95	5367.73
499.16	7749.51
499.36	7741.32
499.57	5935.01
499.78	6776.73
499.98	6616.99
500.19	5279.66
500.40	6995.86
500.60	10532.70
500.81	6025.12
501.02	8580.99
501.22	12955.45
501.43	6328.22
501.64	6299.55
501.85	8243.07
502.05	13098.81
502.26	5148.59
502.47	9353.07
502.67	6713.24
502.88	7559.05
503.09	10270.56
503.29	4571.07
503.50	7389.07
503.71	12179.27
503.91	7647.12
504.12	5920.68
504.33	7528.33
504.53	7403.41
504.74	8777.59
504.95	9273.20
505.15	7292.82
505.36	9877.35
505.56	7192.47
505.77	12672.83
505.98	5756.84
506.18	11343.70
506.39	6526.88
506.60	6576.03
506.80	8839.03
507.01	7266.19
507.22	6715.29
507.42	8918.90
507.63	5982.12
507.84	8175.49
508.04	3719.11
508.25	8146.82
508.45	12001.10
508.66	6223.78
508.87	5881.77
509.07	8890.23
509.28	9162.61
509.49	5574.57
509.69	8095.62
509.90	7987.08
510.11	5726.12
510.31	7196.56
510.52	7235.47
510.72	6971.29
510.93	7387.02
511.14	6281.12
511.34	5160.88
511.55	6055.84
511.76	12859.20
511.96	11616.08
512.17	7522.19
512.37	9070.45
512.58	6803.35
512.79	4861.88
512.99	7810.95
513.20	7536.52
513.40	9314.16
513.61	7614.35
513.82	6948.76
514.02	4634.55
514.23	6481.82
514.43	11388.75
514.64	7100.31
514.85	7915.40
515.05	8894.33
515.26	8712.06
515.46	10051.43
515.67	8966.01
515.88	6473.63
516.08	10616.67
516.29	7090.07
516.49	5633.96
516.70	5996.45
516.91	6410.14
517.11	9774.95
517.32	6987.67
517.52	8212.35
517.73	5447.60
517.93	9967.46
518.14	9787.24
518.35	5328.81
518.55	4722.62
518.76	9060.21
518.96	10045.29
519.17	6156.19
519.38	7241.62
519.58	8720.25
519.79	6709.15
519.99	7102.36
520.20	6856.60
520.40	6283.17
520.61	7497.61
520.82	11243.35
521.02	10166.12
521.23	8927.10
521.43	7950.21
521.64	4841.40
521.84	5906.34
522.05	5443.50
522.25	5762.98
522.46	5949.35
522.67	7536.52
522.87	11022.17
523.08	8525.69
523.28	6053.80
523.49	9465.71
523.69	7577.48
523.90	6631.32
524.10	8693.63
524.31	6410.14
524.51	9932.65
524.72	8714.11
524.93	10129.25
525.13	6778.78
525.34	7583.63
525.54	7143.32
525.75	8384.38
525.95	4325.31
526.16	10800.99
526.36	6301.60
526.57	9903.98
526.77	4992.95
526.98	12902.20
527.18	5642.15
527.39	6037.41
527.59	10833.75
527.80	7102.36
528.00	7862.15
528.21	8312.71
528.42	6164.39
528.62	8310.66
528.83	7667.60
529.03	12402.50
529.24	8216.45
529.44	7045.01
529.65	7874.44
529.85	7395.22
530.06	10047.33
530.26	6688.67
530.47	9215.86
530.67	10233.70
530.88	5324.72
531.08	7720.84
531.29	6739.87
531.49	6387.61
531.70	9025.40
531.90	6049.70
532.11	7786.38
532.31	7878.54
532.52	8400.77
532.72	4734.90
532.93	8146.82
533.13	5877.67
533.34	6463.39
533.54	8531.84
533.75	4974.52
533.95	6641.56
534.16	6551.45
534.36	7141.27
534.57	5685.16
534.77	9379.70
534.97	8245.12
535.18	6414.24
535.38	5679.02
535.59	4364.22
535.79	6358.94
536.00	5240.75
536.20	6068.13
536.41	4116.42
536.61	8173.44
536.82	5625.77
537.02	5093.30
537.23	8638.33
537.43	8908.66
537.64	5840.81
537.84	7114.64
538.05	7323.54
538.25	9301.87
538.45	5525.42
538.66	8052.61
538.86	6401.95
539.07	5238.70
539.27	7018.39
539.48	6322.08
539.68	8443.78
539.89	6987.67
540.09	9830.25
540.29	8703.87
540.50	4366.27
540.70	8388.48
540.91	5423.02
541.11	9287.54
541.32	7069.59
541.52	7899.02
541.73	7753.61
541.93	5423.02
542.13	8732.54
542.34	6422.43
542.54	5943.21
542.75	7143.32
542.95	14364.45
543.16	6938.52
543.36	6561.69
543.56	8173.44
543.77	8902.52
543.97	9432.94
544.18	8204.16
544.38	7221.14
544.59	5562.28
544.79	6229.92
544.99	11755.34
545.20	11845.45
545.40	6156.19
545.61	7403.41
545.81	8380.29
546.01	9195.38
546.22	7444.37
546.42	7223.19
546.63	6535.07
546.83	9461.62
547.04	6078.37
547.24	7278.48
547.44	4972.47
547.65	8488.83
547.85	5357.49
548.06	5371.82
548.26	6217.63
548.46	13901.61
548.67	7145.36
548.87	6856.60
549.08	5552.04
549.28	7131.03
549.48	8134.53
549.69	9883.50
549.89	5633.96
550.09	10755.93
550.30	9752.43
550.50	5638.06
550.71	5484.46
550.91	7593.87
551.11	4833.21
551.32	8660.86
551.52	6569.88
551.73	7884.68
551.93	6043.56
552.13	8560.51
552.34	10727.26
552.54	4679.61
552.74	9219.96
552.95	5625.77
553.15	8382.34
553.35	6301.60
553.56	8445.82
553.76	8126.34
553.97	6576.03
554.17	7479.18
554.37	5140.40
554.58	9543.53
554.78	7137.17
554.98	6576.03
555.19	6602.65
555.39	8411.01
555.59	5570.48
555.80	7665.55
556.00	6543.26
556.20	8761.21
556.41	6143.91
556.61	6182.82
556.82	5017.52
557.02	8511.36
557.22	6297.50
557.43	5181.36
557.63	7157.65
557.83	8519.55
558.04	11370.32
558.24	5629.87
558.44	7432.08
558.65	6049.70
558.85	4306.88
559.05	4874.17
559.26	6010.79
559.46	6207.39
559.66	5207.98
559.87	5689.26
560.07	8054.66
560.27	11460.43
560.48	9447.28
560.68	8505.21
560.88	5820.33
561.08	8322.94
561.29	10184.55
561.49	5310.38
561.69	5621.67
561.90	12310.34
562.10	6248.35
562.30	11624.27
562.51	7501.71
562.71	6217.63
562.91	11126.61
563.12	6823.83
563.32	5945.25
563.52	6772.63
563.72	7247.76
563.93	7356.30
564.13	5980.07
564.33	11452.24
564.54	6395.81
564.74	7849.86
564.94	8269.70
565.15	5709.74
565.35	4997.04
565.55	10360.67
565.75	4036.55
565.96	7747.47
566.16	6297.50
566.36	5689.26
566.57	6600.60
566.77	12320.58
566.97	8789.88
567.17	10473.31
567.38	6217.63
567.58	7401.36
567.78	7026.58
567.99	12711.74
568.19	7540.62
568.39	8294.27
568.59	10727.26
568.80	7993.22
569.00	8609.66
569.20	6774.68
569.40	6651.80
569.61	10270.56
569.81	9109.36
570.01	6049.70
570.21	7081.88
570.42	10581.85
570.62	6578.08
570.82	6131.62
571.02	5302.19
571.23	5685.16
571.43	10643.29
571.63	5779.37
571.84	5005.24
572.04	5029.81
572.24	8957.82
572.44	7264.15
572.64	7141.27
572.85	7221.14
573.05	10624.86
573.25	11116.37
573.45	4870.07
573.66	12832.57
573.86	5541.80
574.06	6651.80
574.26	9420.66
574.47	6133.67
574.67	8707.96
574.87	4618.17
575.07	6309.79
575.28	5578.67
575.48	7858.06
575.68	6756.25
575.88	7550.86
576.08	10833.75
576.29	7774.09
576.49	8728.44
576.69	7679.88
576.89	6037.41
577.10	6438.81
577.30	8396.67
577.50	6025.12
577.70	5142.45
577.90	10823.51
578.11	8286.08
578.31	5887.91
578.51	8101.76
578.71	5697.45
578.91	7669.64
579.12	7657.36
579.32	8515.45
579.52	28780.10
579.72	6514.59
579.92	8447.87
580.13	8036.23
580.33	11650.89
580.53	7950.21
580.73	8089.48
580.93	8712.06
581.14	7499.66
581.34	9197.43
581.54	5140.40
581.74	8370.05
581.94	7167.89
582.15	10172.26
582.35	4616.12
582.55	6068.13
582.75	14077.74
582.95	6207.39
583.15	11427.67
583.36	8716.16
583.56	8335.23
583.76	5502.89
583.96	7651.21
584.16	7327.63
584.37	7616.40
584.57	7509.90
584.77	5003.19
584.97	6897.56
585.17	7970.69
585.37	8736.63
585.57	8515.45
585.78	5805.99
585.98	6870.94
586.18	6557.60
586.38	6668.19
586.58	5550.00
586.78	5386.16
586.99	5849.00
587.19	7835.53
587.39	6778.78
587.59	6557.60
587.79	7124.88
587.99	8028.04
588.19	6561.69
588.40	9279.35
588.60	5990.31
588.80	12764.99
589.00	5359.53
589.20	7927.69
589.40	9965.42
589.60	5390.25
589.81	8003.46
590.01	5803.94
590.21	11327.32
590.41	5787.56
590.61	7350.16
590.81	5062.58
591.01	10352.48
591.22	5572.52
591.42	12435.27
591.62	8318.85
591.82	6520.73
592.02	9187.19
592.22	7034.77
592.42	14157.61
592.62	8525.69
592.82	7708.55
593.03	7550.86
593.23	7178.13
593.43	10018.66
593.63	5384.11
593.83	6911.89
594.03	11851.60
594.23	10639.20
594.43	6381.47
594.63	3942.34
594.84	6586.27
595.04	10448.74
595.24	7987.08
595.44	6227.87
595.64	8464.25
595.84	7374.74
596.04	8685.44
596.24	6487.96
596.44	7909.26
596.64	5306.29
596.84	5558.19
597.05	7010.20
597.25	10082.15
597.45	7704.46
597.65	5830.57
597.85	6115.23
598.05	7141.27
598.25	5689.26
598.45	7104.40
598.65	6107.04
598.85	7772.04
599.05	10612.57
599.25	7870.34
599.46	4739.00
599.66	9492.34
599.86	6283.17
600.06	6959.00
600.26	5904.29
600.46	5771.18
600.66	7399.31
600.86	8920.95
601.06	5472.17
601.26	6164.39
601.46	9916.26
601.66	5836.71
601.86	5588.91
602.06	8224.64
602.26	5947.30
602.46	5134.26
602.66	5709.74
602.87	6545.31
603.07	7982.98
603.27	7559.05
603.47	6283.17
603.67	13143.86
603.87	9891.69
604.07	6926.23
604.27	8675.20
604.47	7806.86
604.67	5715.88
604.87	6688.67
605.07	6211.49
605.27	7485.33
605.47	5021.62
605.67	7165.84
605.87	8071.04
606.07	10811.23
606.27	6029.22
606.47	6535.07
606.67	4757.43
606.87	5390.25
607.07	8413.06
607.27	4812.73
607.47	7128.98
607.67	7653.26
607.87	5210.03
608.07	7739.27
608.27	8480.64
608.47	5218.22
608.67	9240.44
608.87	6868.89
609.07	8947.58
609.27	9156.47
609.47	7034.77
609.67	7792.52
609.87	7735.18
610.07	6498.20
610.27	33762.81
610.47	4700.09
610.67	7110.55
610.87	7204.75
611.07	11962.19
611.27	6598.56
611.47	8689.53
611.67	9549.68
611.87	6979.48
612.07	7323.54
612.27	6369.18
612.47	4511.68
612.67	7094.16
612.87	7450.51
613.07	5142.45
613.27	7663.50
613.47	7866.25
613.67	5074.87
613.87	7593.87
614.07	6961.05
614.27	5932.97
614.47	7651.21
614.67	8296.32
614.87	6518.68
615.07	7368.59
615.27	6094.76
615.47	6858.65
615.67	9734.00
615.87	4405.18
616.07	6584.22
616.27	8261.51
616.47	6455.20
616.67	4818.87
616.87	6217.63
617.07	5291.95
617.27	6547.36
617.47	6129.57
617.66	7212.95
617.86	7184.27
618.06	6135.71
618.26	5169.07
618.46	7444.37
618.66	9359.22
618.86	9596.78
619.06	6266.78
619.26	7053.20
619.46	6303.65
619.66	10903.39
619.86	6524.83
620.06	7329.68
620.26	10913.63
620.46	17313.53
620.66	11691.85
620.85	7589.77
621.05	10690.40
621.25	8804.22
621.45	6168.48
621.65	9928.55
621.85	7122.84
622.05	9078.65
622.25	5756.84
622.45	6596.51
622.65	6094.76
622.85	5177.26
623.05	7028.63
623.25	6547.36
623.44	9609.07
623.64	4233.15
623.84	5267.38
624.04	4730.81
624.24	6502.30
624.44	7389.07
624.64	7102.36
624.84	6244.26
625.04	5134.26
625.24	4972.47
625.43	5844.90
625.63	8353.66
625.83	5081.01
626.03	6272.93
626.23	7856.01
626.43	7774.09
626.63	5441.45
626.83	8220.55
627.03	7788.43
627.22	6139.81
627.42	7245.71
627.62	4128.70
627.82	7810.95
628.02	6231.97
628.22	5025.72
628.42	7602.06
628.62	4249.54
628.82	5713.83
629.01	10927.96
629.21	4628.41
629.41	9303.92
629.61	8195.97
629.81	5783.46
630.01	9295.73
630.21	9568.11
630.40	6700.95
630.60	7552.91
630.80	8073.09
631.00	8443.78
631.20	8787.83
631.40	6659.99
631.60	8109.96
631.79	4734.90
631.99	9013.11
632.19	6987.67
632.39	6559.64
632.59	8036.23
632.79	6455.20
632.99	31493.66
633.18	7393.17
633.38	5978.02
633.58	8447.87
633.78	6176.67
633.98	6592.41
634.18	5816.23
634.37	12832.57
634.57	7894.92
634.77	19865.30
634.97	5562.28
635.17	7430.03
635.37	10409.83
635.56	5679.02
635.76	10706.78
635.96	4931.51
636.16	6350.75
636.36	6123.43
636.56	5724.07
636.75	6832.02
636.95	9359.22
637.15	7577.48
637.35	6221.73
637.55	9244.53
637.74	9125.75
637.94	7233.43
638.14	7585.68
638.34	7389.07
638.54	3872.71
638.73	6762.39
638.93	7079.83
639.13	8015.75
639.33	8064.90
639.53	6107.04
639.73	6428.57
639.92	6692.76
640.12	5394.35
640.32	6809.50
640.52	8777.59
640.71	4296.64
640.91	6832.02
641.11	6678.43
641.31	5744.55
641.51	5427.12
641.70	7739.27
641.90	7780.23
642.10	7061.40
642.30	7417.74
642.50	7706.51
642.69	7004.05
642.89	5363.63
643.09	5066.67
643.29	7042.96
643.48	8789.88
643.68	5478.32
643.88	10620.77
644.08	3928.00
644.28	7765.90
644.47	8406.91
644.67	5121.97
644.87	4751.29
645.07	6508.44
645.26	6121.38
645.46	5656.49
645.66	6537.12
645.86	8773.50
646.05	9465.71
646.25	8451.97
646.45	8800.12
646.65	9031.54
646.84	8241.03
647.04	6250.40
647.24	7843.72
647.44	7368.59
647.63	7305.10
647.83	8662.91
648.03	6778.78
648.23	7425.93
648.42	4976.56
648.62	4159.42
648.82	4069.31
649.02	6991.77
649.21	5369.77
649.41	9666.41
649.61	10487.65
649.80	4929.46
650.00	9695.08
650.20	5238.70
650.40	8552.32
650.59	10485.60
650.79	5019.57
650.99	9699.18
651.18	6791.06
651.38	5046.20
651.58	7290.77
651.78	7620.49
651.97	8193.92
652.17	6461.34
652.37	7157.65
652.56	7020.44
652.76	8712.06
652.96	5973.92
653.16	7583.63
653.35	7960.45
653.55	8918.90
653.75	6954.90
653.94	8937.34
654.14	6174.63
654.34	6649.75
654.54	6098.85
654.73	8488.83
654.93	6692.76
655.13	9678.70
655.32	9125.75
655.52	5144.50
655.72	7532.43
655.91	6041.51
656.11	4214.72
656.31	7575.44
656.50	6549.40
656.70	6649.75
656.90	5881.77
657.09	6844.31
657.29	6004.64
657.49	6578.08
657.68	4577.21
657.88	7632.78
658.08	5652.39
658.27	10399.59
658.47	10092.39
658.67	6209.44
658.86	6842.26
659.06	8632.19
659.26	6715.29
659.45	6188.96
659.65	6502.30
659.85	6985.62
660.04	8484.73
660.24	5877.67
660.44	6700.95
660.63	6725.53
660.83	10680.16
661.03	8621.95
661.22	5963.68
661.42	7382.93
661.62	7608.20
661.81	6844.31
662.01	6000.55
662.21	4534.20
662.40	5205.94
662.60	10311.52
662.79	4669.37
662.99	8773.50
663.19	7004.05
663.38	6547.36
663.58	6713.24
663.78	8722.30
663.97	7763.85
664.17	7051.16
664.36	4919.22
664.56	8845.18
664.76	4786.10
664.95	6561.69
665.15	6487.96
665.35	7403.41
665.54	10786.65
665.74	7341.97
665.93	10649.44
666.13	7061.40
666.33	5926.82
666.52	5308.34
666.72	7171.99
666.91	6342.56
667.11	5246.90
667.31	6723.48
667.50	5302.19
667.70	8517.50
667.89	10796.89
668.09	10270.56
668.29	7276.43
668.48	6997.91
668.68	14249.77
668.87	6152.10
669.07	4280.25
669.27	9367.41
669.46	4712.38
669.66	6051.75
669.85	4274.11
670.05	7630.73
670.25	6619.04
670.44	6819.74
670.64	5928.87
670.83	10657.63
671.03	8533.89
671.22	8535.93
671.42	7231.38
671.62	4863.93
671.81	6887.32
672.01	6807.45
672.20	5900.20
672.40	8474.49
672.59	10891.10
672.79	8384.38
672.99	5746.60
673.18	9533.29
673.38	9402.22
673.57	9015.16
673.77	6934.42
673.96	6379.42
674.16	6778.78
674.36	9043.83
674.55	6928.28
674.75	8083.33
674.94	7200.66
675.14	7335.82
675.33	7573.39
675.53	7221.14
675.72	5955.49
675.92	12420.93
676.11	7921.54
676.31	6676.38
676.50	7827.34
676.70	7970.69
676.90	6569.88
677.09	6662.04
677.29	8259.46
677.48	6606.75
677.68	7624.59
677.87	5613.48
678.07	6074.28
678.26	7794.57
678.46	7511.95
678.65	6389.66
678.85	7468.94
679.04	6408.09
679.24	5220.27
679.43	5353.39
679.63	5435.31
679.82	11700.05
680.02	12050.25
680.21	6455.20
680.41	4403.13
680.60	7987.08
680.80	11181.91
680.99	9011.06
681.19	10338.15
681.38	6672.28
681.58	5726.12
681.77	13651.76
681.97	6305.70
682.16	8632.19
682.36	8181.64
682.55	8034.18
682.75	6158.24
682.94	8777.59
683.14	8472.45
683.33	4181.95
683.53	9754.48
683.72	9930.60
683.92	6940.57
684.11	10674.01
684.31	7165.84
684.50	5371.82
684.70	5779.37
684.89	6399.90
685.09	5089.20
685.28	6160.29
685.48	6412.19
685.67	6895.51
685.87	6715.29
686.06	7006.10
686.26	9015.16
686.45	5726.12
686.64	6100.90
686.84	4865.97
687.03	7102.36
687.23	6635.42
687.42	7909.26
687.62	6682.52
687.81	8812.41
688.01	7341.97
688.20	7571.34
688.40	9928.55
688.59	9801.58
688.78	8155.01
688.98	9334.64
689.17	8519.55
689.37	6346.66
689.56	7638.92
689.76	7896.97
689.95	9731.95
690.15	6657.95
690.34	10858.33
690.53	7417.74
690.73	5892.01
690.92	5380.01
691.12	6037.41
691.31	10780.51
691.51	8343.42
691.70	8920.95
691.89	6174.63
692.09	5351.34
692.28	7141.27
692.48	8421.25
692.67	9254.77
692.87	6977.43
693.06	5775.27
693.25	6999.96
693.45	6293.41
693.64	8007.56
693.84	5920.68
694.03	5027.76
694.22	6459.29
694.42	6504.35
694.61	6240.16
694.81	26875.49
695.00	5578.67
695.19	7315.34
695.39	8419.20
695.58	8875.90
695.78	7362.45
695.97	7421.84
696.16	10499.94
696.36	8580.99
696.55	7247.76
696.75	6086.56
696.94	4708.28
697.13	11538.26
697.33	5326.77
697.52	8052.61
697.71	7081.88
697.91	8624.00
698.10	13180.73
698.30	7081.88
698.49	6061.99
698.68	5226.42
698.88	4804.53
699.07	6883.22
699.26	13754.16
699.46	6537.12
699.65	8634.24
699.85	8279.94
700.04	5867.43
700.23	5486.51
700.43	7184.27
700.62	6743.96
700.81	6262.69
701.01	4747.19
701.20	6209.44
701.39	7088.02
701.59	6477.73
701.78	4732.86
701.98	5351.34
702.17	6610.84
702.36	7331.73
702.56	7946.12
702.75	5562.28
702.94	7982.98
703.14	26949.22
703.33	6961.05
703.52	50171.14
703.72	5871.53
703.91	7939.97
704.10	6332.32
704.30	7002.01
704.49	5842.85
704.68	4931.51
704.88	9570.16
705.07	10919.77
705.26	6381.47
705.46	5511.08
705.65	6018.98
705.84	5963.68
706.03	6299.55
706.23	5996.45
706.42	7831.43
706.61	6905.75
706.81	10846.04
707.00	8292.23
707.19	5496.75
707.39	8116.10
707.58	5629.87
707.77	5781.42
707.97	9592.69
708.16	6027.17
708.35	8963.96
708.55	6178.72
708.74	6373.28
708.93	11052.89
709.12	8171.40
709.32	6576.03
709.51	8984.44
709.70	9518.96
709.90	7583.63
710.09	6283.17
710.28	8755.07
710.47	5955.49
710.67	8603.52
710.86	10327.91
711.05	5576.62
711.25	6377.37
711.44	5294.00
711.63	8314.75
711.82	7849.86
712.02	15521.56
712.21	8140.68
712.40	7247.76
712.59	9711.47
712.79	11472.72
712.98	7358.35
713.17	9449.33
713.37	5418.93
713.56	5289.90
713.75	5961.64
713.94	7454.61
714.14	6379.42
714.33	8798.07
714.52	6330.27
714.71	5566.38
714.91	7540.62
715.10	10319.71
715.29	6537.12
715.48	5758.89
715.68	8613.76
715.87	5449.64
716.06	9269.11
716.25	5840.81
716.45	7835.53
716.64	6915.99
716.83	7233.43
717.02	8224.64
717.21	7192.47
717.41	10295.14
717.60	10200.93
717.79	5412.78
717.98	6389.66
718.18	5914.53
718.37	5302.19
718.56	11847.50
718.75	9267.06
718.94	7722.89
719.14	3731.40
719.33	7661.45
719.52	7550.86
719.71	7227.28
719.91	6180.77
720.10	11435.86
720.29	5873.57
720.48	4929.46
720.67	7815.05
720.87	10698.59
721.06	4353.98
721.25	7671.69
721.44	6256.54
721.63	6455.20
721.83	9006.97
722.02	4396.99
722.21	9133.94
722.40	7331.73
722.59	7214.99
722.79	6444.96
722.98	9834.35
723.17	4419.52
723.36	5861.29
723.55	4446.14
723.74	5013.43
723.94	6913.94
724.13	5681.07
724.32	6596.51
724.51	7182.23
724.70	6213.54
724.90	6328.22
725.09	9355.12
725.28	8492.93
725.47	7450.51
725.66	6860.70
725.85	6002.60
726.05	9559.92
726.24	7247.76
726.43	7417.74
726.62	9076.60
726.81	6281.12
727.00	5681.07
727.20	7962.50
727.39	7192.47
727.58	6672.28
727.77	4837.30
727.96	6133.67
728.15	10444.64
728.34	7681.93
728.54	6485.92
728.73	8314.75
728.92	7743.37
729.11	7333.78
729.30	6338.46
729.49	9049.97
729.68	6148.00
729.88	6203.30
730.07	7339.92
730.26	7120.79
730.45	8353.66
730.64	10178.40
730.83	7790.47
731.02	5099.44
731.21	6199.20
731.41	7821.19
731.60	5568.43
731.79	9004.92
731.98	8798.07
732.17	7753.61
732.36	5468.08
732.55	6240.16
732.74	8744.83
732.93	8615.80
733.13	7098.26
733.32	8714.11
733.51	4966.32
733.70	10413.92
733.89	9092.98
734.08	8578.94
734.27	4820.92
734.46	9367.41
734.65	5625.77
734.85	8294.27
735.04	6416.29
735.23	9731.95
735.42	7917.45
735.61	4073.41
735.80	5699.50
735.99	9629.55
736.18	14929.69
736.37	5617.58
736.56	9326.45
736.75	6750.10
736.94	7550.86
737.14	5392.30
737.33	5160.88
737.52	4851.64
737.71	7360.40
737.90	7806.86
738.09	9082.74
738.28	7956.36
738.47	8558.46
738.66	9076.60
738.85	8517.50
739.04	8269.70
739.23	8724.35
739.42	5099.44
739.61	4937.65
739.80	5136.31
740.00	7350.16
740.19	6102.95
740.38	5283.76
740.57	6074.28
740.76	5447.60
740.95	7749.51
741.14	7606.16
741.33	12545.86
741.52	6973.33
741.71	4847.54
741.90	8802.17
742.09	8398.72
742.28	8118.15
742.47	5255.09
742.66	6289.31
742.85	5560.24
743.04	5099.44
743.23	8460.16
743.42	6887.32
743.61	6750.10
743.80	5238.70
743.99	3620.81
744.18	6602.65
744.37	6139.81
744.56	5879.72
744.75	5013.43
744.94	6946.71
745.13	6123.43
745.32	3841.99
745.51	7362.45
745.71	9000.82
745.90	6936.47
746.09	6092.71
746.28	7593.87
746.47	8167.30
746.66	6401.95
746.85	8824.70
747.04	6324.13
747.23	6879.13
747.42	11442.00
747.61	4030.40
747.80	10927.96
747.99	5339.05
748.18	4792.25
748.36	5869.48
748.55	11751.24
748.74	8497.02
748.93	8023.94
749.12	5492.65
749.31	7923.59
749.50	4956.08
749.69	9387.89
749.88	7143.32
750.07	4370.37
750.26	9705.32
750.45	4349.89
750.64	3923.91
750.83	6832.02
751.02	5394.35
751.21	7561.10
751.40	8103.81
751.59	8013.70
751.78	8888.18
751.97	7077.78
752.16	7122.84
752.35	6274.98
752.54	7892.87
752.73	8744.83
752.92	6711.19
753.11	8638.33
753.30	5347.25
753.49	5070.77
753.68	9434.99
753.87	6129.57
754.05	6354.85
754.24	6447.01
754.43	9525.10
754.62	5298.10
754.81	12173.13
755.00	10076.01
755.19	6451.10
755.38	8185.73
755.57	9045.88
755.76	10682.20
755.95	8208.26
756.14	4722.62
756.33	7905.16
756.52	8116.10
756.70	7821.19
756.89	7495.57
757.08	7337.87
757.27	6879.13
757.46	6004.64
757.65	5074.87
757.84	5474.22
758.03	6459.29
758.22	5463.98
758.41	6754.20
758.60	4812.73
758.79	6305.70
758.97	8720.25
759.16	9836.39
759.35	6457.25
759.54	8337.28
759.73	6102.95
759.92	4800.44
760.11	5144.50
760.30	7309.20
760.49	6791.06
760.67	6248.35
760.86	7249.81
761.05	11654.99
761.24	5224.37
761.43	4730.81
761.62	6272.93
761.81	6764.44
762.00	9023.35
762.19	5742.50
762.37	6700.95
762.56	9113.46
762.75	4497.34
762.94	7045.01
763.13	5676.97
763.32	7344.02
763.51	4622.27
763.70	5537.71
763.88	9133.94
764.07	8292.23
764.26	6965.14
764.45	4558.78
764.64	6684.57
764.83	10178.40
765.02	6309.79
765.20	7034.77
765.39	9047.93
765.58	10360.67
765.77	8820.60
765.96	12267.33
766.15	6467.49
766.33	6774.68
766.52	9764.72
766.71	7008.15
766.90	9582.45
767.09	6277.02
767.28	3782.60
767.46	5971.88
767.65	5474.22
767.84	7559.05
768.03	5085.11
768.22	4849.59
768.41	4122.56
768.59	5765.03
768.78	5324.72
768.97	7231.38
769.16	9076.60
769.35	4175.81
769.54	7495.57
769.72	7432.08
769.91	6789.02
770.10	11763.53
770.29	5586.86
770.48	8089.48
770.66	7681.93
770.85	7985.03
771.04	7952.26
771.23	4808.63
771.42	9432.94
771.60	9035.64
771.79	6107.04
771.98	7636.88
772.17	7995.27
772.36	9811.82
772.54	4951.99
772.73	5820.33
772.92	7022.48
773.11	5814.18
773.30	5652.39
773.48	4964.28
773.67	5466.03
773.86	6373.28
774.05	5113.78
774.23	8759.16
774.42	8157.06
774.61	9267.06
774.80	6176.67
774.99	4841.40
775.17	7284.62
775.36	8773.50
775.55	5736.36
775.74	6193.06
775.92	9148.28
776.11	7004.05
776.30	10182.50
776.49	5648.30
776.67	6621.08
776.86	4368.32
777.05	5701.54
777.24	5666.73
777.42	6285.22
777.61	4519.87
777.80	9672.56
777.99	6315.94
778.17	5543.85
778.36	7546.76
778.55	5894.05
778.74	7438.22
778.92	6092.71
779.11	7694.22
779.30	6709.15
779.49	6543.26
779.67	7176.08
779.86	6291.36
780.05	4804.53
780.24	4835.25
780.42	7716.75
780.61	6645.66
780.80	7382.93
780.98	4239.30
781.17	5265.33
781.36	5824.42
781.55	8509.31
781.73	4894.65
781.92	8296.32
782.11	6608.80
782.29	6256.54
782.48	5885.86
782.67	7749.51
782.86	9019.25
783.04	6057.89
783.23	5601.19
783.42	6995.86
783.60	9772.91
783.79	7354.26
783.98	6330.27
784.16	6635.42
784.35	6684.57
784.54	8511.36
784.73	5398.45
784.91	5791.66
785.10	5771.18
785.29	6127.52
785.47	9082.74
785.66	8818.55
785.85	5380.01
786.03	6420.38
786.22	4245.44
786.41	7049.11
786.59	8490.88
786.78	4687.80
786.97	5502.89
787.15	8415.10
787.34	8554.37
787.53	6057.89
787.71	8161.16
787.90	6807.45
788.09	7520.14
788.27	7806.86
788.46	6743.96
788.65	6637.47
788.83	8101.76
789.02	4241.34
789.21	4444.09
789.39	4173.76
789.58	8853.37
789.77	5468.08
789.95	4661.18
790.14	9932.65
790.33	7067.54
790.51	4841.40
790.70	9416.56
790.88	6078.37
791.07	6109.09
791.26	11286.36
791.44	7047.06
791.63	4777.91
791.82	8241.03
792.00	5148.59
792.19	7069.59
792.38	9713.52
792.56	7522.19
792.75	8085.38
792.93	9690.99
793.12	8599.42
793.31	7952.26
793.49	9412.46
793.68	6178.72
793.86	6166.43
794.05	10895.19
794.24	5699.50
794.42	6903.70
794.61	6037.41
794.80	7200.66
794.98	6881.18
795.17	6092.71
795.35	7800.71
795.54	7405.46
795.73	8511.36
795.91	12543.81
796.10	8845.18
796.28	10518.37
796.47	3989.44
796.66	5357.49
796.84	12441.41
797.03	6600.60
797.21	4124.61
797.40	7266.19
797.58	8515.45
797.77	6819.74
797.96	7880.58
798.14	12097.35
798.33	10628.96
798.51	7821.19
798.70	4661.18
798.88	6756.25
799.07	6205.35
799.26	6186.91
799.44	7585.68
799.63	7511.95
799.81	5410.73
800.00	7196.56
800.18	8642.43
800.37	6725.53
800.56	5709.74
800.74	6979.48
800.93	6735.77
801.11	6066.08
801.30	8691.58
801.48	6451.10
801.67	7675.79
801.85	8359.81
802.04	8245.12
802.22	6010.79
802.41	8214.40
802.60	7634.83
802.78	6659.99
802.97	5576.62
803.15	8109.96
803.34	7757.71
803.52	7509.90
803.71	7458.70
803.89	4919.22
804.08	10954.58
804.26	8839.03
804.45	7384.98
804.63	6203.30
804.82	7808.90
805.00	5447.60
805.19	10862.43
805.37	5932.97
805.56	6326.18
805.74	10694.49
805.93	6981.53
806.11	7872.39
806.30	5566.38
806.48	6518.68
806.67	8234.88
806.85	7022.48
807.04	6778.78
807.22	7671.69
807.41	6909.85
807.59	8871.80
807.78	6035.36
807.96	8830.84
808.15	5705.64
808.33	8490.88
808.52	11298.64
808.70	6875.03
808.89	9793.39
809.07	10911.58
809.26	6782.87
809.44	5363.63
809.63	8435.58
809.81	5642.15
810.00	8322.94
810.18	7118.74
810.37	5664.68
810.55	7868.30
810.74	7444.37
810.92	9465.71
811.11	10657.63
811.29	3930.05
811.48	6059.94
811.66	6776.73
811.84	4310.97
812.03	7892.87
812.21	7481.23
812.40	6000.55
812.58	4581.31
812.77	8445.82
812.95	5633.96
813.14	5791.66
813.32	5595.05
813.51	7135.12
813.69	7360.40
813.87	5183.41
814.06	6227.87
814.24	6553.50
814.43	5164.98
814.61	6367.13
814.80	9246.58
814.98	5117.87
815.16	7348.11
815.35	9584.49
815.53	12500.80
815.72	7301.01
815.90	5588.91
816.09	7122.84
816.27	7804.81
816.45	7874.44
816.64	6655.90
816.82	11026.26
817.01	5531.56
817.19	4937.65
817.37	7544.72
817.56	9006.97
817.74	4485.05
817.93	9844.59
818.11	5609.39
818.30	6217.63
818.48	5550.00
818.66	8091.52
818.85	6188.96
819.03	7663.50
819.21	7939.97
819.40	8673.15
819.58	12910.40
819.77	6479.77
819.95	6913.94
820.13	11411.28
820.32	5564.33
820.50	9926.50
820.69	10340.19
820.87	6733.72
821.05	5308.34
821.24	6840.22
821.42	7659.40
821.60	4974.52
821.79	10278.76
821.97	8337.28
822.16	10295.14
822.34	6039.46
822.52	8075.14
822.71	9547.63
822.89	9416.56
823.07	7028.63
823.26	5347.25
823.44	5564.33
823.62	5672.87
823.81	7569.29
823.99	4698.04
824.18	7987.08
824.36	6700.95
824.54	7958.41
824.73	9338.74
824.91	10530.66
825.09	8372.10
825.28	10100.58
825.46	10346.34
825.64	8044.42
825.83	7198.61
826.01	8216.45
826.19	6840.22
826.38	6240.16
826.56	7249.81
826.74	4462.52
826.93	6756.25
827.11	6776.73
827.29	7184.27
827.48	6320.03
827.66	8277.89
827.84	6453.15
828.03	6180.77
828.21	4685.75
828.39	4773.82
828.57	10129.25
828.76	9123.70
828.94	5195.70
829.12	11616.08
829.31	6602.65
829.49	6567.84
829.67	5031.86
829.86	7313.30
830.04	6735.77
830.22	7184.27
830.40	4386.75
830.59	7434.13
830.77	6246.30
830.95	8085.38
831.14	11738.96
831.32	6133.67
831.50	6569.88
831.69	7954.31
831.87	10143.59
832.05	6160.29
832.23	6459.29
832.42	8521.60
832.60	6655.90
832.78	5873.57
832.96	24987.27
833.15	8822.65
833.33	4921.27
833.51	11798.35
833.70	6299.55
833.88	6987.67
834.06	7307.15
834.24	6500.25
834.43	9652.08
834.61	7462.80
834.79	8435.58
834.97	12640.06
835.16	7323.54
835.34	8009.61
835.52	8761.21
835.70	7501.71
835.89	6444.96
836.07	9697.13
836.25	8783.74
836.43	5603.24
836.62	6987.67
836.80	9328.50
836.98	5777.32
837.16	6723.48
837.34	6715.29
837.53	10014.57
837.71	7567.24
837.89	11454.29
838.07	7149.46
838.26	9359.22
838.44	8761.21
838.62	13891.37
838.80	7200.66
838.99	8269.70
839.17	6709.15
839.35	8535.93
839.53	7249.81
839.71	10094.44
839.90	6082.47
840.08	8212.35
840.26	9717.61
840.44	7671.69
840.62	10149.73
840.81	4538.30
840.99	12359.49
841.17	5969.83
841.35	8222.59
841.53	6041.51
841.72	10426.21
841.90	8142.72
842.08	5193.65
842.26	5222.32
842.44	8175.49
842.63	10608.48
842.81	10878.81
842.99	8347.52
843.17	8673.15
843.35	7780.23
843.53	9500.53
843.72	7847.82
843.90	6733.72
844.08	5521.32
844.26	6256.54
844.44	7341.97
844.62	10252.13
844.81	9936.74
844.99	11106.13
845.17	6438.81
845.35	7677.83
845.53	7997.32
845.71	32564.75
845.90	6709.15
846.08	6203.30
846.26	6834.07
846.44	4825.01
846.62	7450.51
846.80	7233.43
846.98	7331.73
847.17	19654.36
847.35	11984.71
847.53	8003.46
847.71	8966.01
847.89	12021.58
848.07	5310.38
848.25	6668.19
848.44	5191.60
848.62	8556.41
848.80	6723.48
848.98	6959.00
849.16	7659.40
849.34	9439.09
849.52	7659.40
849.70	7380.88
849.89	9058.17
850.07	8421.25
850.25	8847.22
850.43	7466.89
850.61	7423.89
850.79	6553.50
850.97	6223.78
851.15	8503.17
851.33	7110.55
851.52	6262.69
851.70	11319.12
851.88	9791.34
852.06	5732.26
852.24	5767.08
852.42	9711.47
852.60	11476.82
852.78	11673.42
852.96	7720.84
853.14	6741.91
853.33	10903.39
853.51	7176.08
853.69	8124.29
853.87	9179.00
854.05	6965.14
854.23	4472.76
854.41	5394.35
854.59	6868.89
854.77	8404.86
854.95	6846.36
855.13	7301.01
855.31	8105.86
855.49	6565.79
855.68	6301.60
855.86	5693.35
856.04	11689.81
856.22	6922.13
856.40	7524.24
856.58	6010.79
856.76	9422.70
856.94	5789.61
857.12	8134.53
857.30	4284.35
857.48	7319.44
857.66	7405.46
857.84	14632.74
858.02	5932.97
858.20	10608.48
858.38	7260.05
858.56	6598.56
858.74	5267.38
858.92	5838.76
859.10	7286.67
859.29	8961.91
859.47	5414.83
859.65	10270.56
859.83	5701.54
860.01	6868.89
860.19	5003.19
860.37	7919.50
860.55	8263.55
860.73	4630.46
860.91	6076.32
861.09	9944.94
861.27	7798.66
861.45	8974.20
861.63	6487.96
861.81	9287.54
861.99	6586.27
862.17	6283.17
862.35	7073.68
862.53	6782.87
862.71	9293.68
862.89	6791.06
863.07	7227.28
863.25	8710.01
863.43	8273.79
863.61	9940.84
863.79	9478.00
863.97	9101.17
864.15	8261.51
864.33	7061.40
864.51	5767.08
864.69	4988.85
864.87	8286.08
865.05	6692.76
865.23	8312.71
865.41	6209.44
865.59	10508.13
865.77	6872.98
865.95	8019.85
866.13	5502.89
866.30	7296.91
866.48	5771.18
866.66	7739.27
866.84	6508.44
867.02	6805.40
867.20	6789.02
867.38	5967.78
867.56	7413.65
867.74	10162.02
867.92	8052.61
868.10	6696.86
868.28	6023.08
868.46	7970.69
868.64	9361.27
868.82	6416.29
869.00	7784.33
869.18	5029.81
869.36	11263.83
869.54	8159.11
869.72	8359.81
869.89	7405.46
870.07	6715.29
870.25	7548.81
870.43	8374.14
870.61	4685.75
870.79	7610.25
870.97	4894.65
871.15	8443.78
871.33	12007.24
871.51	6616.99
871.69	9998.18
871.87	7952.26
872.05	9979.75
872.22	8130.44
872.40	4779.96
872.58	6721.43
872.76	9047.93
872.94	8726.39
873.12	5373.87
873.30	3725.26
873.48	8077.19
873.66	6987.67
873.84	7989.13
874.01	8689.53
874.19	6379.42
874.37	6420.38
874.55	6512.54
874.73	8173.44
874.91	11808.59
875.09	6367.13
875.27	4982.71
875.45	7065.49
875.62	8060.80
875.80	6631.32
875.98	6250.40
876.16	6959.00
876.34	9928.55
876.52	5986.21
876.70	11931.47
876.88	6010.79
877.05	8300.42
877.23	7446.41
877.41	6383.52
877.59	12707.65
877.77	9092.98
877.95	5988.26
878.13	5486.51
878.30	6113.19
878.48	8359.81
878.66	8337.28
878.84	8654.72
879.02	5035.96
879.20	8271.75
879.37	8173.44
879.55	7665.55
879.73	9613.17
879.91	6913.94
880.09	8601.47
880.27	12103.50
880.45	7448.46
880.62	7198.61
880.80	7634.83
880.98	7032.72
881.16	6567.84
881.34	6139.81
881.51	6305.70
881.69	6074.28
881.87	6795.16
882.05	6875.03
882.23	5582.76
882.41	7182.23
882.58	7118.74
882.76	7550.86
882.94	6451.10
883.12	9742.19
883.30	8482.69
883.47	9234.29
883.65	7942.02
883.83	8570.75
884.01	5822.38
884.19	6764.44
884.36	7049.11
884.54	5093.30
884.72	8329.09
884.90	5574.57
885.08	10618.72
885.25	17532.66
885.43	8126.34
885.61	7069.59
885.79	7006.10
885.97	11386.71
886.14	10325.86
886.32	7135.12
886.50	10979.16
886.68	8226.69
886.85	6164.39
887.03	10426.21
887.21	7878.54
887.39	7255.95
887.56	10106.73
887.74	6365.09
887.92	7714.70
888.10	7319.44
888.27	7970.69
888.45	9191.28
888.63	9867.11
888.81	7346.06
888.99	6338.46
889.16	5910.44
889.34	5670.83
889.52	5636.01
889.69	8218.50
889.87	9328.50
890.05	7214.99
890.23	5689.26
890.40	5906.34
890.58	7188.37
890.76	7602.06
890.94	6371.23
891.11	5898.15
891.29	9693.04
891.47	5742.50
891.65	9590.64
891.82	10440.54
892.00	5455.79
892.18	8648.57
892.35	8005.51
892.53	7438.22
892.71	9535.34
892.89	8804.22
893.06	8859.51
893.24	7638.92
893.42	5187.50
893.59	6479.77
893.77	5183.41
893.95	7432.08
894.13	4816.82
894.30	9764.72
894.48	6277.02
894.66	13432.63
894.83	6375.33
895.01	8210.31
895.19	9531.25
895.36	6885.27
895.54	10700.64
895.72	7065.49
895.89	6832.02
896.07	6477.73
896.25	8341.38
896.43	6494.11
896.60	9871.21
896.78	6635.42
896.96	7886.73
897.13	9004.92
897.31	5560.24
897.49	7456.65
897.66	9647.98
897.84	7241.62
898.02	9930.60
898.19	7569.29
898.37	5289.90
898.55	8025.99
898.72	8314.75
898.90	9529.20
899.07	7755.66
899.25	8644.48
899.43	10403.68
899.60	12529.47
899.78	5552.04
899.96	4450.24
900.13	6799.26
900.31	8613.76
900.49	5918.63
900.66	11409.23
900.84	9355.12
901.02	10168.16
901.19	9099.13
901.37	6229.92
901.54	9514.86
901.72	5214.13
901.90	7542.67
902.07	7045.01
902.25	7823.24
902.43	6809.50
902.60	10469.22
902.78	5873.57
902.95	8124.29
903.13	7487.37
903.31	6584.22
903.48	7290.77
903.66	7653.26
903.83	8439.68
904.01	6879.13
904.19	6793.11
904.36	7987.08
904.54	5777.32
904.71	8171.40
904.89	6406.05
905.07	7823.24
905.24	7397.26
905.42	7552.91
905.59	10145.64
905.77	8269.70
905.95	9293.68
906.12	6530.97
906.30	7798.66
906.47	9879.40
906.65	11726.67
906.82	8759.16
907.00	9912.17
907.18	4679.61
907.35	6256.54
907.53	7864.20
907.70	8286.08
907.88	7237.52
908.05	18767.59
908.23	8564.61
908.41	8953.72
908.58	7163.79
908.76	5189.55
908.93	10055.53
909.11	8978.30
909.28	7178.13
909.46	7966.60
909.63	8359.81
909.81	9725.80
909.99	8368.00
910.16	5914.53
910.34	5705.64
910.51	9320.31
910.69	9039.73
910.86	5832.62
911.04	6987.67
911.21	5136.31
911.39	11743.05
911.56	6176.67
911.74	7337.87
911.91	8505.21
912.09	6483.87
912.26	5703.59
912.44	4425.66
912.62	6850.46
912.79	6461.34
912.97	9174.90
913.14	11202.39
913.32	8908.66
913.49	6393.76
913.67	8560.51
913.84	4214.72
914.02	6907.80
914.19	6993.81
914.37	7589.77
914.54	6369.18
914.72	5093.30
914.89	5562.28
915.07	10854.23
915.24	5988.26
915.42	6127.52
915.59	5595.05
915.77	11001.69
915.94	11589.46
916.12	13008.70
916.29	7454.61
916.46	8177.54
916.64	5908.39
916.81	11321.17
916.99	8789.88
917.16	6180.77
917.34	10403.68
917.51	9809.77
917.69	6504.35
917.86	4900.79
918.04	6184.87
918.21	11353.94
918.39	8329.09
918.56	7587.72
918.74	5314.48
918.91	11122.52
919.08	5314.48
919.26	9828.20
919.43	7243.67
919.61	7389.07
919.78	6911.89
919.96	10420.06
920.13	9895.78
920.31	7573.39
920.48	7587.72
920.65	6678.43
920.83	11018.07
921.00	8284.03
921.18	6092.71
921.35	8812.41
921.53	7036.82
921.70	5871.53
921.88	6533.02
922.05	7098.26
922.22	5210.03
922.40	7278.48
922.57	7180.18
922.75	4904.89
922.92	7389.07
923.09	8058.76
923.27	6201.25
923.44	11097.94
923.62	5556.14
923.79	10489.70
923.96	6502.30
924.14	5009.33
924.31	8593.28
924.49	7608.20
924.66	6328.22
924.83	8191.88
925.01	5259.18
925.18	12738.37
925.36	9887.59
925.53	6643.61
925.70	5855.14
925.88	5912.49
926.05	9893.74
926.23	8638.33
926.40	8011.65
926.57	7348.11
926.75	7585.68
926.92	6002.60
927.09	8650.62
927.27	4984.76
927.44	9807.72
927.62	7214.99
927.79	9637.74
927.96	6285.22
928.14	4644.79
928.31	8558.46
928.48	10553.18
928.66	6946.71
928.83	5177.26
929.00	6475.68
929.18	6674.33
929.35	7098.26
929.52	9516.91
929.70	8695.68
929.87	6000.55
930.05	6078.37
930.22	6170.53
930.39	8353.66
930.57	5142.45
930.74	11272.02
930.91	5951.40
931.09	10717.02
931.26	8505.21
931.43	9250.67
931.61	4120.51
931.78	7511.95
931.95	7315.34
932.12	10184.55
932.30	5742.50
932.47	10024.81
932.64	5535.66
932.82	4624.31
932.99	7094.16
933.16	7137.17
933.34	6756.25
933.51	8331.14
933.68	6811.54
933.86	7470.99
934.03	6666.14
934.20	6162.34
934.38	8568.70
934.55	6021.03
934.72	11018.07
934.89	10260.32
935.07	5236.66
935.24	8091.52
935.41	7309.20
935.59	7055.25
935.76	6651.80
935.93	7311.25
936.10	6342.56
936.28	7671.69
936.45	6672.28
936.62	7440.27
936.79	9877.35
936.97	7794.57
937.14	6791.06
937.31	8859.51
937.49	5857.19
937.66	9172.85
937.83	10301.28
938.00	9144.18
938.18	10551.14
938.35	9699.18
938.52	7042.96
938.69	7161.75
938.87	7874.44
939.04	8953.72
939.21	7657.36
939.38	7391.12
939.56	6928.28
939.73	4693.94
939.90	6289.31
940.07	5914.53
940.25	7354.26
940.42	7487.37
940.59	7673.74
940.76	6913.94
940.94	6537.12
941.11	6442.91
941.28	7593.87
941.45	9062.26
941.62	7391.12
941.80	5803.94
941.97	8722.30
942.14	6852.50
942.31	10344.29
942.48	6107.04
942.66	7430.03
942.83	9693.04
943.00	4474.81
943.17	9555.82
943.35	9135.99
943.52	7323.54
943.69	5193.65
943.86	6954.90
944.03	5152.69
944.21	12429.12
944.38	6074.28
944.55	8322.94
944.72	7503.76
944.89	6774.68
945.06	5939.11
945.24	6457.25
945.41	13164.34
945.58	9314.16
945.75	9123.70
945.92	7159.70
946.10	10579.81
946.27	5111.73
946.44	7634.83
946.61	5924.77
946.78	9301.87
946.95	5152.69
947.13	4560.83
947.30	7995.27
947.47	7212.95
947.64	8476.54
947.81	10483.55
947.98	8617.85
948.16	8505.21
948.33	6463.39
948.50	6733.72
948.67	7591.82
948.84	8830.84
949.01	6533.02
949.18	7663.50
949.36	11003.74
949.53	6979.48
949.70	8494.97
949.87	8900.47
950.04	6647.71
950.21	7671.69
950.38	5734.31
950.56	6641.56
950.73	7745.42
950.90	7511.95
951.07	8793.98
951.24	8105.86
951.41	7100.31
951.58	6809.50
951.75	8980.34
951.92	5382.06
952.10	7014.29
952.27	5267.38
952.44	9164.66
952.61	15238.94
952.78	7753.61
952.95	5230.51
953.12	9619.31
953.29	7860.10
953.46	7970.69
953.64	9195.38
953.81	6698.91
953.98	7485.33
954.15	7966.60
954.32	7225.23
954.49	5777.32
954.66	8159.11
954.83	8025.99
955.00	6074.28
955.17	9031.54
955.34	6369.18
955.51	7077.78
955.69	15650.58
955.86	8527.74
956.03	5474.22
956.20	8808.31
956.37	8632.19
956.54	5652.39
956.71	7825.29
956.88	7407.50
957.05	7546.76
957.22	6561.69
957.39	8488.83
957.56	7790.47
957.73	5812.14
957.90	6430.62
958.07	10258.28
958.24	8691.58
958.41	7231.38
958.59	8882.04
958.76	9103.22
958.93	11657.04
959.10	6453.15
959.27	6467.49
959.44	9916.26
959.61	6479.77
959.78	7774.09
959.95	6287.26
960.12	9635.69
960.29	10159.97
960.46	7167.89
960.63	4536.25
960.80	6750.10
960.97	7778.19
961.14	5652.39
961.31	7884.68
961.48	9961.32
961.65	9719.66
961.82	7985.03
961.99	7702.41
962.16	5986.21
962.33	7444.37
962.50	7673.74
962.67	6610.84
962.84	8560.51
963.01	5746.60
963.18	5728.17
963.35	6078.37
963.52	8707.96
963.69	6776.73
963.86	10424.16
964.03	9953.13
964.20	10979.16
964.37	9465.71
964.54	9090.93
964.71	7253.91
964.88	7430.03
965.05	7311.25
965.22	6897.56
965.39	9281.39
965.56	5267.38
965.73	7681.93
965.90	9074.55
966.07	6315.94
966.24	6463.39
966.41	7708.55
966.58	6588.32
966.74	10153.83
966.91	10852.19
967.08	12871.48
967.25	5646.25
967.42	6594.46
967.59	11333.46
967.76	6780.82
967.93	7901.06
968.10	6004.64
968.27	7901.06
968.44	7835.53
968.61	7069.59
968.78	5953.45
968.95	6920.09
969.12	8550.27
969.29	8470.40
969.46	6193.06
969.62	8187.78
969.79	6197.15
969.96	4706.23
970.13	6264.74
970.30	9142.13
970.47	8218.50
970.64	9607.02
970.81	8826.75
970.98	6926.23
971.15	8390.53
971.32	5062.58
971.49	9121.65
971.65	8447.87
971.82	8914.81
971.99	7651.21
972.16	8980.34
972.33	6479.77
972.50	6418.33
972.67	8236.93
972.84	7362.45
973.01	6313.89
973.17	9013.11
973.34	9729.90
973.51	9809.77
973.68	6061.99
973.85	7444.37
974.02	6768.54
974.19	6469.53
974.36	8521.60
974.53	9256.82
974.69	8691.58
974.86	6623.13
975.03	9199.48
975.20	6758.30
975.37	8818.55
975.54	9027.45
975.71	9133.94
975.87	8836.99
976.04	9912.17
976.21	8337.28
976.38	7683.98
976.55	6643.61
976.72	6197.15
976.89	9252.72
977.05	7780.23
977.22	11417.43
977.39	5779.37
977.56	9787.24
977.73	7827.34
977.90	5320.62
978.06	8218.50
978.23	7452.56
978.40	6283.17
978.57	10352.48
978.74	8232.83
978.91	9918.31
979.07	6090.66
979.24	10499.94
979.41	7808.90
979.58	8818.55
979.75	8376.19
979.91	5091.25
980.08	4806.58
980.25	8214.40
980.42	8259.46
980.59	7036.82
980.75	6842.26
980.92	7092.12
981.09	7339.92
981.26	9185.14
981.43	10356.58
981.59	8331.14
981.76	7956.36
981.93	8134.53
982.10	7104.40
982.27	6608.80
982.43	6338.46
982.60	6188.96
982.77	6315.94
982.94	7067.54
983.11	5961.64
983.27	5767.08
983.44	7268.24
983.61	7485.33
983.78	11124.57
983.94	10958.68
984.11	6668.19
984.28	7872.39
984.45	10202.98
984.61	5304.24
984.78	6643.61
984.95	6887.32
985.12	7782.28
985.28	10301.28
985.45	5640.11
985.62	5519.28
985.79	6211.49
985.95	7004.05
986.12	4945.84
986.29	6815.64
986.46	9285.49
986.62	8970.10
986.79	7651.21
986.96	6426.53
987.13	8417.15
987.29	11374.42
987.46	6983.57
987.63	8839.03
987.80	5740.46
987.96	12146.50
988.13	7139.22
988.30	6139.81
988.46	6526.88
988.63	9174.90
988.80	5427.12
988.97	5537.71
989.13	6948.76
989.30	8421.25
989.47	4718.52
989.63	4073.41
989.80	9285.49
989.97	8195.97
990.13	5363.63
990.30	11491.15
990.47	6756.25
990.64	6221.73
990.80	5128.11
990.97	6897.56
991.14	5590.95
991.30	7393.17
991.47	6344.61
991.64	6616.99
991.80	6631.32
991.97	6913.94
992.14	4929.46
992.30	12465.99
992.47	6852.50
992.64	6322.08
992.80	6447.01
992.97	4763.58
993.14	11364.18
993.30	17899.25
993.47	5685.16
993.64	6188.96
993.80	9301.87
993.97	5746.60
994.14	7096.21
994.30	9682.80
994.47	8101.76
994.64	6410.14
994.80	8411.01
994.97	5148.59
995.14	9486.19
995.30	7876.49
995.47	8109.96
995.63	8177.54
995.80	8216.45
995.97	13588.27
996.13	6289.31
996.30	5396.40
996.47	6934.42
996.63	12980.03
996.80	12758.85
996.97	7739.27
997.13	5717.93
997.30	8990.58
997.46	6459.29
997.63	8247.17
997.80	9142.13
997.96	8589.18
998.13	6238.11
998.29	6203.30
998.46	6924.18
998.63	6250.40
998.79	5547.95
998.96	8388.48
999.12	10411.87
999.29	7149.46
999.46	7221.14
999.62	10051.43
999.79	7337.87
999.95	6733.72
1000.12	7004.05
1000.29	5316.53
1000.45	8281.99
1000.62	7348.11
1000.78	7321.49
1000.95	6090.66
1001.11	7794.57
1001.28	7266.19
1001.45	5156.79
1001.61	9115.51
1001.78	9031.54
1001.94	8697.72
1002.11	7432.08
1002.27	9312.11
1002.44	9752.43
1002.61	7083.92
1002.77	6627.23
1002.94	5326.77
1003.10	6590.36
1003.27	9092.98
1003.43	6791.06
1003.60	7726.99
1003.76	5771.18
1003.93	7722.89
1004.10	8230.79
1004.26	8832.89
1004.43	7593.87
1004.59	12150.60
1004.76	5492.65
1004.92	6832.02
1005.09	12607.30
1005.25	8343.42
1005.42	6868.89
1005.58	10637.15
1005.75	8841.08
1005.91	7339.92
1006.08	10702.68
1006.24	5375.92
1006.41	6059.94
1006.57	7571.34
1006.74	6741.91
1006.90	7020.44
1007.07	6465.44
1007.23	11677.52
1007.40	6819.74
1007.56	5869.48
1007.73	7524.24
1007.89	8931.19
1008.06	9959.27
1008.22	6903.70
1008.39	8195.97
1008.55	6137.76
1008.72	7909.26
1008.88	5459.88
1009.05	6700.95
1009.21	9154.42
1009.38	5109.68
1009.54	6614.94
1009.71	10329.95
1009.87	10567.52
1010.04	4624.31
1010.20	7266.19
1010.37	5328.81
1010.53	10071.91
1010.70	7669.64
1010.86	4845.49
1011.03	5570.48
1011.19	5324.72
1011.35	8986.49
1011.52	7051.16
1011.68	7045.01
1011.85	6391.71
1012.01	8474.49
1012.18	8294.27
1012.34	5617.58
1012.51	6774.68
1012.67	7221.14
1012.83	7544.72
1013.00	7868.30
1013.16	5013.43
1013.33	7069.59
1013.49	11867.98
1013.66	8034.18
1013.82	11956.04
1013.99	7083.92
1014.15	8343.42
1014.31	9332.59
1014.48	8839.03
1014.64	8757.11
1014.81	7389.07
1014.97	4968.37
1015.13	8580.99
1015.30	7352.21
1015.46	7579.53
1015.63	5857.19
1015.79	5916.58
1015.95	5801.90
1016.12	5918.63
1016.28	7327.63
1016.45	6055.84
1016.61	7397.26
1016.77	5959.59
1016.94	7301.01
1017.10	7923.59
1017.27	7561.10
1017.43	5740.46
1017.59	7917.45
1017.76	9848.68
1017.92	6086.56
1018.09	6027.17
1018.25	9985.90
1018.41	9453.42
1018.58	7335.82
1018.74	6279.07
1018.90	6625.18
1019.07	8507.26
1019.23	6205.35
1019.40	5730.22
1019.56	8722.30
1019.72	6002.60
1019.89	8646.52
1020.05	13043.51
1020.21	9084.79
1020.38	7061.40
1020.54	6160.29
1020.70	7876.49
1020.87	7124.88
1021.03	8484.73
1021.19	7174.03
1021.36	4356.03
1021.52	7954.31
1021.68	11622.22
1021.85	13862.70
1022.01	8263.55
1022.17	7255.95
1022.34	6467.49
1022.50	7188.37
1022.66	8118.15
1022.83	9916.26
1022.99	8175.49
1023.15	6356.90
1023.32	10071.91
1023.48	7823.24
1023.64	6815.64
1023.81	4569.02
1023.97	8390.53
1024.13	8671.10
1024.30	5816.23
1024.46	9617.26
1024.62	7624.59
1024.79	7491.47
1024.95	9488.24
1025.11	6410.14
1025.27	8142.72
1025.44	6041.51
1025.60	6758.30
1025.76	8679.29
1025.93	6412.19
1026.09	7053.20
1026.25	6457.25
1026.41	8148.87
1026.58	4931.51
1026.74	7229.33
1026.90	8744.83
1027.07	9121.65
1027.23	5709.74
1027.39	7823.24
1027.55	8431.49
1027.72	7020.44
1027.88	9371.50
1028.04	8667.00
1028.20	6895.51
1028.37	4261.82
1028.53	8433.54
1028.69	6168.48
1028.85	8707.96
1029.02	9336.69
1029.18	6037.41
1029.34	5527.47
1029.50	7059.35
1029.67	9688.94
1029.83	6299.55
1029.99	8249.22
1030.15	6578.08
1030.32	6741.91
1030.48	8531.84
1030.64	6619.04
1030.80	8701.82
1030.97	9115.51
1031.13	6979.48
1031.29	11253.59
1031.45	9844.59
1031.61	6246.30
1031.78	6256.54
1031.94	10469.22
1032.10	7094.16
1032.26	8806.27
1032.42	7563.15
1032.59	9525.10
1032.75	7106.45
1032.91	5607.34
1033.07	6485.92
1033.24	5676.97
1033.40	12042.06
1033.56	8615.80
1033.72	6090.66
1033.88	8273.79
1034.04	11913.03
1034.21	8820.60
1034.37	7995.27
1034.53	7815.05
1034.69	6422.43
1034.85	6649.75
1035.02	5947.30
1035.18	5347.25
1035.34	8099.72
1035.50	5574.57
1035.66	7858.06
1035.82	6612.89
1035.99	8394.62
1036.15	7626.64
1036.31	10010.47
1036.47	8091.52
1036.63	14663.46
1036.79	11970.38
1036.96	8959.86
1037.12	9305.97
1037.28	5347.25
1037.44	4284.35
1037.60	6447.01
1037.76	7745.42
1037.92	6127.52
1038.09	4435.90
1038.25	10481.50
1038.41	7636.88
1038.57	8849.27
1038.73	7620.49
1038.89	6602.65
1039.05	8875.90
1039.22	6821.78
1039.38	7305.10
1039.54	11466.58
1039.70	9346.93
1039.86	9125.75
1040.02	5646.25
1040.18	6264.74
1040.34	7358.35
1040.51	6641.56
1040.67	17239.80
1040.83	10542.94
1040.99	9779.05
1041.15	10325.86
1041.31	6694.81
1041.47	9525.10
1041.63	8613.76
