345.74	1349.61
345.96	1349.61
346.17	1349.61
346.39	1378.28
346.60	1368.04
346.81	2465.75
347.03	2564.06
347.24	3114.96
347.46	3157.97
347.67	2588.63
347.89	2404.32
348.10	2985.94
348.32	2889.68
348.53	2437.08
348.75	2471.90
348.96	2818.00
349.18	3160.02
349.39	2525.15
349.61	2512.86
349.82	3129.30
350.04	2996.18
350.25	2402.27
350.47	2629.59
350.68	3133.39
350.90	3225.55
351.11	2416.60
351.32	2514.91
351.54	3264.46
351.75	3268.56
351.97	2531.29
352.18	2588.63
352.40	2891.73
352.61	3239.89
352.83	2691.03
353.04	2381.79
353.26	3284.94
353.47	3035.09
353.69	2639.83
353.90	2564.06
354.11	2916.31
354.33	3448.78
354.54	2340.83
354.76	2699.22
354.97	2887.64
355.19	3276.75
355.40	2521.05
355.62	3121.10
355.83	3137.49
356.04	3233.74
356.26	2627.54
356.47	2836.44
356.69	3092.43
356.90	3755.97
357.12	2797.53
357.33	2643.93
357.55	3260.37
357.76	3426.25
357.97	2805.72
358.19	3049.43
358.40	3252.17
358.62	3854.28
358.83	3055.57
359.05	3264.46
359.26	3567.56
359.47	3702.73
359.69	3381.20
359.90	3700.68
360.12	3596.23
360.33	3915.72
360.55	3489.74
360.76	3825.61
360.97	4325.31
361.19	4616.12
361.40	3813.32
361.62	4220.86
361.83	4755.38
362.04	5048.24
362.26	4343.74
362.47	4577.21
362.69	4992.95
362.90	5330.86
363.12	4726.71
363.33	5248.94
363.54	5605.29
363.76	5982.12
363.97	5453.74
364.19	5580.71
364.40	6582.17
364.61	6080.42
364.83	5691.31
365.04	6283.17
365.26	6676.38
365.47	7053.20
365.68	6289.31
365.90	6537.12
366.11	6739.87
366.33	7245.71
366.54	6504.35
366.75	6281.12
366.97	6723.48
367.18	6883.22
367.40	6463.39
367.61	6332.32
367.82	6795.16
368.04	6944.66
368.25	6287.26
368.46	6193.06
368.68	6508.44
368.89	6918.04
369.11	5916.58
369.32	6080.42
369.53	6551.45
369.75	6338.46
369.96	5969.83
370.18	5711.78
370.39	5779.37
370.60	5851.05
370.82	5164.98
371.03	4972.47
371.24	5863.33
371.46	5294.00
371.67	4911.03
371.88	4751.29
372.10	4829.11
372.31	4657.08
372.53	4251.58
372.74	4384.70
372.95	4448.19
373.17	4577.21
373.38	4364.22
373.59	4235.20
373.81	4251.58
374.02	4599.74
374.23	3798.98
374.45	4143.04
374.66	4267.97
374.88	4087.75
375.09	3585.99
375.30	3878.85
375.52	4014.02
375.73	4052.93
375.94	3286.99
376.16	3592.14
376.37	3930.05
376.58	3831.75
376.80	3473.36
377.01	3373.00
377.22	4157.38
377.44	3813.32
377.65	3307.47
377.86	2883.54
378.08	3553.23
378.29	3461.07
378.50	3141.58
378.72	2904.02
378.93	3874.76
379.14	3686.34
379.36	3358.67
379.57	3055.57
379.78	3243.98
380.00	3571.66
380.21	2856.92
380.42	2705.37
380.64	3119.06
380.85	3092.43
381.06	2955.22
381.28	2940.88
381.49	3753.93
381.70	3151.82
381.92	2717.65
382.13	3002.32
382.34	3749.83
382.56	3594.19
382.77	2848.72
382.98	2877.40
383.19	3385.29
383.41	3397.58
383.62	2783.19
383.83	2848.72
384.05	3256.27
384.26	3416.01
384.47	2758.61
384.69	2828.24
384.90	3256.27
385.11	3555.27
385.33	2719.70
385.54	2908.12
385.75	3071.95
385.96	3332.05
386.18	3057.62
386.39	2754.52
386.60	2990.03
386.82	3379.15
387.03	2725.85
387.24	2701.27
387.45	2940.88
387.67	2965.46
387.88	2848.72
388.09	2746.33
388.31	2961.36
388.52	3071.95
388.73	3053.52
388.94	2547.67
389.16	3241.93
389.37	2881.49
389.58	2693.08
389.80	2590.68
390.01	3014.61
390.22	3182.54
390.43	2785.24
390.65	2783.19
390.86	2963.41
391.07	3055.57
391.29	2734.04
391.50	2424.80
391.71	3280.85
391.92	3268.56
392.14	2662.36
392.35	2805.72
392.56	2924.50
392.77	3174.35
392.99	2627.54
393.20	2465.75
393.41	2985.94
393.62	3039.19
393.84	2502.62
394.05	2641.88
394.26	3061.71
394.47	3338.19
394.69	2865.11
394.90	2834.39
395.11	3006.42
395.32	2953.17
395.54	2496.47
395.75	2371.55
395.96	2875.35
396.17	3422.16
396.39	2875.35
396.60	2455.51
396.81	3092.43
397.02	2985.94
397.24	2879.44
397.45	2936.79
397.66	2922.45
397.87	3125.20
398.09	2658.26
398.30	2519.00
398.51	3160.02
398.72	2899.92
398.94	2539.48
399.15	2985.94
399.36	3094.48
399.57	3151.82
399.79	2676.70
400.00	2916.31
400.21	2688.98
400.42	3127.25
400.63	2643.93
400.85	2738.13
401.06	2981.84
401.27	3061.71
401.48	3182.54
401.70	2566.10
401.91	3405.77
402.12	3235.79
402.33	2846.68
402.54	2592.73
402.76	3004.37
402.97	3393.48
403.18	2541.53
403.39	2617.30
403.60	3078.10
403.82	3030.99
404.03	2338.78
404.24	2555.86
404.45	3121.10
404.66	3344.33
404.88	2424.80
405.09	3012.56
405.30	3078.10
405.51	3096.53
405.73	2559.96
405.94	2510.81
406.15	2949.08
406.36	3014.61
406.57	2643.93
406.78	2553.82
407.00	3028.95
407.21	3223.50
407.42	2432.99
407.63	2926.55
407.84	3149.78
408.06	3067.86
408.27	2570.20
408.48	2666.46
408.69	3071.95
408.90	2881.49
409.12	2422.75
409.33	2664.41
409.54	2770.90
409.75	3082.19
409.96	2578.39
410.17	2834.39
410.39	2922.45
410.60	3373.00
410.81	2744.28
411.02	2830.29
411.23	4560.83
411.44	2850.77
411.66	2645.98
411.87	2949.08
412.08	3399.63
412.29	2809.81
412.50	2637.78
412.71	2519.00
412.93	2826.20
413.14	3002.32
413.35	2781.14
413.56	2641.88
413.77	3018.71
413.98	3112.91
414.20	2586.58
414.41	2822.10
414.62	3114.96
414.83	2828.24
415.04	2594.78
415.25	2734.04
415.46	3321.81
415.68	2973.65
415.89	2498.52
416.10	2719.70
416.31	2801.62
416.52	3139.54
416.73	2736.09
416.94	2617.30
417.16	3051.47
417.37	3098.58
417.58	2850.77
417.79	2496.47
418.00	3059.67
418.21	2955.22
418.42	2842.58
418.64	2516.95
418.85	2850.77
419.06	3084.24
419.27	2613.21
419.48	2691.03
419.69	3071.95
419.90	2807.77
420.11	2523.10
420.33	2584.54
420.54	3407.82
420.75	3387.34
420.96	2449.37
421.17	2775.00
421.38	3014.61
421.59	2897.88
421.80	2492.38
422.02	2609.11
422.23	3028.95
422.44	3192.78
422.65	2576.34
422.86	2680.79
423.07	2912.21
423.28	3149.78
423.49	2334.68
423.70	2758.61
423.92	2815.96
424.13	3274.70
424.34	2531.29
424.55	2551.77
424.76	3413.96
424.97	3338.19
425.18	2471.90
425.39	2840.53
425.60	2875.35
425.81	2916.31
426.03	2723.80
426.24	2590.68
426.45	3102.67
426.66	3450.83
426.87	2701.27
427.08	2895.83
427.29	3078.10
427.50	3061.71
427.71	2654.17
427.92	2572.25
428.13	2883.54
428.34	2920.40
428.56	2828.24
428.77	2828.24
428.98	3575.75
429.19	3094.48
429.40	2752.47
429.61	2652.12
429.82	3151.82
430.03	3026.90
430.24	2781.14
430.45	2443.23
430.66	3219.41
430.87	3014.61
431.08	2691.03
431.30	2537.43
431.51	3135.44
431.72	3243.98
431.93	2899.92
432.14	2645.98
432.35	3047.38
432.56	3364.81
432.77	2633.69
432.98	2754.52
433.19	3104.72
433.40	3014.61
433.61	2619.35
433.82	2682.84
434.03	2883.54
434.24	3002.32
434.45	3282.89
434.66	3110.86
434.87	3229.65
435.09	3112.91
435.30	2799.57
435.51	2940.88
435.72	3078.10
435.93	2889.68
436.14	2742.23
436.35	2736.09
436.56	3252.17
436.77	3112.91
436.98	2627.54
437.19	2904.02
437.40	3428.30
437.61	3117.01
437.82	2740.18
438.03	2731.99
438.24	3002.32
438.45	3041.23
438.66	2547.67
438.87	2568.15
439.08	3022.80
439.29	2981.84
439.50	2820.05
439.71	3188.69
439.92	2822.10
440.13	2885.59
440.34	2688.98
440.55	2951.12
440.76	2908.12
440.97	3264.46
441.18	2944.98
441.39	2686.94
441.60	2957.27
441.81	2951.12
442.02	2793.43
442.23	2727.89
442.44	3209.17
442.65	2850.77
442.86	2844.63
443.07	2895.83
443.28	2973.65
443.49	3127.25
443.70	2949.08
443.91	2662.36
444.12	2873.30
444.33	2891.73
444.54	3012.56
444.75	2760.66
444.96	3184.59
445.17	3307.47
445.38	3078.10
445.59	2766.81
445.80	3053.52
446.01	2840.53
446.22	3219.41
446.43	2594.78
446.64	2801.62
446.85	2994.13
447.06	2766.81
447.27	2801.62
447.48	3209.17
447.69	2881.49
447.90	2801.62
448.11	2531.29
448.32	2934.74
448.53	2891.73
448.74	2934.74
448.95	2740.18
449.16	2869.20
449.37	3014.61
449.58	2727.89
449.79	2590.68
450.00	2674.65
450.21	2834.39
450.42	2818.00
450.63	2754.52
450.84	2840.53
451.05	2695.13
451.26	2912.21
451.47	2781.14
451.68	3035.09
451.89	2869.20
452.10	2766.81
452.30	3010.51
452.51	3141.58
452.72	2678.74
452.93	2893.78
453.14	2830.29
453.35	2826.20
453.56	3076.05
453.77	2799.57
453.98	2693.08
454.19	3112.91
454.40	2832.34
454.61	3178.45
454.82	2875.35
455.03	2547.67
455.24	2725.85
455.45	2861.01
455.66	2885.59
455.87	2863.06
456.07	2736.09
456.28	2662.36
456.49	2535.39
456.70	2998.23
456.91	2768.85
457.12	2574.30
457.33	2633.69
457.54	3014.61
457.75	3080.14
457.96	3065.81
458.17	2822.10
458.38	2879.44
458.59	2615.26
458.79	2635.74
459.00	2453.47
459.21	2736.09
459.42	2660.31
459.63	2519.00
459.84	2484.19
460.05	3563.47
460.26	2891.73
460.47	2830.29
460.68	2578.39
460.89	3100.62
461.09	3102.67
461.30	2854.87
461.51	2703.32
461.72	3190.74
461.93	2875.35
462.14	2715.61
462.35	2475.99
462.56	2967.51
462.77	2559.96
462.98	2947.03
463.18	2744.28
463.39	2893.78
463.60	3039.19
463.81	2760.66
464.02	3102.67
464.23	2936.79
464.44	3379.15
464.65	2824.15
464.86	2541.53
465.06	2580.44
465.27	2818.00
465.48	2531.29
465.69	2731.99
465.90	2949.08
466.11	2887.64
466.32	2543.58
466.53	2578.39
466.74	2975.70
466.94	2840.53
467.15	2686.94
467.36	2656.22
467.57	3100.62
467.78	2922.45
467.99	2832.34
468.20	3121.10
468.40	2738.13
468.61	2719.70
468.82	2688.98
469.03	3205.07
469.24	3047.38
469.45	2865.11
469.66	2699.22
469.86	2625.50
470.07	2949.08
470.28	2863.06
470.49	2654.17
470.70	2582.49
470.91	2826.20
471.12	2969.55
471.32	2684.89
471.53	2813.91
471.74	2895.83
471.95	2967.51
472.16	2717.65
472.37	2744.28
472.58	3002.32
472.78	2752.47
472.99	2766.81
473.20	2736.09
473.41	2840.53
473.62	2617.30
473.83	3178.45
474.03	2904.02
474.24	2918.36
474.45	2897.88
474.66	2652.12
474.87	2750.42
475.08	2805.72
475.28	3039.19
475.49	2979.79
475.70	2590.68
475.91	3016.66
476.12	2912.21
476.32	2600.92
476.53	2801.62
476.74	3100.62
476.95	2830.29
477.16	2670.55
477.37	2844.63
477.57	2899.92
477.78	2752.47
477.99	2701.27
478.20	2750.42
478.41	3088.34
478.61	2955.22
478.82	2963.41
479.03	2684.89
479.24	2924.50
479.45	2893.78
479.65	2785.24
479.86	2777.05
480.07	3043.28
480.28	2791.38
480.49	3784.65
480.69	2711.51
480.90	2906.07
481.11	2824.15
481.32	2533.34
481.53	2766.81
481.73	2973.65
481.94	2791.38
482.15	2734.04
482.36	2775.00
482.57	2840.53
482.77	3198.93
482.98	2979.79
483.19	2822.10
483.40	2688.98
483.60	2830.29
483.81	2869.20
484.02	2848.72
484.23	2781.14
484.44	2650.07
484.64	2760.66
484.85	2752.47
485.06	2854.87
485.27	2871.25
485.47	2871.25
485.68	2854.87
485.89	2916.31
486.10	3223.50
486.31	3127.25
486.51	2727.89
486.72	2840.53
486.93	2805.72
487.14	2719.70
487.34	2625.50
487.55	2830.29
487.76	2963.41
487.97	2949.08
488.17	2619.35
488.38	2901.97
488.59	2777.05
488.80	2916.31
489.00	2873.30
489.21	3033.04
489.42	2785.24
489.63	3000.27
489.83	2889.68
490.04	2832.34
490.25	2719.70
490.46	2815.96
490.66	3002.32
490.87	2875.35
491.08	2770.90
491.29	2707.41
491.49	2676.70
491.70	2916.31
491.91	2908.12
492.11	2912.21
492.32	2775.00
492.53	2600.92
492.74	3112.91
492.94	2981.84
493.15	2807.77
493.36	2893.78
493.57	2813.91
493.77	2799.57
493.98	2955.22
494.19	2979.79
494.39	2977.75
494.60	2555.86
494.81	2568.15
495.02	3037.14
495.22	3006.42
495.43	2537.43
495.64	2523.10
495.84	2660.31
496.05	3260.37
496.26	2887.64
496.47	2881.49
496.67	3160.02
496.88	2932.69
497.09	2785.24
497.29	2510.81
497.50	2609.11
497.71	3026.90
497.91	2525.15
498.12	2912.21
498.33	2795.48
498.54	2938.84
498.74	2693.08
498.95	2547.67
499.16	2904.02
499.36	2666.46
499.57	2631.64
499.78	2594.78
499.98	2674.65
500.19	2701.27
500.40	2633.69
500.60	2955.22
500.81	2830.29
501.02	3039.19
501.22	3174.35
501.43	2557.91
501.64	2818.00
501.85	3012.56
502.05	3252.17
502.26	2697.17
502.47	3219.41
502.67	2768.85
502.88	2756.57
503.09	2906.07
503.29	2594.78
503.50	2789.33
503.71	3133.39
503.91	2746.33
504.12	2815.96
504.33	2744.28
504.53	2777.05
504.74	2793.43
504.95	2971.60
505.15	2707.41
505.36	2961.36
505.56	2633.69
505.77	3262.41
505.98	2594.78
506.18	2965.46
506.39	2629.59
506.60	2670.55
506.80	2967.51
507.01	2725.85
507.22	2766.81
507.42	2936.79
507.63	2615.26
507.84	2879.44
508.04	2496.47
508.25	3112.91
508.45	3231.69
508.66	2709.46
508.87	2559.96
509.07	2908.12
509.28	2854.87
509.49	2654.17
509.69	2983.89
509.90	2744.28
510.11	2691.03
510.31	2684.89
510.52	2605.02
510.72	2711.51
510.93	2834.39
511.14	2580.44
511.34	2523.10
511.55	2723.80
511.76	3205.07
511.96	3092.43
512.17	2727.89
512.37	2936.79
512.58	2770.90
512.79	2564.06
512.99	2731.99
513.20	2906.07
513.40	2877.40
513.61	2813.91
513.82	2596.82
514.02	2600.92
514.23	2734.04
514.43	3155.92
514.64	2744.28
514.85	2875.35
515.05	2996.18
515.26	2682.84
515.46	2883.54
515.67	2930.64
515.88	2680.79
516.08	3098.58
516.29	2703.32
516.49	2815.96
516.70	2865.11
516.91	2738.13
517.11	2795.48
517.32	2750.42
517.52	2922.45
517.73	2621.40
517.93	2973.65
518.14	2906.07
518.35	2686.94
518.55	2547.67
518.76	2879.44
518.96	3119.06
519.17	2539.48
519.38	2770.90
519.58	2889.68
519.79	2867.16
519.99	2742.23
520.20	2691.03
520.40	2670.55
520.61	2656.22
520.82	3186.64
521.02	3004.37
521.23	2779.09
521.43	2965.46
521.64	2701.27
521.84	2674.65
522.05	2658.26
522.25	2602.97
522.46	2611.16
522.67	2758.61
522.87	3018.71
523.08	3114.96
523.28	2777.05
523.49	3170.26
523.69	2709.46
523.90	2912.21
524.10	2969.55
524.31	2715.61
524.51	2916.31
524.72	2961.36
524.93	2881.49
525.13	2682.84
525.34	2748.37
525.54	2779.09
525.75	2944.98
525.95	2371.55
526.16	2955.22
526.36	2928.60
526.57	3022.80
526.77	2392.03
526.98	3125.20
527.18	2701.27
527.39	2648.02
527.59	3119.06
527.80	2803.67
528.00	2973.65
528.21	2981.84
528.42	2746.33
528.62	2789.33
528.83	2727.89
529.03	3260.37
529.24	2910.16
529.44	2502.62
529.65	2908.12
529.85	2797.53
530.06	3192.78
530.26	2756.57
530.47	2922.45
530.67	3043.28
530.88	2609.11
531.08	2879.44
531.29	2742.23
531.49	2731.99
531.70	2854.87
531.90	2551.77
532.11	2752.47
532.31	2883.54
532.52	2820.05
532.72	2432.99
532.93	2875.35
533.13	2525.15
533.34	2605.02
533.54	2895.83
533.75	2551.77
533.95	2562.01
534.16	2582.49
534.36	2717.65
534.57	2824.15
534.77	3108.82
534.97	2842.58
535.18	2584.54
535.38	2650.07
535.59	2672.60
535.79	2678.74
536.00	2650.07
536.20	2682.84
536.41	2500.57
536.61	2793.43
536.82	2535.39
537.02	2727.89
537.23	2807.77
537.43	2918.36
537.64	2578.39
537.84	2842.58
538.05	2818.00
538.25	2908.12
538.45	2719.70
538.66	2899.92
538.86	2727.89
539.07	2627.54
539.27	2703.32
539.48	2650.07
539.68	2877.40
539.89	2654.17
540.09	3127.25
540.29	2873.30
540.50	2539.48
540.70	2928.60
540.91	2705.37
541.11	2924.50
541.32	2676.70
541.52	2801.62
541.73	2648.02
541.93	2594.78
542.13	2832.34
542.34	2510.81
542.54	2691.03
542.75	2783.19
542.95	3397.58
543.16	2727.89
543.36	2754.52
543.56	2772.95
543.77	2793.43
543.97	2858.96
544.18	2645.98
544.38	2906.07
544.59	2723.80
544.79	2648.02
544.99	3121.10
545.20	3194.83
545.40	2668.50
545.61	2748.37
545.81	2803.67
546.01	3123.15
546.22	2865.11
546.42	2691.03
546.63	2617.30
546.83	2867.16
547.04	2766.81
547.24	2840.53
547.44	2637.78
547.65	2768.85
547.85	2545.63
548.06	2629.59
548.26	2680.79
548.46	3182.54
548.67	2848.72
548.87	2834.39
549.08	2711.51
549.28	2699.22
549.48	2777.05
549.69	2977.75
549.89	2502.62
550.09	3028.95
550.30	3063.76
550.50	2498.52
550.71	2643.93
550.91	2865.11
551.11	2461.66
551.32	3004.37
551.52	2598.87
551.73	2920.40
551.93	2602.97
552.13	3016.66
552.34	2949.08
552.54	2592.73
552.74	2889.68
552.95	2682.84
553.15	2756.57
553.35	2783.19
553.56	2760.66
553.76	3018.71
553.97	2762.71
554.17	2877.40
554.37	2731.99
554.58	2926.55
554.78	2723.80
554.98	2824.15
555.19	2639.83
555.39	2744.28
555.59	2570.20
555.80	2842.58
556.00	2731.99
556.20	2893.78
556.41	2758.61
556.61	2605.02
556.82	2627.54
557.02	2848.72
557.22	2668.50
557.43	2619.35
557.63	2863.06
557.83	2676.70
558.04	3135.44
558.24	2686.94
558.44	2799.57
558.65	2576.34
558.85	2490.33
559.05	2818.00
559.26	2693.08
559.46	2562.01
559.66	2615.26
559.87	2711.51
560.07	2807.77
560.27	3139.54
560.48	3092.43
560.68	2955.22
560.88	2660.31
561.08	2916.31
561.29	2975.70
561.49	2635.74
561.69	2764.76
561.90	3096.53
562.10	2711.51
562.30	3215.31
562.51	2887.64
562.71	2754.52
562.91	3053.52
563.12	2682.84
563.32	2637.78
563.52	2985.94
563.72	2752.47
563.93	2729.94
564.13	2650.07
564.33	3096.53
564.54	2807.77
564.74	2779.09
564.94	2842.58
565.15	2607.06
565.35	2760.66
565.55	3139.54
565.75	2480.09
565.96	2815.96
566.16	2838.48
566.36	2633.69
566.57	2648.02
566.77	3184.59
566.97	2885.59
567.17	2957.27
567.38	2652.12
567.58	2883.54
567.78	2924.50
567.99	3221.45
568.19	2701.27
568.39	2942.93
568.59	3047.38
568.80	2932.69
569.00	2979.79
569.20	2861.01
569.40	2627.54
569.61	2987.99
569.81	2838.48
570.01	2740.18
570.21	2549.72
570.42	3092.43
570.62	2605.02
570.82	2658.26
571.02	2619.35
571.23	2684.89
571.43	3080.14
571.63	2713.56
571.84	2455.51
572.04	2545.63
572.24	2996.18
572.44	2848.72
572.64	2717.65
572.85	2828.24
573.05	2947.03
573.25	3149.78
573.45	2414.56
573.66	3387.34
573.86	2693.08
574.06	2891.73
574.26	2899.92
574.47	2731.99
574.67	2967.51
574.87	2607.06
575.07	2684.89
575.28	2750.42
575.48	2766.81
575.68	2844.63
575.88	2688.98
576.08	3014.61
576.29	2775.00
576.49	2940.88
576.69	2947.03
576.89	2717.65
577.10	2787.29
577.30	2963.41
577.50	2719.70
577.70	2682.84
577.90	3149.78
578.11	2992.08
578.31	2547.67
578.51	2969.55
578.71	2541.53
578.91	2881.49
579.12	2842.58
579.32	2867.16
579.52	4554.68
579.72	2727.89
579.92	2775.00
580.13	2961.36
580.33	3229.65
580.53	2883.54
580.73	2611.16
580.93	2904.02
581.14	2746.33
581.34	2955.22
581.54	2654.17
581.74	2910.16
581.94	2682.84
582.15	2981.84
582.35	2545.63
582.55	2854.87
582.75	3219.41
582.95	2916.31
583.15	3125.20
583.36	3049.43
583.56	2846.68
583.76	2674.65
583.96	2955.22
584.16	3008.47
584.37	2813.91
584.57	2901.97
584.77	2625.50
584.97	2824.15
585.17	2926.55
585.37	2922.45
585.57	2889.68
585.78	2506.71
585.98	2705.37
586.18	2766.81
586.38	2734.04
586.58	2594.78
586.78	2684.89
586.99	2627.54
587.19	2873.30
587.39	2752.47
587.59	2635.74
587.79	2662.36
587.99	2865.11
588.19	2748.37
588.40	2906.07
588.60	2592.73
588.80	3196.88
589.00	2600.92
589.20	2799.57
589.40	3071.95
589.60	2553.82
589.81	2822.10
590.01	2662.36
590.21	3200.98
590.41	2684.89
590.61	2807.77
590.81	2645.98
591.01	3078.10
591.22	2719.70
591.42	3254.22
591.62	2916.31
591.82	2916.31
592.02	2881.49
592.22	2770.90
592.42	3397.58
592.62	2809.81
592.82	2830.29
593.03	3014.61
593.23	2848.72
593.43	2961.36
593.63	2750.42
593.83	2813.91
594.03	3092.43
594.23	2996.18
594.43	2615.26
594.63	2641.88
594.84	2777.05
595.04	3059.67
595.24	2848.72
595.44	2697.17
595.64	2889.68
595.84	3053.52
596.04	2873.30
596.24	2670.55
596.44	2787.29
596.64	2650.07
596.84	2752.47
597.05	2852.82
597.25	2971.60
597.45	2963.41
597.65	2693.08
597.85	2746.33
598.05	2818.00
598.25	2576.34
598.45	2715.61
598.65	2836.44
598.85	2711.51
599.05	3190.74
599.25	2838.48
599.46	2500.57
599.66	3045.33
599.86	2740.18
600.06	2912.21
600.26	2772.95
600.46	2760.66
600.66	2867.16
600.86	2979.79
601.06	2734.04
601.26	2713.56
601.46	3024.85
601.66	2832.34
601.86	2709.46
602.06	2852.82
602.26	2623.45
602.46	2547.67
602.66	2748.37
602.87	2703.32
603.07	2891.73
603.27	2813.91
603.47	2760.66
603.67	3256.27
603.87	3053.52
604.07	2824.15
604.27	2998.23
604.47	2764.76
604.67	2580.44
604.87	2795.48
605.07	2781.14
605.27	2834.39
605.47	2652.12
605.67	2815.96
605.87	2848.72
606.07	3000.27
606.27	2752.47
606.47	2568.15
606.67	2539.48
606.87	2580.44
607.07	2914.26
607.27	2654.17
607.47	2820.05
607.67	2826.20
607.87	2643.93
608.07	2916.31
608.27	2858.96
608.47	2564.06
608.67	3117.01
608.87	2785.24
609.07	2887.64
609.27	2781.14
609.47	2924.50
609.67	2772.95
609.87	2813.91
610.07	2940.88
610.27	5003.19
610.47	2664.41
610.67	2850.77
610.87	2746.33
611.07	3198.93
611.27	2820.05
611.47	2846.68
611.67	3012.56
611.87	2791.38
612.07	2711.51
612.27	2854.87
612.47	2715.61
612.67	2803.67
612.87	2879.44
613.07	2627.54
613.27	2736.09
613.47	2867.16
613.67	2899.92
613.87	2861.01
614.07	2717.65
614.27	2621.40
614.47	2756.57
614.67	2846.68
614.87	2645.98
615.07	2789.33
615.27	2680.79
615.47	2727.89
615.67	3016.66
615.87	2598.87
616.07	2830.29
616.27	2865.11
616.47	2670.55
616.67	2709.46
616.87	2684.89
617.07	2600.92
617.27	2795.48
617.47	2777.05
617.66	2705.37
617.86	2736.09
618.06	2715.61
618.26	2678.74
618.46	2836.44
618.66	3020.75
618.86	3080.14
619.06	2805.72
619.26	2889.68
619.46	2717.65
619.66	2947.03
619.86	2877.40
620.06	2826.20
620.26	2901.97
620.46	3661.77
620.66	3360.72
620.85	2910.16
621.05	3207.12
621.25	2834.39
621.45	2691.03
621.65	3010.51
621.85	2828.24
622.05	2990.03
622.25	2709.46
622.45	2752.47
622.65	2670.55
622.85	2588.63
623.05	2936.79
623.25	2858.96
623.44	2987.99
623.64	2615.26
623.84	2729.94
624.04	2617.30
624.24	2947.03
624.44	2949.08
624.64	2783.19
624.84	2799.57
625.04	2734.04
625.24	2656.22
625.43	2641.88
625.63	3110.86
625.83	2772.95
626.03	2564.06
626.23	2867.16
626.43	2740.18
626.63	2668.50
626.83	2832.34
627.03	2963.41
627.22	2668.50
627.42	2748.37
627.62	2514.91
627.82	2828.24
628.02	2654.17
628.22	2648.02
628.42	2715.61
628.62	2457.56
628.82	2682.84
629.01	3235.79
629.21	2707.41
629.41	3028.95
629.61	2901.97
629.81	2858.96
630.01	2973.65
630.21	3164.11
630.40	2924.50
630.60	2861.01
630.80	2891.73
631.00	3041.23
631.20	2967.51
631.40	2861.01
631.60	2846.68
631.79	2682.84
631.99	2940.88
632.19	2879.44
632.39	2781.14
632.59	2916.31
632.79	2799.57
632.99	4622.27
633.18	2752.47
633.38	2770.90
633.58	2893.78
633.78	2729.94
633.98	2678.74
634.18	2723.80
634.37	3379.15
634.57	2877.40
634.77	3780.55
634.97	2813.91
635.17	2871.25
635.37	3233.74
635.56	2801.62
635.76	2985.94
635.96	2768.85
636.16	2879.44
636.36	2703.32
636.56	2682.84
636.75	2758.61
636.95	3002.32
637.15	2846.68
637.35	2752.47
637.55	3055.57
637.74	3006.42
637.94	2691.03
638.14	2891.73
638.34	2803.67
638.54	2480.09
638.73	2815.96
638.93	2908.12
639.13	2883.54
639.33	2834.39
639.53	2717.65
639.73	2695.13
639.92	2768.85
640.12	2654.17
640.32	2645.98
640.52	2924.50
640.71	2605.02
640.91	2818.00
641.11	2725.85
641.31	2670.55
641.51	2754.52
641.70	2848.72
641.90	2979.79
642.10	2787.29
642.30	2916.31
642.50	2811.86
642.69	2793.43
642.89	2678.74
643.09	2793.43
643.29	2879.44
643.48	2928.60
643.68	2893.78
643.88	3035.09
644.08	2457.56
644.28	2871.25
644.47	3020.75
644.67	2588.63
644.87	2562.01
645.07	2820.05
645.26	2719.70
645.46	2654.17
645.66	2717.65
645.86	2889.68
646.05	3084.24
646.25	2885.59
646.45	2957.27
646.65	2947.03
646.84	2899.92
647.04	2662.36
647.24	2791.38
647.44	2865.11
647.63	2822.10
647.83	2971.60
648.03	2906.07
648.23	2721.75
648.42	2842.58
648.62	2572.25
648.82	2514.91
649.02	2731.99
649.21	2785.24
649.41	3051.47
649.61	2994.13
649.80	2523.10
650.00	3172.30
650.20	2754.52
650.40	2682.84
650.59	3059.67
650.79	2703.32
650.99	3260.37
651.18	2789.33
651.38	2621.40
651.58	2926.55
651.78	2912.21
651.97	2824.15
652.17	2688.98
652.37	2928.60
652.56	2901.97
652.76	2871.25
652.96	2682.84
653.16	3022.80
653.35	2912.21
653.55	3059.67
653.75	2572.25
653.94	3078.10
654.14	2668.50
654.34	2877.40
654.54	2648.02
654.73	2973.65
654.93	2807.77
655.13	3022.80
655.32	2873.30
655.52	2801.62
655.72	2904.02
655.91	2734.04
656.11	2510.81
656.31	2887.64
656.50	2863.06
656.70	2705.37
656.90	2607.06
657.09	2936.79
657.29	2871.25
657.49	2682.84
657.68	2523.10
657.88	2875.35
658.08	2746.33
658.27	3209.17
658.47	2844.63
658.67	2949.08
658.86	2711.51
659.06	2768.85
659.26	2760.66
659.45	2664.41
659.65	2691.03
659.85	2791.38
660.04	2772.95
660.24	2736.09
660.44	2775.00
660.63	2772.95
660.83	2906.07
661.03	3047.38
661.22	2654.17
661.42	2891.73
661.62	2785.24
661.81	2883.54
662.01	2629.59
662.21	2609.11
662.40	2637.78
662.60	3172.30
662.79	2572.25
662.99	3051.47
663.19	2721.75
663.38	2889.68
663.58	2826.20
663.78	3063.76
663.97	2662.36
664.17	2899.92
664.36	2686.94
664.56	2865.11
664.76	2557.91
664.95	2770.90
665.15	2752.47
665.35	2848.72
665.54	2992.08
665.74	2998.23
665.93	3223.50
666.13	2797.53
666.33	2793.43
666.52	2838.48
666.72	2932.69
666.91	2627.54
667.11	2637.78
667.31	2754.52
667.50	2707.41
667.70	2963.41
667.89	2863.06
668.09	3086.29
668.29	2815.96
668.48	2711.51
668.68	3403.72
668.87	2813.91
669.07	2439.13
669.27	3006.42
669.46	2521.05
669.66	2621.40
669.85	2545.63
670.05	3022.80
670.25	2678.74
670.44	2686.94
670.64	2869.20
670.83	3117.01
671.03	2824.15
671.22	2858.96
671.42	2920.40
671.62	2547.67
671.81	2772.95
672.01	2975.70
672.20	2752.47
672.40	2934.74
672.59	3098.58
672.79	3096.53
672.99	2684.89
673.18	3051.47
673.38	2906.07
673.57	3106.77
673.77	2926.55
673.96	2660.31
674.16	2707.41
674.36	3024.85
674.55	2850.77
674.75	2953.17
674.94	2695.13
675.14	2973.65
675.33	2938.84
675.53	2885.59
675.72	2592.73
675.92	3260.37
676.11	2942.93
676.31	2658.26
676.50	2727.89
676.70	3045.33
676.90	2744.28
677.09	2949.08
677.29	2744.28
677.48	2840.53
677.68	2834.39
677.87	2670.55
678.07	2787.29
678.26	3039.19
678.46	2908.12
678.65	2719.70
678.85	2754.52
679.04	2979.79
679.24	2654.17
679.43	2637.78
679.63	2482.14
679.82	3258.32
680.02	3389.39
680.21	2889.68
680.41	2553.82
680.60	3008.47
680.80	3166.16
680.99	2949.08
681.19	3037.14
681.38	3076.05
681.58	2729.94
681.77	3092.43
681.97	2613.21
682.16	3047.38
682.36	3114.96
682.55	2863.06
682.75	2611.16
682.94	2947.03
683.14	2914.26
683.33	2406.36
683.53	3104.72
683.72	3006.42
683.92	2719.70
684.11	3086.29
684.31	2623.45
684.50	2789.33
684.70	2719.70
684.89	2699.22
685.09	2478.04
685.28	2736.09
685.48	2738.13
685.67	2705.37
685.87	2594.78
686.06	2867.16
686.26	3071.95
686.45	2648.02
686.64	2516.95
686.84	2736.09
687.03	2944.98
687.23	2703.32
687.42	2846.68
687.62	2656.22
687.81	2961.36
688.01	2824.15
688.20	2785.24
688.40	3168.21
688.59	3051.47
688.78	2922.45
688.98	2785.24
689.17	3114.96
689.37	2742.23
689.56	2744.28
689.76	2979.79
689.95	3033.04
690.15	2701.27
690.34	3022.80
690.53	2758.61
690.73	2734.04
690.92	2629.59
691.12	2799.57
691.31	2977.75
691.51	2969.55
691.70	3043.28
691.89	2744.28
692.09	2609.11
692.28	2942.93
692.48	2881.49
692.67	2916.31
692.87	2758.61
693.06	2695.13
693.25	2691.03
693.45	2652.12
693.64	2899.92
693.84	3030.99
694.03	2842.58
694.22	2703.32
694.42	2594.78
694.61	2670.55
694.81	4218.82
695.00	2734.04
695.19	2596.82
695.39	3053.52
695.58	2832.34
695.78	2775.00
695.97	2729.94
696.16	3176.40
696.36	3047.38
696.55	2748.37
696.75	2490.33
696.94	2600.92
697.13	3209.17
697.33	2744.28
697.52	2764.76
697.71	2811.86
697.91	3010.51
698.10	3315.66
698.30	2662.36
698.49	3061.71
698.68	2609.11
698.88	2723.80
699.07	2830.29
699.26	3356.62
699.46	2797.53
699.65	3041.23
699.85	2744.28
700.04	2688.98
700.23	2553.82
700.43	2897.88
700.62	2721.75
700.81	2897.88
701.01	2713.56
701.20	2842.58
701.39	2725.85
701.59	2832.34
701.78	2717.65
701.98	2742.23
702.17	2584.54
702.36	2908.12
702.56	2996.18
702.75	2744.28
702.94	2777.05
703.14	4325.31
703.33	2777.05
703.52	6135.71
703.72	2596.82
703.91	2975.70
704.10	2617.30
704.30	2607.06
704.49	2504.67
704.68	2797.53
704.88	3225.55
705.07	3088.34
705.26	2686.94
705.46	2695.13
705.65	2736.09
705.84	2596.82
706.03	2701.27
706.23	2779.09
706.42	2674.65
706.61	2723.80
706.81	3137.49
707.00	3114.96
707.19	2731.99
707.39	3039.19
707.58	2484.19
707.77	2703.32
707.97	3223.50
708.16	2824.15
708.35	2754.52
708.55	2699.22
708.74	2760.66
708.93	3088.34
709.12	2777.05
709.32	2904.02
709.51	3119.06
709.70	2953.17
709.90	2824.15
710.09	2785.24
710.28	2813.91
710.47	2609.11
710.67	2678.74
710.86	3248.08
711.05	2686.94
711.25	2662.36
711.44	2514.91
711.63	2936.79
711.82	3086.29
712.02	3348.43
712.21	2721.75
712.40	2858.96
712.59	3088.34
712.79	3020.75
712.98	2652.12
713.17	3119.06
713.37	2777.05
713.56	2549.72
713.75	2641.88
713.94	2897.88
714.14	2662.36
714.33	2957.27
714.52	2691.03
714.71	2813.91
714.91	2828.24
715.10	2973.65
715.29	2645.98
715.48	2742.23
715.68	3028.95
715.87	2650.07
716.06	2875.35
716.25	2842.58
716.45	2914.26
716.64	2875.35
716.83	2807.77
717.02	3145.68
717.21	2992.08
717.41	3276.75
717.60	3080.14
717.79	2623.45
717.98	2715.61
718.18	2789.33
718.37	2629.59
718.56	3348.43
718.75	3104.72
718.94	2772.95
719.14	2521.05
719.33	2969.55
719.52	2883.54
719.71	2686.94
719.91	2564.06
720.10	3293.13
720.29	2967.51
720.48	2654.17
720.67	2865.11
720.87	3381.20
721.06	2639.83
721.25	2936.79
721.44	2559.96
721.63	3026.90
721.83	3039.19
722.02	2555.86
722.21	2748.37
722.40	2908.12
722.59	2987.99
722.79	2807.77
722.98	2863.06
723.17	2697.17
723.36	2705.37
723.55	2625.50
723.74	2473.95
723.94	3035.09
724.13	2705.37
724.32	2719.70
724.51	2727.89
724.70	2840.53
724.90	2813.91
725.09	3063.76
725.28	2850.77
725.47	2809.81
725.66	2906.07
725.85	2781.14
726.05	2834.39
726.24	2850.77
726.43	2775.00
726.62	2985.94
726.81	2633.69
727.00	2752.47
727.20	2883.54
727.39	2928.60
727.58	2637.78
727.77	2750.42
727.96	2762.71
728.15	3104.72
728.34	2795.48
728.54	2791.38
728.73	2981.84
728.92	2648.02
729.11	2705.37
729.30	2650.07
729.49	2924.50
729.68	2895.83
729.88	2715.61
730.07	2500.57
730.26	2578.39
730.45	3168.21
730.64	3225.55
730.83	2643.93
731.02	2346.97
731.21	3014.61
731.41	2959.31
731.60	2330.59
731.79	2625.50
731.98	3239.89
732.17	3076.05
732.36	2383.84
732.55	2400.22
732.74	3272.65
732.93	2949.08
733.13	2598.87
733.32	2529.24
733.51	2858.96
733.70	3375.05
733.89	2613.21
734.08	2619.35
734.27	2783.19
734.46	3211.22
734.65	2545.63
734.85	2617.30
735.04	2842.58
735.23	3264.46
735.42	2641.88
735.61	2162.66
735.80	2895.83
735.99	3143.63
736.18	3237.84
736.37	2336.73
736.56	3168.21
736.75	2836.44
736.94	2457.56
737.14	2369.50
737.33	2922.45
737.52	2721.75
737.71	2654.17
737.90	2684.89
738.09	3186.64
738.28	2908.12
738.47	2766.81
738.66	2654.17
738.85	3110.86
739.04	2895.83
739.23	2697.17
739.42	2256.86
739.61	3018.71
739.80	2809.81
740.00	2498.52
740.19	2490.33
740.38	2752.47
740.57	2791.38
740.76	2478.04
740.95	2449.37
741.14	3219.41
741.33	3381.20
741.52	2637.78
741.71	2414.56
741.90	2965.46
742.09	3106.77
742.28	2545.63
742.47	2277.34
742.66	2899.92
742.85	2717.65
743.04	2394.08
743.23	2658.26
743.42	2942.93
743.61	2858.96
743.80	2439.13
743.99	2379.74
744.18	3129.30
744.37	2885.59
744.56	2496.47
744.75	2301.92
744.94	3139.54
745.13	3018.71
745.32	2179.04
745.51	2439.13
745.71	3037.14
745.90	2838.48
746.09	2555.86
746.28	2435.03
746.47	2932.69
746.66	3096.53
746.85	2676.70
747.04	2414.56
747.23	2830.29
747.42	3196.88
747.61	2359.26
747.80	2770.90
747.99	3026.90
748.18	2740.18
748.36	2357.21
748.55	2838.48
748.74	3301.33
748.93	3102.67
749.12	2467.80
749.31	2598.87
749.50	2783.19
749.69	3055.57
749.88	2471.90
750.07	2346.97
750.26	3176.40
750.45	2736.09
750.64	2174.94
750.83	2344.92
751.02	2932.69
751.21	3088.34
751.40	2539.48
751.59	2611.16
751.78	3149.78
751.97	3059.67
752.16	2717.65
752.35	2480.09
752.54	3043.28
752.73	2942.93
752.92	2480.09
753.11	2740.18
753.30	2701.27
753.49	2602.97
753.68	2578.39
753.87	2519.00
754.05	3110.86
754.24	2795.48
754.43	2703.32
754.62	2437.08
754.81	3563.47
755.00	3125.20
755.19	2459.61
755.38	2613.21
755.57	3043.28
755.76	3069.91
755.95	2783.19
756.14	2285.53
756.33	3078.10
756.52	2889.68
756.70	2564.06
756.89	2578.39
757.08	3207.12
757.27	2975.70
757.46	2562.01
757.65	2373.60
757.84	3055.57
758.03	2752.47
758.22	2490.33
758.41	2531.29
758.60	2652.12
758.79	2908.12
758.97	2584.54
759.16	2834.39
759.35	2977.75
759.54	2858.96
759.73	2471.90
759.92	2473.95
760.11	2699.22
760.30	2838.48
760.49	2498.52
760.67	2467.80
760.86	3053.52
761.05	3299.28
761.24	2486.23
761.43	2316.25
761.62	3037.14
761.81	2932.69
762.00	2582.49
762.19	2437.08
762.37	3151.82
762.56	3203.02
762.75	2187.23
762.94	2506.71
763.13	2711.51
763.32	2824.15
763.51	2250.72
763.70	2297.82
763.88	3219.41
764.07	2914.26
764.26	2383.84
764.45	2316.25
764.64	3063.76
764.83	3112.91
765.02	2621.40
765.20	2551.77
765.39	3043.28
765.58	3284.94
765.77	2736.09
765.96	3051.47
766.15	2897.88
766.33	2910.16
766.52	2768.85
766.71	2351.07
766.90	3362.76
767.09	2852.82
767.28	2252.77
767.46	2500.57
767.65	2858.96
767.84	2887.64
768.03	2514.91
768.22	2291.68
768.41	2658.26
768.59	2877.40
768.78	2387.93
768.97	2484.19
769.16	3241.93
769.35	2777.05
769.54	2516.95
769.72	2428.89
769.91	2998.23
770.10	3280.85
770.29	2330.59
770.48	2621.40
770.66	2996.18
770.85	2977.75
771.04	2514.91
771.23	2437.08
771.42	3229.65
771.60	3110.86
771.79	2449.37
771.98	2547.67
772.17	3084.24
772.36	3133.39
772.54	2369.50
772.73	2529.24
772.92	3094.48
773.11	2686.94
773.30	2572.25
773.48	2346.97
773.67	2920.40
773.86	2832.34
774.05	2379.74
774.23	2713.56
774.42	3112.91
774.61	3145.68
774.80	2414.56
774.99	2396.12
775.17	3010.51
775.36	2940.88
775.55	2447.32
775.74	2600.92
775.92	3022.80
776.11	2764.76
776.30	2824.15
776.49	2353.12
776.67	2836.44
776.86	2684.89
777.05	2435.03
777.24	2269.15
777.42	2979.79
777.61	2713.56
777.80	2734.04
777.99	2408.41
778.17	2918.36
778.36	2842.58
778.55	2392.03
778.74	2654.17
778.92	2811.86
779.11	3178.45
779.30	2564.06
779.49	2502.62
779.67	3026.90
779.86	2899.92
780.05	2250.72
780.24	2232.29
780.42	2992.08
780.61	3028.95
780.80	2574.30
780.98	2355.16
781.17	2885.59
781.36	2787.29
781.55	2641.88
781.73	2402.27
781.92	3053.52
782.11	2973.65
782.29	2389.98
782.48	2389.98
782.67	3217.36
782.86	3076.05
783.04	2416.60
783.23	2461.66
783.42	3028.95
783.60	3135.44
783.79	2447.32
783.98	2398.17
784.16	3112.91
784.35	2942.93
784.54	2623.45
784.73	2357.21
784.91	3043.28
785.10	2822.10
785.29	2480.09
785.47	2629.59
785.66	3096.53
785.85	2801.62
786.03	2469.85
786.22	2316.25
786.41	3035.09
786.59	3006.42
786.78	2283.49
786.97	2441.18
787.15	2904.02
787.34	2848.72
787.53	2467.80
787.71	2502.62
787.90	2940.88
788.09	2973.65
788.27	2723.80
788.46	2371.55
788.65	3043.28
788.83	2899.92
789.02	2308.06
789.21	2367.45
789.39	2731.99
789.58	3014.61
789.77	2359.26
789.95	2349.02
790.14	3262.41
790.33	2764.76
790.51	2242.53
790.70	2674.65
790.88	2949.08
791.07	2967.51
791.26	2936.79
791.44	2496.47
791.63	2834.39
791.82	3014.61
792.00	2228.19
792.19	2535.39
792.38	3162.06
792.56	2899.92
792.75	2594.78
792.93	2568.15
793.12	3063.76
793.31	2838.48
793.49	2783.19
793.68	2459.61
793.86	2840.53
794.05	3239.89
794.24	2432.99
794.42	2525.15
794.61	2955.22
794.80	2783.19
794.98	2744.28
795.17	2482.14
795.35	3112.91
795.54	3024.85
795.73	2586.58
795.91	3049.43
796.10	3045.33
796.28	3002.32
796.47	2260.96
796.66	2363.36
796.84	3452.88
797.03	2895.83
797.21	2299.87
797.40	2590.68
797.58	3198.93
797.77	2848.72
797.96	2783.19
798.14	2944.98
798.33	3307.47
798.51	3100.62
798.70	2324.44
798.88	2572.25
799.07	2875.35
799.26	2979.79
799.44	2533.34
799.63	2527.19
799.81	2701.27
800.00	2926.55
800.18	2756.57
800.37	2602.97
800.56	2848.72
800.74	2918.36
800.93	2461.66
801.11	2545.63
801.30	2955.22
801.48	2916.31
801.67	2600.92
801.85	2576.34
802.04	3016.66
802.22	2838.48
802.41	2514.91
802.60	2727.89
802.78	2998.23
802.97	2760.66
803.15	2617.30
803.34	2641.88
803.52	2990.03
803.71	3096.53
803.89	2301.92
804.08	2887.64
804.26	3194.83
804.45	2858.96
804.63	2625.50
804.82	2553.82
805.00	2891.73
805.19	3258.32
805.37	2463.71
805.56	2498.52
805.74	3325.90
805.93	2861.01
806.11	2777.05
806.30	2463.71
806.48	2916.31
806.67	2932.69
806.85	2611.16
807.04	2453.47
807.22	2832.34
807.41	2963.41
807.59	2807.77
807.78	2457.56
807.96	3192.78
808.15	2852.82
808.33	2731.99
808.52	2918.36
808.70	3160.02
808.89	3022.80
809.07	3069.91
809.26	2572.25
809.44	2926.55
809.63	3121.10
809.81	2856.92
810.00	2623.45
810.18	2973.65
810.37	2908.12
810.55	2686.94
810.74	2674.65
810.92	3254.22
811.11	3166.16
811.29	2226.14
811.48	2465.75
811.66	2709.46
811.84	2809.81
812.03	2674.65
812.21	2711.51
812.40	2936.79
812.58	2752.47
812.77	2787.29
812.95	2580.44
813.14	2910.16
813.32	2818.00
813.51	2555.86
813.69	2535.39
813.87	2834.39
814.06	2975.70
814.24	2645.98
814.43	2375.64
814.61	2998.23
814.80	3006.42
814.98	2482.14
815.16	2541.53
815.35	3184.59
815.53	3260.37
815.72	2527.19
815.90	2596.82
816.09	2906.07
816.27	2840.53
816.45	2686.94
816.64	2539.48
816.82	3303.37
817.01	2678.74
817.19	2508.76
817.37	2631.64
817.56	3074.00
817.74	2686.94
817.93	2768.85
818.11	2617.30
818.30	2846.68
818.48	2766.81
818.66	2572.25
818.85	2559.96
819.03	2955.22
819.21	2836.44
819.40	2758.61
819.58	3053.52
819.77	2940.88
819.95	3008.47
820.13	2961.36
820.32	2357.21
820.50	3264.46
820.69	3256.27
820.87	2508.76
821.05	2545.63
821.24	3020.75
821.42	3082.19
821.60	2482.14
821.79	2863.06
821.97	3043.28
822.16	3200.98
822.34	2545.63
822.52	2609.11
822.71	3235.79
822.89	3071.95
823.07	2793.43
823.26	2473.95
823.44	2854.87
823.62	2805.72
823.81	2713.56
823.99	2353.12
824.18	2973.65
824.36	2809.81
824.54	2699.22
824.73	2746.33
824.91	3274.70
825.09	3053.52
825.28	2850.77
825.46	2785.24
825.64	3166.16
825.83	2826.20
826.01	2691.03
826.19	2465.75
826.38	2858.96
826.56	2951.12
826.74	2467.80
826.93	2625.50
827.11	2965.46
827.29	3010.51
827.48	2590.68
827.66	2480.09
827.84	3084.24
828.03	2873.30
828.21	2322.40
828.39	2441.18
828.57	3153.87
828.76	3129.30
828.94	2504.67
829.12	2904.02
829.31	2985.94
829.49	2858.96
829.67	2494.43
829.86	2551.77
830.04	2871.25
830.22	3035.09
830.40	2459.61
830.59	2658.26
830.77	3043.28
830.95	3035.09
831.14	2844.63
831.32	2492.38
831.50	2854.87
831.69	2961.36
831.87	2889.68
832.05	2611.16
832.23	2949.08
832.42	3086.29
832.60	2504.67
832.78	2521.05
832.96	4165.57
833.15	3125.20
833.33	2519.00
833.51	2707.41
833.70	3006.42
833.88	2977.75
834.06	2666.46
834.24	2574.30
834.43	3313.61
834.61	2881.49
834.79	2775.00
834.97	2987.99
835.16	3137.49
835.34	2949.08
835.52	2848.72
835.70	2486.23
835.89	2969.55
836.07	3217.36
836.25	2758.61
836.43	2453.47
836.62	2904.02
836.80	3131.34
836.98	2580.44
837.16	2492.38
837.34	2916.31
837.53	3178.45
837.71	2637.78
837.89	2887.64
838.07	3039.19
838.26	3178.45
838.44	2723.80
838.62	3145.68
838.80	2957.27
838.99	3112.91
839.17	2467.80
839.35	2627.54
839.53	3018.71
839.71	3194.83
839.90	2430.94
840.08	2699.22
840.26	3149.78
840.44	3088.34
840.62	2834.39
840.81	2412.51
840.99	3358.67
841.17	2990.03
841.35	2686.94
841.53	2529.24
841.72	3145.68
841.90	2994.13
842.08	2605.02
842.26	2381.79
842.44	3006.42
842.63	3325.90
842.81	2955.22
842.99	2725.85
843.17	3084.24
843.35	2953.17
843.53	2922.45
843.72	2727.89
843.90	3170.26
844.08	2932.69
844.26	2619.35
844.44	2760.66
844.62	3282.89
844.81	3100.62
844.99	3026.90
845.17	2576.34
845.35	3028.95
845.53	2955.22
845.71	4507.58
845.90	2699.22
846.08	2938.84
846.26	2840.53
846.44	2375.64
846.62	2643.93
846.80	2969.55
846.98	2738.13
847.17	3702.73
847.35	2985.94
847.53	3063.76
847.71	2998.23
847.89	2957.27
848.07	2523.10
848.25	2987.99
848.44	2766.81
848.62	2871.25
848.80	2562.01
848.98	2672.60
849.16	3037.14
849.34	2924.50
849.52	2615.26
849.70	3069.91
849.89	3098.58
850.07	2727.89
850.25	2861.01
850.43	2899.92
850.61	3135.44
850.79	2490.33
850.97	2631.64
851.15	3145.68
851.33	2990.03
851.52	2576.34
851.70	3020.75
851.88	3129.30
852.06	2838.48
852.24	2514.91
852.42	2858.96
852.60	3217.36
852.78	3362.76
852.96	2709.46
853.14	2760.66
853.33	3291.09
853.51	3008.47
853.69	2977.75
853.87	2664.41
854.05	2985.94
854.23	2705.37
854.41	2500.57
854.59	2652.12
854.77	3149.78
854.95	2961.36
855.13	2701.27
855.31	2729.94
855.49	2987.99
855.68	2856.92
855.86	2580.44
856.04	2961.36
856.22	2777.05
856.40	2914.26
856.58	2514.91
856.76	2764.76
856.94	2791.38
857.12	2967.51
857.30	2443.23
857.48	2668.50
857.66	2987.99
857.84	3391.44
858.02	2600.92
858.20	2879.44
858.38	2801.62
858.56	2885.59
858.74	2482.14
858.92	2590.68
859.10	2940.88
859.29	2957.27
859.47	2486.23
859.65	2912.21
859.83	3006.42
860.01	2944.98
860.19	2576.34
860.37	2715.61
860.55	3094.48
860.73	2963.41
860.91	2539.48
861.09	2998.23
861.27	2963.41
861.45	3104.72
861.63	2568.15
861.81	2949.08
861.99	2971.60
862.17	2856.92
862.35	2510.81
862.53	2686.94
862.71	3213.26
862.89	2881.49
863.07	2596.82
863.25	2815.96
863.43	3123.15
863.61	3241.93
863.79	2908.12
863.97	2971.60
864.15	2990.03
864.33	2805.72
864.51	2641.88
864.69	2519.00
864.87	3067.86
865.05	2883.54
865.23	2637.78
865.41	2596.82
865.59	3160.02
865.77	3028.95
865.95	2688.98
866.13	2392.03
866.30	2947.03
866.48	2881.49
866.66	2674.65
866.84	2727.89
867.02	2932.69
867.20	2830.29
867.38	2519.00
867.56	2605.02
867.74	3231.69
867.92	3037.14
868.10	2596.82
868.28	2572.25
868.46	3002.32
868.64	3117.01
868.82	2582.49
869.00	2602.97
869.18	2863.06
869.36	3184.59
869.54	2953.17
869.72	2924.50
869.89	2936.79
870.07	2840.53
870.25	2535.39
870.43	2848.72
870.61	2756.57
870.79	2959.31
870.97	2555.86
871.15	2760.66
871.33	3424.20
871.51	2932.69
871.69	2750.42
871.87	2752.47
872.05	3121.10
872.22	3174.35
872.40	2490.33
872.58	2809.81
872.76	3170.26
872.94	3090.38
873.12	2789.33
873.30	2428.89
873.48	3020.75
873.66	3012.56
873.84	2834.39
874.01	2586.58
874.19	2949.08
874.37	2893.78
874.55	2521.05
874.73	2564.06
874.91	3307.47
875.09	2828.24
875.27	2537.43
875.45	2629.59
875.62	3071.95
875.80	2953.17
875.98	2635.74
876.16	2916.31
876.34	3141.58
876.52	2727.89
876.70	3043.28
876.88	2502.62
877.05	3217.36
877.23	3088.34
877.41	2658.26
877.59	3139.54
877.77	3176.40
877.95	2764.76
878.13	2596.82
878.30	2613.21
878.48	3043.28
878.66	3092.43
878.84	2799.57
879.02	2629.59
879.20	3078.10
879.37	3069.91
879.55	2734.04
879.73	2815.96
879.91	2963.41
880.09	2955.22
880.27	3139.54
880.45	2635.74
880.62	2926.55
880.80	2848.72
880.98	2731.99
881.16	2662.36
881.34	2908.12
881.51	2832.34
881.69	2693.08
881.87	2621.40
882.05	2973.65
882.23	2777.05
882.41	2578.39
882.58	2650.07
882.76	2973.65
882.94	2701.27
883.12	2998.23
883.30	2781.14
883.47	3209.17
883.65	3018.71
883.83	2824.15
884.01	2645.98
884.19	2916.31
884.36	2869.20
884.54	2445.27
884.72	2893.78
884.90	2910.16
885.08	3080.14
885.25	3547.08
885.43	2652.12
885.61	2871.25
885.79	2996.18
885.97	2951.12
886.14	2820.05
886.32	2930.64
886.50	3307.47
886.68	2686.94
886.85	2670.55
887.03	3200.98
887.21	3045.33
887.39	2721.75
887.56	3080.14
887.74	2971.60
887.92	2867.16
888.10	2772.95
888.27	2695.13
888.45	3182.54
888.63	3184.59
888.81	2691.03
888.99	2652.12
889.16	2875.35
889.34	2932.69
889.52	2480.09
889.69	2699.22
889.87	3184.59
890.05	2910.16
890.23	2754.52
890.40	2602.97
890.58	2975.70
890.76	3004.37
890.94	2736.09
891.11	2666.46
891.29	2906.07
891.47	2820.05
891.65	2889.68
891.82	2924.50
892.00	2742.23
892.18	3059.67
892.35	2719.70
892.53	2682.84
892.71	3221.45
892.89	3192.78
893.06	2824.15
893.24	2807.77
893.42	2717.65
893.59	2942.93
893.77	2582.49
893.95	2693.08
894.13	2662.36
894.30	3155.92
894.48	2668.50
894.66	3299.28
894.83	2844.63
895.01	3088.34
895.19	2928.60
895.36	2666.46
895.54	3186.64
895.72	3000.27
895.89	2611.16
896.07	2666.46
896.25	3125.20
896.43	2881.49
896.60	3016.66
896.78	2756.57
896.96	3114.96
897.13	3145.68
897.31	2643.93
897.49	2789.33
897.66	3209.17
897.84	2940.88
898.02	2908.12
898.19	2881.49
898.37	2875.35
898.55	3119.06
898.72	2934.74
898.90	2834.39
899.07	3022.80
899.25	3035.09
899.43	2840.53
899.60	3350.48
899.78	2858.96
899.96	2691.03
900.13	2627.54
900.31	2828.24
900.49	2891.73
900.66	3160.02
900.84	2944.98
901.02	2965.46
901.19	3055.57
901.37	2869.20
901.54	2830.29
901.72	2564.06
901.90	2887.64
902.07	3028.95
902.25	2711.51
902.43	2830.29
902.60	3252.17
902.78	2621.40
902.95	2717.65
903.13	2643.93
903.31	2871.25
903.48	3022.80
903.66	2746.33
903.83	2901.97
904.01	3135.44
904.19	2809.81
904.36	2779.09
904.54	2578.39
904.71	3076.05
904.89	2779.09
905.07	2701.27
905.24	2793.43
905.42	3059.67
905.59	3125.20
905.77	2955.22
905.95	2809.81
906.12	2801.62
906.30	2985.94
906.47	2928.60
906.65	3237.84
906.82	3094.48
907.00	3168.21
907.18	2465.75
907.35	2629.59
907.53	3121.10
907.70	3051.47
907.88	2676.70
908.05	3782.60
908.23	3123.15
908.41	3049.43
908.58	2754.52
908.76	2441.18
908.93	3217.36
909.11	3016.66
909.28	2684.89
909.46	2617.30
909.63	3131.34
909.81	3106.77
909.99	2820.05
910.16	2611.16
910.34	2775.00
910.51	3039.19
910.69	2891.73
910.86	2584.54
911.04	3006.42
911.21	2588.63
911.39	3315.66
911.56	2580.44
911.74	2865.11
911.91	2998.23
912.09	2645.98
912.26	2615.26
912.44	2727.89
912.62	2760.66
912.79	2684.89
912.97	2715.61
913.14	3157.97
913.32	3071.95
913.49	2791.38
913.67	2848.72
913.84	2607.06
914.02	2793.43
914.19	2693.08
914.37	2797.53
914.54	2797.53
914.72	2590.68
914.89	2664.41
915.07	2951.12
915.24	2768.85
915.42	2904.02
915.59	2752.47
915.77	2998.23
915.94	3250.13
916.12	3286.99
916.29	2711.51
916.46	2803.67
916.64	2924.50
916.81	3178.45
916.99	2781.14
917.16	2711.51
917.34	3334.09
917.51	3037.14
917.69	2584.54
917.86	2605.02
918.04	2848.72
918.21	3168.21
918.39	2973.65
918.56	2678.74
918.74	2738.13
918.91	3239.89
919.08	2500.57
919.26	3012.56
919.43	3117.01
919.61	2985.94
919.78	2701.27
919.96	3168.21
920.13	3164.11
920.31	2957.27
920.48	2889.68
920.65	2781.14
920.83	3153.87
921.00	3028.95
921.18	2670.55
921.35	2836.44
921.53	2852.82
921.70	2826.20
921.88	2709.46
922.05	2586.58
922.22	2813.91
922.40	2967.51
922.57	2648.02
922.75	2332.64
922.92	2942.93
923.09	2947.03
923.27	2727.89
923.44	3076.05
923.62	2781.14
923.79	3121.10
923.96	2660.31
924.14	2553.82
924.31	3125.20
924.49	2891.73
924.66	2758.61
924.83	2820.05
925.01	3030.99
925.18	3219.41
925.36	2967.51
925.53	2580.44
925.70	2824.15
925.88	2719.70
926.05	2906.07
926.23	2865.11
926.40	3022.80
926.57	3006.42
926.75	2854.87
926.92	2588.63
927.09	2961.36
927.27	2734.04
927.44	2838.48
927.62	2670.55
927.79	3088.34
927.96	2742.23
928.14	2574.30
928.31	2910.16
928.48	3274.70
928.66	2883.54
928.83	2545.63
929.00	2740.18
929.18	2979.79
929.35	2924.50
929.52	2942.93
929.70	2695.13
929.87	2809.81
930.05	2701.27
930.22	2734.04
930.39	2826.20
930.57	2834.39
930.74	3219.41
930.91	2664.41
931.09	2893.78
931.26	2961.36
931.43	3071.95
931.61	2439.13
931.78	2789.33
931.95	2916.31
932.12	3235.79
932.30	2480.09
932.47	2985.94
932.64	2854.87
932.82	2777.05
932.99	2779.09
933.16	2619.35
933.34	2901.97
933.51	2918.36
933.68	2750.42
933.86	3020.75
934.03	2889.68
934.20	2779.09
934.38	3012.56
934.55	2572.25
934.72	3299.28
934.89	3102.67
935.07	2695.13
935.24	2899.92
935.41	2891.73
935.59	2967.51
935.76	2756.57
935.93	2725.85
936.10	2832.34
936.28	2916.31
936.45	2838.48
936.62	2734.04
936.79	3121.10
936.97	2783.19
937.14	2842.58
937.31	2764.76
937.49	2748.37
937.66	3010.51
937.83	2992.08
938.00	2926.55
938.18	3243.98
938.35	3131.34
938.52	2811.86
938.69	2818.00
938.87	2916.31
939.04	2893.78
939.21	2758.61
939.38	2682.84
939.56	2832.34
939.73	2502.62
939.90	2770.90
940.07	2760.66
940.25	2899.92
940.42	2949.08
940.59	2764.76
940.76	2666.46
940.94	2768.85
941.11	2805.72
941.28	2848.72
941.45	2951.12
941.62	2967.51
941.80	2686.94
941.97	2908.12
942.14	2594.78
942.31	3241.93
942.48	2729.94
942.66	2711.51
942.83	3004.37
943.00	2514.91
943.17	3092.43
943.35	2973.65
943.52	2856.92
943.69	2695.13
943.86	2858.96
944.03	2572.25
944.21	3137.49
944.38	2834.39
944.55	2873.30
944.72	2750.42
944.89	2559.96
945.06	2861.01
945.24	2777.05
945.41	3145.68
945.58	2803.67
945.75	3033.04
945.92	2775.00
946.10	3035.09
946.27	2467.80
946.44	2793.43
946.61	2820.05
946.78	3078.10
946.95	2594.78
947.13	2783.19
947.30	2854.87
947.47	2719.70
947.64	2844.63
947.81	3022.80
947.98	2869.20
948.16	2873.30
948.33	2818.00
948.50	2828.24
948.67	2752.47
948.84	2983.89
949.01	2697.17
949.18	2869.20
949.36	3026.90
949.53	2736.09
949.70	2727.89
949.87	2983.89
950.04	2721.75
950.21	2916.31
950.38	2705.37
950.56	2861.01
950.73	2938.84
950.90	2740.18
951.07	2879.44
951.24	3008.47
951.41	2920.40
951.58	2758.61
951.75	2826.20
951.92	2834.39
952.10	2824.15
952.27	2615.26
952.44	2858.96
952.61	3530.70
952.78	2834.39
952.95	2590.68
953.12	2846.68
953.29	2912.21
953.46	2760.66
953.64	2961.36
953.81	2582.49
953.98	2947.03
954.15	2797.53
954.32	2731.99
954.49	2555.86
954.66	2893.78
954.83	2797.53
955.00	2676.70
955.17	2783.19
955.34	2865.11
955.51	2824.15
955.69	3432.40
955.86	2789.33
956.03	2871.25
956.20	2965.46
956.37	2826.20
956.54	2629.59
956.71	2877.40
956.88	2828.24
957.05	2750.42
957.22	2625.50
957.39	3037.14
957.56	2686.94
957.73	2621.40
957.90	2703.32
958.07	3110.86
958.24	3051.47
958.41	2645.98
958.59	2842.58
958.76	3096.53
958.93	3141.58
959.10	2818.00
959.27	2596.82
959.44	3094.48
959.61	2772.95
959.78	2895.83
959.95	2736.09
960.12	3157.97
960.29	2932.69
960.46	2699.22
960.63	2457.56
960.80	2824.15
960.97	3080.14
961.14	2580.44
961.31	2801.62
961.48	3223.50
961.65	2949.08
961.82	2818.00
961.99	2760.66
962.16	2850.77
962.33	2998.23
962.50	2893.78
962.67	2648.02
962.84	2854.87
963.01	2654.17
963.18	2562.01
963.35	2592.73
963.52	3055.57
963.69	2867.16
963.86	2957.27
964.03	2871.25
964.20	3311.57
964.37	3028.95
964.54	2965.46
964.71	2785.24
964.88	2852.82
965.05	2940.88
965.22	2693.08
965.39	2889.68
965.56	2875.35
965.73	2818.00
965.90	2938.84
966.07	2609.11
966.24	2889.68
966.41	2842.58
966.58	2826.20
966.74	3018.71
966.91	3209.17
967.08	3198.93
967.25	2602.97
967.42	2758.61
967.59	3098.58
967.76	2715.61
967.93	2924.50
968.10	2889.68
968.27	2973.65
968.44	3000.27
968.61	2695.13
968.78	2566.10
968.95	2899.92
969.12	2867.16
969.29	2906.07
969.46	2570.20
969.62	3194.83
969.79	2662.36
969.96	2656.22
970.13	2633.69
970.30	2936.79
970.47	2949.08
970.64	2955.22
970.81	2723.80
970.98	2938.84
971.15	2924.50
971.32	2521.05
971.49	2947.03
971.65	3205.07
971.82	2944.98
971.99	2842.58
972.16	3010.51
972.33	2893.78
972.50	2887.64
972.67	2840.53
972.84	2797.53
973.01	2789.33
973.17	3022.80
973.34	2951.12
973.51	2983.89
973.68	2869.20
973.85	2858.96
974.02	2871.25
974.19	2785.24
974.36	3037.14
974.53	3002.32
974.69	2856.92
974.86	2621.40
975.03	3215.31
975.20	2758.61
975.37	2891.73
975.54	2846.68
975.71	3117.01
975.87	2904.02
976.04	2953.17
976.21	2871.25
976.38	2965.46
976.55	2922.45
976.72	2617.30
976.89	2926.55
977.05	3028.95
977.22	3174.35
977.39	2570.20
977.56	2918.36
977.73	2914.26
977.90	2725.85
978.06	2908.12
978.23	2768.85
978.40	2703.32
978.57	3092.43
978.74	2971.60
978.91	2940.88
979.07	2873.30
979.24	3018.71
979.41	2731.99
979.58	2793.43
979.75	3119.06
979.91	2668.50
980.08	2498.52
980.25	2822.10
980.42	3006.42
980.59	2910.16
980.75	2648.02
980.92	2779.09
981.09	2858.96
981.26	2965.46
981.43	3037.14
981.59	2815.96
981.76	2760.66
981.93	2805.72
982.10	2744.28
982.27	2719.70
982.43	3047.38
982.60	2766.81
982.77	2588.63
982.94	2736.09
983.11	2865.11
983.27	2615.26
983.44	2799.57
983.61	2781.14
983.78	3223.50
983.94	3209.17
984.11	2643.93
984.28	2840.53
984.45	3180.50
984.61	2713.56
984.78	2703.32
984.95	2701.27
985.12	2965.46
985.28	3063.76
985.45	2775.00
985.62	2750.42
985.79	2830.29
985.95	2744.28
986.12	2572.25
986.29	2838.48
986.46	3147.73
986.62	3114.96
986.79	2801.62
986.96	2568.15
987.13	2975.70
987.29	3100.62
987.46	2818.00
987.63	2678.74
987.80	2678.74
987.96	3332.05
988.13	2719.70
988.30	2670.55
988.46	2901.97
988.63	3135.44
988.80	2267.10
988.97	2158.56
989.13	2965.46
989.30	2916.31
989.47	2222.05
989.63	2160.61
989.80	3172.30
989.97	3026.90
990.13	2377.69
990.30	2760.66
990.47	2828.24
990.64	2875.35
990.80	2166.75
990.97	2414.56
991.14	2815.96
991.30	2965.46
991.47	2252.77
991.64	2336.73
991.80	2934.74
991.97	2897.88
992.14	2287.58
992.30	2811.86
992.47	2797.53
992.64	2955.22
992.80	2293.72
992.97	2224.09
993.14	3205.07
993.30	3678.15
993.47	2293.72
993.64	2232.29
993.80	3112.91
993.97	2971.60
994.14	2375.64
994.30	2777.05
994.47	3076.05
994.64	2957.27
994.80	2590.68
994.97	2326.49
995.14	3086.29
995.30	2920.40
995.47	2430.94
995.63	2408.41
995.80	2863.06
995.97	3356.62
996.13	2340.83
996.30	2332.64
996.47	2801.62
996.63	3469.26
996.80	2770.90
996.97	2492.38
997.13	3063.76
997.30	3215.31
997.46	2363.36
997.63	2578.39
997.80	3180.50
997.96	3059.67
998.13	2316.25
998.29	2320.35
998.46	2944.98
998.63	2775.00
998.79	2230.24
998.96	2490.33
999.12	3182.54
999.29	2887.64
999.46	2439.13
999.62	2639.83
999.79	3043.28
999.95	3033.04
1000.12	2287.58
1000.29	2394.08
1000.45	3033.04
1000.62	3026.90
1000.78	2342.88
1000.95	2494.43
1001.11	2940.88
1001.28	3088.34
1001.45	2326.49
1001.61	2764.76
1001.78	3028.95
1001.94	3071.95
1002.11	2473.95
1002.27	2641.88
1002.44	3176.40
1002.61	3006.42
1002.77	2308.06
1002.94	2263.01
1003.10	3037.14
1003.27	3030.99
1003.43	2367.45
1003.60	2416.60
1003.76	2932.69
1003.93	2938.84
1004.10	2537.43
1004.26	2635.74
1004.43	3119.06
1004.59	3325.90
1004.76	2299.87
1004.92	2469.85
1005.09	3311.57
1005.25	3176.40
1005.42	2375.64
1005.58	2580.44
1005.75	3063.76
1005.91	3020.75
1006.08	2664.41
1006.24	2314.20
1006.41	2887.64
1006.57	2965.46
1006.74	2289.63
1006.90	2596.82
1007.07	2815.96
1007.23	3344.33
1007.40	2396.12
1007.56	2299.87
1007.73	2772.95
1007.89	3002.32
1008.06	2639.83
1008.22	2529.24
1008.39	2938.84
1008.55	2910.16
1008.72	2418.65
1008.88	2437.08
1009.05	2832.34
1009.21	3127.25
1009.38	2203.61
1009.54	2396.12
1009.71	3289.04
1009.87	3291.09
1010.04	2172.89
1010.20	2521.05
1010.37	2684.89
1010.53	3180.50
1010.70	2435.03
1010.86	2230.24
1011.03	2801.62
1011.19	2850.77
1011.35	2590.68
1011.52	2418.65
1011.68	2891.73
1011.85	2883.54
1012.01	2740.18
1012.18	2584.54
1012.34	2844.63
1012.51	3006.42
1012.67	2404.32
1012.83	2490.33
1013.00	3147.73
1013.16	2828.24
1013.33	2428.89
1013.49	2758.61
1013.66	3069.91
1013.82	3325.90
1013.99	2357.21
1014.15	2512.86
1014.31	3071.95
1014.48	2998.23
1014.64	2512.86
1014.81	2478.04
1014.97	2752.47
1015.13	3061.71
1015.30	2457.56
1015.46	2549.72
1015.63	2789.33
1015.79	2971.60
1015.95	2205.66
1016.12	2310.11
1016.28	2981.84
1016.45	2949.08
1016.61	2463.71
1016.77	2469.85
1016.94	2815.96
1017.10	3051.47
1017.27	2430.94
1017.43	2375.64
1017.59	2889.68
1017.76	3213.26
1017.92	2242.53
1018.09	2306.01
1018.25	3254.22
1018.41	3071.95
1018.58	2547.67
1018.74	2564.06
1018.90	2940.88
1019.07	3002.32
1019.23	2316.25
1019.40	2297.82
1019.56	3022.80
1019.72	2725.85
1019.89	2480.09
1020.05	2957.27
1020.21	3088.34
1020.38	3026.90
1020.54	2265.05
1020.70	2463.71
1020.87	3028.95
1021.03	3133.39
1021.19	2369.50
1021.36	2195.42
1021.52	3145.68
1021.68	3276.75
1021.85	2977.75
1022.01	2539.48
1022.17	3047.38
1022.34	3000.27
1022.50	2424.80
1022.66	2447.32
1022.83	3239.89
1022.99	2979.79
1023.15	2217.95
1023.32	2539.48
1023.48	3014.61
1023.64	2852.82
1023.81	2226.14
1023.97	2582.49
1024.13	2947.03
1024.30	2842.58
1024.46	2662.36
1024.62	2541.53
1024.79	3010.51
1024.95	3192.78
1025.11	2211.81
1025.27	2461.66
1025.44	2754.52
1025.60	2920.40
1025.76	2398.17
1025.93	2334.68
1026.09	2895.83
1026.25	2965.46
1026.41	2441.18
1026.58	2252.77
1026.74	2863.06
1026.90	3237.84
1027.07	2598.87
1027.23	2410.46
1027.39	2949.08
1027.55	3198.93
1027.72	2465.75
1027.88	2480.09
1028.04	2947.03
1028.20	2961.36
1028.37	2045.92
1028.53	2576.34
1028.69	2752.47
1028.85	3133.39
1029.02	2537.43
1029.18	2324.44
1029.34	2852.82
1029.50	3030.99
1029.67	2519.00
1029.83	2406.36
1029.99	2932.69
1030.15	2932.69
1030.32	2291.68
1030.48	2537.43
1030.64	2879.44
1030.80	3340.24
1030.97	2664.41
1031.13	2408.41
1031.29	3104.72
1031.45	3084.24
1031.61	2406.36
1031.78	2346.97
1031.94	3323.85
1032.10	3162.06
1032.26	2519.00
1032.42	2500.57
1032.59	3153.87
1032.75	2957.27
1032.91	2498.52
1033.07	2475.99
1033.24	2856.92
1033.40	3561.42
1033.56	2555.86
1033.72	2256.86
1033.88	3082.19
1034.04	3405.77
1034.21	2594.78
1034.37	2467.80
1034.53	3035.09
1034.69	2779.09
1034.85	2355.16
1035.02	2521.05
1035.18	2793.43
1035.34	3174.35
1035.50	2285.53
1035.66	2502.62
1035.82	2979.79
1035.99	3250.13
1036.15	2394.08
1036.31	2645.98
1036.47	3123.15
1036.63	3563.47
1036.79	2871.25
1036.96	2611.16
1037.12	3252.17
1037.28	2830.29
1037.44	2189.28
1037.60	2338.78
1037.76	2932.69
1037.92	2947.03
1038.09	2179.04
1038.25	2633.69
1038.41	3190.74
1038.57	3086.29
1038.73	2410.46
1038.89	2365.40
1039.05	3211.22
1039.22	3030.99
1039.38	2295.77
1039.54	2738.13
1039.70	3078.10
1039.86	3198.93
1040.02	2402.27
1040.18	2457.56
1040.34	2973.65
1040.51	3192.78
1040.67	3153.87
1040.83	2707.41
1040.99	3112.91
1041.15	3332.05
1041.31	2301.92
1041.47	2613.21
1041.63	2967.51
