345.74	1339.37
345.96	1339.37
346.17	1339.37
346.39	1376.24
346.60	1288.17
346.81	3964.87
347.03	3864.52
347.24	5083.06
347.46	5496.75
347.67	4687.80
347.89	3575.75
348.10	4614.07
348.32	4419.52
348.53	3831.75
348.75	3973.06
348.96	3665.86
349.18	5146.55
349.39	3704.78
349.61	3700.68
349.82	4710.33
350.04	4579.26
350.25	3956.68
350.47	4239.30
350.68	5318.57
350.90	5570.48
351.11	3784.65
351.32	4102.08
351.54	5617.58
351.75	5345.20
351.97	3891.14
352.18	3469.26
352.40	4159.42
352.61	5038.00
352.83	4986.80
353.04	3973.06
353.26	5631.91
353.47	4822.97
353.69	4825.01
353.90	4431.80
354.11	4616.12
354.33	6690.71
354.54	3551.18
354.76	4812.73
354.97	4829.11
355.19	5607.34
355.40	4788.15
355.62	6379.42
355.83	5011.38
356.04	5568.43
356.26	4741.05
356.47	5283.76
356.69	4911.03
356.90	7772.04
357.12	4937.65
357.33	4816.82
357.55	6143.91
357.76	6322.08
357.97	5502.89
358.19	6559.64
358.40	6135.71
358.62	8697.72
358.83	6537.12
359.05	7843.72
359.26	7192.47
359.47	8300.42
359.69	8093.57
359.90	9359.22
360.12	8267.65
360.33	9748.33
360.55	8812.41
360.76	10397.54
360.97	11673.42
361.19	12177.22
361.40	11048.79
361.62	11280.21
361.83	13463.35
362.04	14724.90
362.26	13508.40
362.47	13807.41
362.69	14698.27
362.90	15355.67
363.12	15247.13
363.33	16166.67
363.54	17977.07
363.76	19562.20
363.97	18284.26
364.19	19439.32
364.40	21575.35
364.61	20618.95
364.83	20063.95
365.04	22128.30
365.26	22382.25
365.47	23602.84
365.68	23162.53
365.90	23086.75
366.11	23715.48
366.33	25478.78
366.54	23328.41
366.75	23529.11
366.97	23502.49
367.18	23821.97
367.40	24917.64
367.61	23105.18
367.82	24112.78
368.04	24477.32
368.25	23262.88
368.46	22892.19
368.68	22347.44
368.89	24383.12
369.11	21630.65
369.32	21683.89
369.53	23017.12
369.75	20827.84
369.96	21900.98
370.18	19164.89
370.39	18935.52
370.60	18777.83
370.82	17307.38
371.03	17014.52
371.24	19879.63
371.46	16365.32
371.67	16119.56
371.88	15021.85
372.10	14624.54
372.31	14055.21
372.53	13072.18
372.74	13618.99
372.95	13018.94
373.17	12445.51
373.38	12967.74
373.59	11855.69
373.81	11542.35
374.02	12019.53
374.23	10018.66
374.45	11779.92
374.66	10860.38
374.88	10108.77
375.09	9115.51
375.30	10313.57
375.52	9582.45
375.73	10608.48
375.94	7640.97
376.16	9009.01
376.37	9074.55
376.58	9273.20
376.80	8482.69
377.01	8460.16
377.22	10837.85
377.44	8132.48
377.65	7735.18
377.86	6363.04
378.08	7688.07
378.29	7128.98
378.50	7110.55
378.72	6191.01
378.93	9314.16
379.14	7305.10
379.36	8228.74
379.57	6459.29
379.78	6447.01
380.00	7092.12
380.21	5685.16
380.42	5300.14
380.64	5625.77
380.85	5773.22
381.06	6703.00
381.28	5578.67
381.49	8472.45
381.70	5752.74
381.92	5945.25
382.13	6371.23
382.34	8273.79
382.56	7565.20
382.77	5701.54
382.98	6152.10
383.19	6602.65
383.41	6064.04
383.62	5859.24
383.83	6160.29
384.05	6203.30
384.26	6066.08
384.47	5691.31
384.69	5046.20
384.90	5605.29
385.11	6801.30
385.33	5064.63
385.54	5478.32
385.75	5121.97
385.96	5873.57
386.18	7380.88
386.39	5081.01
386.60	4995.00
386.82	6856.60
387.03	5517.23
387.24	4784.06
387.45	4939.70
387.67	4376.51
387.88	5750.70
388.09	4945.84
388.31	4800.44
388.52	4579.26
388.73	6674.33
388.94	4536.25
389.16	5609.39
389.37	4341.69
389.58	5156.79
389.80	4732.86
390.01	4560.83
390.22	5050.29
390.43	5500.84
390.65	5003.19
390.86	5355.44
391.07	4702.14
391.29	4722.62
391.50	3471.31
391.71	5947.30
391.92	6455.20
392.14	4501.44
392.35	4609.98
392.56	4505.53
392.77	5478.32
392.99	4732.86
393.20	3672.01
393.41	4247.49
393.62	4458.43
393.84	4224.96
394.05	4659.13
394.26	5095.35
394.47	5894.05
394.69	5947.30
394.90	5298.10
395.11	4415.42
395.32	4192.19
395.54	4069.31
395.75	3997.64
395.96	4224.96
396.17	6344.61
396.39	5715.88
396.60	3905.48
396.81	5015.48
397.02	4198.34
397.24	5210.03
397.45	5687.21
397.66	3905.48
397.87	5439.40
398.09	5019.57
398.30	4411.32
398.51	5001.14
398.72	4462.52
398.94	4822.97
399.15	6152.10
399.36	5423.02
399.57	5044.15
399.79	4904.89
400.00	6387.61
400.21	3614.66
400.42	5398.45
400.63	4722.62
400.85	5447.60
401.06	4661.18
401.27	4816.82
401.48	7366.54
401.70	4292.54
401.91	6649.75
402.12	5623.72
402.33	5775.27
402.54	4108.23
402.76	4497.34
402.97	6223.78
403.18	4911.03
403.39	4270.01
403.60	5330.86
403.82	4532.15
404.03	2863.06
404.24	4024.26
404.45	5052.34
404.66	5912.49
404.88	3520.46
405.09	6174.63
405.30	4913.08
405.51	4581.31
405.73	4726.71
405.94	4061.12
406.15	4515.77
406.36	4759.48
406.57	4571.07
406.78	4493.24
407.00	4816.82
407.21	5849.00
407.42	4116.42
407.63	6346.66
407.84	4962.23
408.06	4732.86
408.27	3692.49
408.48	4360.13
408.69	4966.32
408.90	4380.61
409.12	3913.67
409.33	4827.06
409.54	3686.34
409.75	4945.84
409.96	4706.23
410.17	5253.04
410.39	4659.13
410.60	6655.90
410.81	3997.64
411.02	5435.31
411.23	12109.64
411.44	4534.20
411.66	4898.74
411.87	5996.45
412.08	6590.36
412.29	4067.27
412.50	4814.77
412.71	4313.02
412.93	4224.96
413.14	4734.90
413.35	5410.73
413.56	4429.76
413.77	5177.26
413.98	5265.33
414.20	4489.15
414.41	5525.42
414.62	4470.72
414.83	4007.87
415.04	4681.66
415.25	5322.67
415.46	5830.57
415.68	4812.73
415.89	3995.59
416.10	4906.93
416.31	4085.70
416.52	5638.06
416.73	5291.95
416.94	4544.44
417.16	5414.83
417.37	5355.44
417.58	5390.25
417.79	4286.40
418.00	5164.98
418.21	5103.54
418.42	5070.77
418.64	4329.41
418.85	4399.04
419.06	4902.84
419.27	4685.75
419.48	5377.97
419.69	5040.05
419.90	4128.70
420.11	4601.79
420.33	4278.21
420.54	6356.90
420.75	6252.45
420.96	4306.88
421.17	5439.40
421.38	4882.36
421.59	4528.06
421.80	4341.69
422.02	5062.58
422.23	5175.22
422.44	5822.38
422.65	4753.34
422.86	4751.29
423.07	4313.02
423.28	5265.33
423.49	3469.26
423.70	4640.70
423.92	4366.27
424.13	5814.18
424.34	3997.64
424.55	4497.34
424.76	5685.16
424.97	6299.55
425.18	4538.30
425.39	5078.96
425.60	4396.99
425.81	4972.47
426.03	5117.87
426.24	4704.18
426.45	4759.48
426.66	7137.17
426.87	4677.56
427.08	5812.14
427.29	4976.56
427.50	5263.28
427.71	4650.94
427.92	4622.27
428.13	4376.51
428.34	5103.54
428.56	5840.81
428.77	6156.19
428.98	7409.55
429.19	5144.50
429.40	5746.60
429.61	4829.11
429.82	5304.24
430.03	5089.20
430.24	5423.02
430.45	3968.96
430.66	5433.26
430.87	4827.06
431.08	5099.44
431.30	3964.87
431.51	5222.32
431.72	5222.32
431.93	5814.18
432.14	4046.79
432.35	5148.59
432.56	6555.55
432.77	4589.50
432.98	5218.22
433.19	4939.70
433.40	5203.89
433.61	4167.62
433.82	5150.64
434.03	4272.06
434.24	4702.14
434.45	7266.19
434.66	6416.29
434.87	5674.92
435.09	5042.10
435.30	5441.45
435.51	5617.58
435.72	5427.12
435.93	4689.85
436.14	5601.19
436.35	4929.46
436.56	5666.73
436.77	5117.87
436.98	4331.45
437.19	5889.96
437.40	6569.88
437.61	5820.33
437.82	5078.96
438.03	5058.48
438.24	5398.45
438.45	5468.08
438.66	4245.44
438.87	4310.97
439.08	5488.56
439.29	4986.80
439.50	6029.22
439.71	7389.07
439.92	4743.10
440.13	4646.84
440.34	4919.22
440.55	5357.49
440.76	4962.23
440.97	6477.73
441.18	5279.66
441.39	4532.15
441.60	5328.81
441.81	5169.07
442.02	4802.49
442.23	4956.08
442.44	5695.40
442.65	5218.22
442.86	5644.20
443.07	5134.26
443.28	5470.12
443.49	5889.96
443.70	5111.73
443.91	4296.64
444.12	5152.69
444.33	5218.22
444.54	5265.33
444.75	4628.41
444.96	6010.79
445.17	6913.94
445.38	6389.66
445.59	4962.23
445.80	5035.96
446.01	4841.40
446.22	6772.63
446.43	4675.51
446.64	4710.33
446.85	5033.91
447.06	4683.70
447.27	5226.42
447.48	6846.36
447.69	5111.73
447.90	4984.76
448.11	3825.61
448.32	5314.48
448.53	5347.25
448.74	5271.47
448.95	4749.24
449.16	4396.99
449.37	5253.04
449.58	4018.11
449.79	4358.08
450.00	4077.51
450.21	4589.50
450.42	4601.79
450.63	4110.27
450.84	4161.47
451.05	4597.69
451.26	4796.34
451.47	5173.17
451.68	5189.55
451.89	4999.09
452.10	5302.19
452.30	5947.30
452.51	5668.78
452.72	4231.10
452.93	4958.13
453.14	4614.07
453.35	5097.39
453.56	5748.65
453.77	4599.74
453.98	4650.94
454.19	6131.62
454.40	4614.07
454.61	4794.29
454.82	5119.92
455.03	3989.44
455.24	4030.40
455.45	4857.78
455.66	5707.69
455.87	4624.31
456.07	4093.89
456.28	3981.25
456.49	4020.16
456.70	5294.00
456.91	4792.25
457.12	4140.99
457.33	4159.42
457.54	5134.26
457.75	5707.69
457.96	5810.09
458.17	5173.17
458.38	4571.07
458.59	4079.55
458.79	3526.60
459.00	3590.09
459.21	3905.48
459.42	3950.53
459.63	4601.79
459.84	3526.60
460.05	8324.99
460.26	5138.35
460.47	4575.16
460.68	4364.22
460.89	5552.04
461.09	5820.33
461.30	5660.59
461.51	4442.04
461.72	5906.34
461.93	5418.93
462.14	4317.12
462.35	3868.61
462.56	5357.49
462.77	3731.40
462.98	6012.84
463.18	4544.44
463.39	5083.06
463.60	5666.73
463.81	5121.97
464.02	6223.78
464.23	4923.32
464.44	7538.57
464.65	4796.34
464.86	4472.76
465.06	3594.19
465.27	4868.02
465.48	3839.94
465.69	4732.86
465.90	5248.94
466.11	4917.17
466.32	4274.11
466.53	3669.96
466.74	5281.71
466.94	4751.29
467.15	5128.11
467.36	4259.78
467.57	6002.60
467.78	5171.12
467.99	4642.75
468.20	6637.47
468.40	4372.41
468.61	4155.33
468.82	4505.53
469.03	6621.08
469.24	5830.57
469.45	4782.01
469.66	4921.27
469.86	4720.57
470.07	5597.10
470.28	4620.22
470.49	4364.22
470.70	4339.65
470.91	4499.39
471.12	5314.48
471.32	4700.09
471.53	4456.38
471.74	5537.71
471.95	5027.76
472.16	4313.02
472.37	5060.53
472.58	5685.16
472.78	4339.65
472.99	4249.54
473.20	4872.12
473.41	4591.55
473.62	4147.14
473.83	6084.52
474.03	5320.62
474.24	5173.17
474.45	5095.35
474.66	4452.28
474.87	4743.10
475.08	4464.57
475.28	5969.83
475.49	5930.92
475.70	4540.35
475.91	5226.42
476.12	4566.97
476.32	4515.77
476.53	4822.97
476.74	5054.39
476.95	5265.33
477.16	4290.49
477.37	5642.15
477.57	5201.84
477.78	4671.42
477.99	4161.47
478.20	4925.36
478.41	5658.54
478.61	5724.07
478.82	5724.07
479.03	4794.29
479.24	5234.61
479.45	4569.02
479.65	4106.18
479.86	5205.94
480.07	5373.87
480.28	4657.08
480.49	9736.04
480.69	4581.31
480.90	5009.33
481.11	4440.00
481.32	3547.08
481.53	4788.15
481.73	4915.12
481.94	5132.21
482.15	5019.57
482.36	4599.74
482.57	4470.72
482.77	6471.58
482.98	5881.77
483.19	5074.87
483.40	4366.27
483.60	4632.51
483.81	5332.91
484.02	5414.83
484.23	4300.73
484.44	3825.61
484.64	4399.04
484.85	4513.72
485.06	4825.01
485.27	4693.94
485.47	4665.27
485.68	5193.65
485.89	5511.08
486.10	6750.10
486.31	6170.53
486.51	5314.48
486.72	4462.52
486.93	4603.83
487.14	4667.32
487.34	4079.55
487.55	4464.57
487.76	5267.38
487.97	5238.70
488.17	4534.20
488.38	4458.43
488.59	4532.15
488.80	5382.06
489.00	5337.01
489.21	5566.38
489.42	4517.82
489.63	5365.68
489.83	5283.76
490.04	4212.67
490.25	4440.00
490.46	4528.06
490.66	5445.55
490.87	4591.55
491.08	4077.51
491.29	4718.52
491.49	4632.51
491.70	4274.11
491.91	4575.16
492.11	4947.89
492.32	4325.31
492.53	3393.48
492.74	5820.33
492.94	5996.45
493.15	5316.53
493.36	4648.89
493.57	4915.12
493.77	4413.37
493.98	5375.92
494.19	5486.51
494.39	5001.14
494.60	3985.35
494.81	4241.34
495.02	5617.58
495.22	5853.09
495.43	3850.18
495.64	3794.89
495.84	3811.27
496.05	5765.03
496.26	5326.77
496.47	5388.21
496.67	5951.40
496.88	4714.42
497.09	5353.39
497.29	3461.07
497.50	3540.94
497.71	4773.82
497.91	3839.94
498.12	5476.27
498.33	4456.38
498.54	5181.36
498.74	4857.78
498.95	3850.18
499.16	4915.12
499.36	4911.03
499.57	4202.43
499.78	4368.32
499.98	4345.79
500.19	3921.86
500.40	4376.51
500.60	5724.07
500.81	4300.73
501.02	5279.66
501.22	6811.54
501.43	4161.47
501.64	4329.41
501.85	5052.34
502.05	7004.05
502.26	3784.65
502.47	5769.13
502.67	4499.39
502.88	4618.17
503.09	5683.11
503.29	3534.79
503.50	4716.47
503.71	6365.09
503.91	4736.95
504.12	4118.47
504.33	4597.69
504.53	4751.29
504.74	5111.73
504.95	5414.83
505.15	4685.75
505.36	5685.16
505.56	4587.45
505.77	6707.10
505.98	3903.43
506.18	6109.09
506.39	4245.44
506.60	4370.37
506.80	5281.71
507.01	4587.45
507.22	4493.24
507.42	5330.86
507.63	4163.52
507.84	4984.76
508.04	3196.88
508.25	5214.13
508.45	6412.19
508.66	4145.09
508.87	3966.92
509.07	5207.98
509.28	5193.65
509.49	3909.57
509.69	5025.72
509.90	5017.52
510.11	3966.92
510.31	4562.87
510.52	4378.56
510.72	4317.12
510.93	4644.79
511.14	4071.36
511.34	3602.38
511.55	4077.51
511.76	6666.14
511.96	6246.30
512.17	4734.90
512.37	5341.10
512.58	4403.13
512.79	3653.58
512.99	4648.89
513.20	4626.36
513.40	5595.05
513.61	4595.64
513.82	4415.42
514.02	3477.45
514.23	4251.58
514.43	6037.41
514.64	4503.48
514.85	4849.59
515.05	5218.22
515.26	5076.91
515.46	5613.48
515.67	5380.01
515.88	4186.05
516.08	5937.06
516.29	4431.80
516.49	3887.04
516.70	4120.51
516.91	4136.90
517.11	5435.31
517.32	4431.80
517.52	5027.76
517.73	3874.76
517.93	5511.08
518.14	5359.53
518.35	3737.54
518.55	3448.78
518.76	5310.38
518.96	5746.60
519.17	3856.33
519.38	4466.62
519.58	5142.45
519.79	4276.16
519.99	4495.29
520.20	4249.54
520.40	4087.75
520.61	4186.05
520.82	6100.90
521.02	5652.39
521.23	5095.35
521.43	4763.58
521.64	3555.27
521.84	4048.83
522.05	3874.76
522.25	3755.97
522.46	3917.76
522.67	4470.72
522.87	5844.90
523.08	5218.22
523.28	4085.70
523.49	5623.72
523.69	4599.74
523.90	4335.55
524.10	5083.06
524.31	4206.53
524.51	5392.30
524.72	5033.91
524.93	5441.45
525.13	4296.64
525.34	4517.82
525.54	4415.42
525.75	4956.08
525.95	3192.78
526.16	5689.26
526.36	4157.38
526.57	5521.32
526.77	3397.58
526.98	6637.47
527.18	3798.98
527.39	3905.48
527.59	5767.08
527.80	4519.87
528.00	4743.10
528.21	4818.87
528.42	4067.27
528.62	4724.66
528.83	4483.00
529.03	6524.83
529.24	4956.08
529.44	4290.49
529.65	4784.06
529.85	4454.33
530.06	5629.87
530.26	4145.09
530.47	5191.60
530.67	5504.94
530.88	3612.62
531.08	4616.12
531.29	4171.71
531.49	4028.35
531.70	4970.42
531.90	3815.37
532.11	4470.72
532.31	4581.31
532.52	4739.00
532.72	3334.09
532.93	4759.48
533.13	3841.99
533.34	3975.11
533.54	4884.41
533.75	3475.40
533.95	4022.21
534.16	4194.24
534.36	4235.20
534.57	3932.10
534.77	5337.01
534.97	4790.20
535.18	4036.55
535.38	3837.89
535.59	3370.96
535.79	3983.30
536.00	3508.17
536.20	3839.94
536.41	3055.57
536.61	4671.42
536.82	3770.31
537.02	3600.33
537.23	4906.93
537.43	4999.09
537.64	3807.17
537.84	4505.53
538.05	4544.44
538.25	5134.26
538.45	3678.15
538.66	4829.11
538.86	4112.32
539.07	3647.43
539.27	4171.71
539.48	4018.11
539.68	4880.31
539.89	4349.89
540.09	5543.85
540.29	4890.55
540.50	3149.78
540.70	4923.32
540.91	3737.54
541.11	5203.89
541.32	4302.78
541.52	4476.86
541.73	4388.80
541.93	3700.68
542.13	4984.76
542.34	4016.07
542.54	4001.73
542.75	4376.51
542.95	7286.67
543.16	4351.93
543.36	4208.58
543.56	4689.85
543.77	5076.91
543.97	5216.18
544.18	4673.46
544.38	4405.18
544.59	3712.97
544.79	4044.74
544.99	5996.45
545.20	6227.87
545.40	3858.37
545.61	4349.89
545.81	4757.43
546.01	5132.21
546.22	4474.81
546.42	4259.78
546.63	4079.55
546.83	5078.96
547.04	3954.63
547.24	4372.41
547.44	3424.20
547.65	4714.42
547.85	3596.23
548.06	3561.42
548.26	4165.57
548.46	7085.97
548.67	4327.36
548.87	4214.72
549.08	3721.16
549.28	4192.19
549.48	4638.65
549.69	5382.06
549.89	3733.45
550.09	5808.04
550.30	5373.87
550.50	3641.29
550.71	3573.71
550.91	4544.44
551.11	3272.65
551.32	5060.53
551.52	4038.59
551.73	4736.95
551.93	3792.84
552.13	4904.89
552.34	5728.17
552.54	3338.19
552.74	5040.05
552.95	3823.56
553.15	4685.75
553.35	4159.42
553.56	4693.94
553.76	4825.01
553.97	4175.81
554.17	4497.34
554.37	3579.85
554.58	5300.14
554.78	4276.16
554.98	4200.38
555.19	4026.31
555.39	4687.80
555.59	3614.66
555.80	4609.98
556.00	4079.55
556.20	4792.25
556.41	3987.40
556.61	4011.97
556.82	3469.26
557.02	4929.46
557.22	3870.66
557.43	3538.89
557.63	4390.84
557.83	4796.34
558.04	5898.15
558.24	3792.84
558.44	4462.52
558.65	3796.93
558.85	3080.14
559.05	3497.93
559.26	3833.80
559.46	3821.51
559.66	3461.07
559.87	3727.30
560.07	4603.83
560.27	5885.86
560.48	5158.83
560.68	4857.78
560.88	3784.65
561.08	4626.36
561.29	5535.66
561.49	3577.80
561.69	3735.50
561.90	6330.27
562.10	3952.58
562.30	6248.35
562.51	4538.30
562.71	3989.44
562.91	5734.31
563.12	4087.75
563.32	3819.46
563.52	4341.69
563.72	4313.02
563.93	4380.61
564.13	3772.36
564.33	5853.09
564.54	4143.04
564.74	4546.49
564.94	4650.94
565.15	3692.49
565.35	3981.25
565.55	5709.74
565.75	2963.41
565.96	4480.96
566.16	4257.73
566.36	3647.43
566.57	4104.13
566.77	6078.37
566.97	4921.27
567.17	5603.24
567.38	3833.80
567.58	4308.93
567.78	4120.51
567.99	6469.53
568.19	4433.85
568.39	4657.08
568.59	5642.15
568.80	4706.23
569.00	4904.89
569.20	4200.38
569.40	4095.94
569.61	5388.21
569.81	4962.23
570.01	3817.41
570.21	4218.82
570.42	5642.15
570.62	3964.87
570.82	3762.12
571.02	3530.70
571.23	3844.04
571.43	5636.01
571.63	3868.61
571.84	3311.57
572.04	3489.74
572.24	5003.19
572.44	4511.68
572.64	4138.94
572.85	4296.64
573.05	5609.39
573.25	5904.29
573.45	3315.66
573.66	6553.50
573.86	3610.57
574.06	4104.13
574.26	5210.03
574.47	3952.58
574.67	4941.75
574.87	3198.93
575.07	4014.02
575.28	3667.91
575.48	4571.07
575.68	4224.96
575.88	4380.61
576.08	5517.23
576.29	4480.96
576.49	5076.91
576.69	4501.44
576.89	3805.13
577.10	3964.87
577.30	4839.35
577.50	3856.33
577.70	3514.31
577.90	5685.16
578.11	4788.15
578.31	3762.12
578.51	4710.33
578.71	3637.19
578.91	4517.82
579.12	4493.24
579.32	4833.21
579.52	12824.38
579.72	4069.31
579.92	4573.11
580.13	4673.46
580.33	6061.99
580.53	4779.96
580.73	4470.72
580.93	4818.87
581.14	4444.09
581.34	5121.97
581.54	3514.31
581.74	4679.61
581.94	4280.25
582.15	5463.98
582.35	3268.56
582.55	3882.95
582.75	6950.81
582.95	3932.10
583.15	6021.03
583.36	4986.80
583.56	4659.13
583.76	3674.06
583.96	4501.44
584.16	4491.20
584.37	4419.52
584.57	4534.20
584.77	3438.54
584.97	4089.79
585.17	4597.69
585.37	5054.39
585.57	4763.58
585.78	3618.76
585.98	4145.09
586.18	4288.45
586.38	4069.31
586.58	3549.13
586.78	3485.64
586.99	3790.79
587.19	4446.14
587.39	4200.38
587.59	3942.34
587.79	4235.20
587.99	4685.75
588.19	4050.88
588.40	5017.52
588.60	3786.69
588.80	6399.90
589.00	3596.23
589.20	4657.08
589.40	5400.49
589.60	3538.89
589.81	4517.82
590.01	3794.89
590.21	5984.16
590.41	3629.00
590.61	4364.22
590.81	3465.16
591.01	5760.94
591.22	3694.54
591.42	6254.50
591.62	4792.25
591.82	3985.35
592.02	5083.06
592.22	4169.66
592.42	7104.40
592.62	4822.97
592.82	4620.22
593.03	4452.28
593.23	4374.46
593.43	5285.81
593.63	3573.71
593.83	4110.27
594.03	6049.70
594.23	5472.17
594.43	3950.53
594.63	2838.48
594.84	4038.59
595.04	5543.85
595.24	4640.70
595.44	3817.41
595.64	4825.01
595.84	4423.61
596.04	4962.23
596.24	4014.02
596.44	4505.53
596.64	3497.93
596.84	3659.72
597.05	4313.02
597.25	5357.49
597.45	4612.03
597.65	3741.64
597.85	3952.58
598.05	4362.17
598.25	3733.45
598.45	4177.86
598.65	3928.00
598.85	4470.72
599.05	5701.54
599.25	4530.11
599.46	3235.79
599.66	5142.45
599.86	3841.99
600.06	4325.31
600.26	3786.69
600.46	3706.82
600.66	4530.11
600.86	4882.36
601.06	3698.63
601.26	3825.61
601.46	5394.35
601.66	3760.07
601.86	3790.79
602.06	4601.79
602.26	3731.40
602.46	3438.54
602.66	3706.82
602.87	4030.40
603.07	4659.13
603.27	4462.52
603.47	3887.04
603.67	6590.36
603.87	5320.62
604.07	4091.84
604.27	4892.60
604.47	4403.13
604.67	3659.72
604.87	4218.82
605.07	3983.30
605.27	4349.89
605.47	3473.36
605.67	4235.20
605.87	4626.36
606.07	5668.78
606.27	3792.84
606.47	3850.18
606.67	3166.16
606.87	3426.25
607.07	4831.16
607.27	3383.24
607.47	4372.41
607.67	4548.54
607.87	3624.90
608.07	4517.82
608.27	4831.16
608.47	3485.64
608.67	5117.87
608.87	4147.14
609.07	5003.19
609.27	5007.28
609.47	4093.89
609.67	4571.07
609.87	4511.68
610.07	4059.07
610.27	14849.82
610.47	3186.64
610.67	4282.30
610.87	4194.24
611.07	6184.87
611.27	4014.02
611.47	4820.92
611.67	5128.11
611.87	4210.62
612.07	4304.83
612.27	4040.64
612.47	3203.02
612.67	4317.12
612.87	4415.42
613.07	3424.20
613.27	4315.07
613.47	4636.60
613.67	3373.00
613.87	4440.00
614.07	4136.90
614.27	3801.03
614.47	4421.56
614.67	4687.80
614.87	3895.24
615.07	4227.01
615.27	3731.40
615.47	4122.56
615.67	5240.75
615.87	3139.54
616.07	4104.13
616.27	4634.55
616.47	3950.53
616.67	3524.55
616.87	3919.81
617.07	3579.85
617.27	4106.18
617.47	3944.39
617.66	4364.22
617.86	4288.45
618.06	3772.36
618.26	3403.72
618.46	4284.35
618.66	5220.27
618.86	5146.55
619.06	3981.25
619.26	4208.58
619.46	3946.44
619.66	5664.68
619.86	4136.90
620.06	4351.93
620.26	5656.49
620.46	8324.99
620.66	6039.46
620.85	4599.74
621.05	5750.70
621.25	4933.56
621.45	3872.71
621.65	5339.05
621.85	4192.19
622.05	4917.17
622.25	3817.41
622.45	3897.28
622.65	3817.41
622.85	3448.78
623.05	4284.35
623.25	4044.74
623.44	5238.70
623.64	3006.42
623.84	3669.96
624.04	3213.26
624.24	3944.39
624.44	4415.42
624.64	4227.01
624.84	3915.72
625.04	3592.14
625.24	3368.91
625.43	3739.59
625.63	4810.68
625.83	3477.45
626.03	3723.21
626.23	4442.04
626.43	4536.25
626.63	3575.75
626.83	4644.79
627.03	4603.83
627.22	3885.00
627.42	4233.15
627.62	3028.95
627.82	4472.76
628.02	3833.80
628.22	3379.15
628.42	4456.38
628.62	3014.61
628.82	3723.21
629.01	5773.22
629.21	3157.97
629.41	5222.32
629.61	4634.55
629.81	4069.31
630.01	5216.18
630.21	5283.76
630.40	4151.23
630.60	4519.87
630.80	4689.85
631.00	4863.93
631.20	4913.08
631.40	4091.84
631.60	4603.83
631.79	3385.29
631.99	4917.17
632.19	4181.95
632.39	3993.54
632.59	4583.35
632.79	4003.78
632.99	13799.21
633.18	4304.83
633.38	3864.52
633.58	4591.55
633.78	3887.04
633.98	4009.92
634.18	3774.41
634.37	6467.49
634.57	4681.66
634.77	9158.52
634.97	3651.53
635.17	4386.75
635.37	5472.17
635.56	3674.06
635.76	5552.04
635.96	3495.88
636.16	3950.53
636.36	3762.12
636.56	3569.61
636.75	4184.00
636.95	5011.38
637.15	4321.21
637.35	3915.72
637.55	5238.70
637.74	5150.64
637.94	4134.85
638.14	4478.91
638.34	4296.64
638.54	2867.16
638.73	4143.04
638.93	4304.83
639.13	4573.11
639.33	4659.13
639.53	3723.21
639.73	3987.40
639.92	4157.38
640.12	3534.79
640.32	4040.64
640.52	4739.00
640.71	3057.62
640.91	4274.11
641.11	4044.74
641.31	3766.21
641.51	3545.03
641.70	4618.17
641.90	4718.52
642.10	4337.60
642.30	4374.46
642.50	4587.45
642.69	4249.54
642.89	3502.03
643.09	3403.72
643.29	4257.73
643.48	4808.63
643.68	3725.26
643.88	5529.52
644.08	2772.95
644.28	4511.68
644.47	4786.10
644.67	3291.09
644.87	3200.98
645.07	4114.37
645.26	3858.37
645.46	3459.02
645.66	3940.29
645.86	5029.81
646.05	5248.94
646.25	4716.47
646.45	4865.97
646.65	5038.00
646.84	4695.99
647.04	3856.33
647.24	4462.52
647.44	4462.52
647.63	4331.45
647.83	4829.11
648.03	4173.76
648.23	4315.07
648.42	3512.27
648.62	3055.57
648.82	2932.69
649.02	4155.33
649.21	3559.37
649.41	5357.49
649.61	5543.85
649.80	3219.41
650.00	5300.14
650.20	3606.47
650.40	4728.76
650.59	5562.28
650.79	3450.83
650.99	5402.54
651.18	4054.98
651.38	3461.07
651.58	4313.02
651.78	4487.10
651.97	4577.21
652.17	4102.08
652.37	4409.28
652.56	4210.62
652.76	4964.28
652.96	3751.88
653.16	4493.24
653.35	4650.94
653.55	5021.62
653.75	4044.74
653.94	5023.67
654.14	3825.61
654.34	4167.62
654.54	3817.41
654.73	4855.73
654.93	4134.85
655.13	5173.17
655.32	4988.85
655.52	3495.88
655.72	4480.96
655.91	3725.26
656.11	3076.05
656.31	4530.11
656.50	4149.18
656.70	4093.89
656.90	3727.30
657.09	4257.73
657.29	3858.37
657.49	4038.59
657.68	3112.91
657.88	4423.61
658.08	3676.10
658.27	5533.61
658.47	5156.79
658.67	4054.98
658.86	4257.73
659.06	4816.82
659.26	4100.03
659.45	3866.56
659.65	4112.32
659.85	4194.24
660.04	4812.73
660.24	3801.03
660.44	4020.16
660.63	4095.94
660.83	5517.23
661.03	4808.63
661.22	3731.40
661.42	4261.82
661.62	4353.98
661.81	4194.24
662.01	3743.69
662.21	3162.06
662.40	3575.75
662.60	5638.06
662.79	3186.64
662.99	5009.33
663.19	4294.59
663.38	4302.78
663.58	4087.75
663.78	4806.58
663.97	4476.86
664.17	4339.65
664.36	3409.87
664.56	4898.74
664.76	3254.22
664.95	4130.75
665.15	4036.55
665.35	4263.87
665.54	5642.15
665.74	4480.96
665.93	5750.70
666.13	4134.85
666.33	3889.09
666.52	3575.75
666.72	4263.87
666.91	3784.65
667.11	3442.64
667.31	4206.53
667.50	3585.99
667.70	4882.36
667.89	5496.75
668.09	5613.48
668.29	4333.50
668.48	4124.61
668.68	6905.75
668.87	3889.09
669.07	3004.37
669.27	5074.87
669.46	3198.93
669.66	3807.17
669.85	3026.90
670.05	4370.37
670.25	4009.92
670.44	4118.47
670.64	3829.70
670.83	5625.77
671.03	4677.56
671.22	4945.84
671.42	4452.28
671.62	3276.75
671.81	4149.18
672.01	4184.00
672.20	3635.14
672.40	4634.55
672.59	5736.36
672.79	4951.99
672.99	3760.07
673.18	5025.72
673.38	5035.96
673.57	5115.83
673.77	4222.91
673.96	3866.56
674.16	4124.61
674.36	5119.92
674.55	4145.09
674.75	4663.22
674.94	4157.38
675.14	4382.65
675.33	4495.29
675.53	4235.20
675.72	3829.70
675.92	6352.80
676.11	4605.88
676.31	4077.51
676.50	4413.37
676.70	4614.07
676.90	3997.64
677.09	3921.86
677.29	4538.30
677.48	4169.66
677.68	4366.27
677.87	3547.08
678.07	3708.87
678.26	4503.48
678.46	4343.74
678.65	3956.68
678.85	4259.78
679.04	4173.76
679.24	3364.81
679.43	3555.27
679.63	3520.46
679.82	6096.80
680.02	6250.40
680.21	3993.54
680.41	2990.03
680.60	4767.67
680.80	5795.75
680.99	4947.89
681.19	4480.96
681.38	4173.76
681.58	3825.61
681.77	6674.33
681.97	3835.85
682.16	4857.78
682.36	4745.14
682.55	4579.26
682.75	3790.79
682.94	4915.12
683.14	4528.06
683.33	2990.03
683.53	5326.77
683.72	5472.17
683.92	4188.10
684.11	5564.33
684.31	4128.70
684.50	3676.10
684.70	3725.26
684.89	4063.17
685.09	3211.22
685.28	3956.68
685.48	3915.72
685.67	4216.77
685.87	3944.39
686.06	4227.01
686.26	4894.65
686.45	3676.10
686.64	3667.91
686.84	3336.14
687.03	4253.63
687.23	4276.16
687.42	4575.16
687.62	4177.86
687.81	5085.11
688.01	4259.78
688.20	4374.46
688.40	5418.93
688.59	5167.03
688.78	4679.61
688.98	4984.76
689.17	4939.70
689.37	3923.91
689.56	4382.65
689.76	4693.94
689.95	5341.10
690.15	3872.71
690.34	5726.12
690.53	4440.00
690.73	3813.32
690.92	3663.82
691.12	3807.17
691.31	5599.15
691.51	4941.75
691.70	5046.20
691.89	3758.02
692.09	3526.60
692.28	4331.45
692.48	4818.87
692.67	5115.83
692.87	4120.51
693.06	3721.16
693.25	4200.38
693.45	4024.26
693.64	4548.54
693.84	4016.07
694.03	3536.84
694.22	3989.44
694.42	3975.11
694.61	4048.83
694.81	11747.15
695.00	3692.49
695.19	4220.86
695.39	4792.25
695.58	4968.37
695.78	4356.03
695.97	4300.73
696.16	5707.69
696.36	4902.84
696.55	4206.53
696.75	3831.75
696.94	3231.69
697.13	6012.84
697.33	3487.69
697.52	4532.15
697.71	4442.04
697.91	4865.97
698.10	6643.61
698.30	4077.51
698.49	4075.46
698.68	3461.07
698.88	3299.28
699.07	4145.09
699.26	6772.63
699.46	4091.84
699.65	4837.30
699.85	4706.23
700.04	3749.83
700.23	3497.93
700.43	4374.46
700.62	3968.96
700.81	4050.88
701.01	3383.24
701.20	3948.48
701.39	4128.70
701.59	4087.75
701.78	3338.19
701.98	3610.57
702.17	3952.58
702.36	4456.38
702.56	4663.22
702.75	3575.75
702.94	4569.02
703.14	11870.03
703.33	4198.34
703.52	21223.10
703.72	3641.29
703.91	4673.46
704.10	3971.01
704.30	4200.38
704.49	3604.42
704.68	3446.73
704.88	5318.57
705.07	5676.97
705.26	3913.67
705.46	3594.19
705.65	3833.80
705.84	3825.61
706.03	3872.71
706.23	3870.66
706.42	4308.93
706.61	4165.57
706.81	6025.12
707.00	4816.82
707.19	3649.48
707.39	4917.17
707.58	3547.08
707.77	3760.07
707.97	5359.53
708.16	3864.52
708.35	4927.41
708.55	3952.58
708.74	3934.15
708.93	5629.87
709.12	4599.74
709.32	4044.74
709.51	5050.29
709.70	5234.61
709.90	4485.05
710.09	3948.48
710.28	4743.10
710.47	3696.58
710.67	4698.04
710.86	5576.62
711.05	3596.23
711.25	3936.20
711.44	3473.36
711.63	4734.90
711.82	4616.12
712.02	7481.23
712.21	4573.11
712.40	4325.31
712.59	5347.25
712.79	5906.34
712.98	4237.25
713.17	5328.81
713.37	3555.27
713.56	3528.65
713.75	3758.02
713.94	4382.65
714.14	3981.25
714.33	4906.93
714.52	3913.67
714.71	3637.19
714.91	4599.74
715.10	5435.31
715.29	4009.92
715.48	3751.88
715.68	4878.26
715.87	3645.38
716.06	4972.47
716.25	3737.54
716.45	4523.96
716.64	4282.30
716.83	4319.17
717.02	4919.22
717.21	4345.79
717.41	5496.75
717.60	5394.35
717.79	3514.31
717.98	3991.49
718.18	3784.65
718.37	3436.49
718.56	6244.26
718.75	5171.12
718.94	4497.34
719.14	2895.83
719.33	4556.73
719.52	4421.56
719.71	4208.58
719.91	3864.52
720.10	5937.06
720.29	3837.89
720.48	3375.05
720.67	4558.78
720.87	6029.22
721.06	3123.15
721.25	4657.08
721.44	3801.03
721.63	4106.18
721.83	5072.82
722.02	2981.84
722.21	4855.73
722.40	4349.89
722.59	4298.69
722.79	4001.73
722.98	5160.88
723.17	3141.58
723.36	3780.55
723.55	3178.45
723.74	3270.61
723.94	4239.30
724.13	3774.41
724.32	3966.92
724.51	4153.28
724.70	4036.55
724.90	3891.14
725.09	5134.26
725.28	4853.69
725.47	4376.51
725.66	4237.25
725.85	3788.74
726.05	5201.84
726.24	4343.74
726.43	4399.04
726.62	4921.27
726.81	3882.95
727.00	3575.75
727.20	4677.56
727.39	4325.31
727.58	4044.74
727.77	3610.57
727.96	3803.08
728.15	5631.91
728.34	4425.66
728.54	4028.35
728.73	4874.17
728.92	4435.90
729.11	4276.16
729.30	4005.83
729.49	5119.92
729.68	3979.20
729.88	3897.28
730.07	4114.37
730.26	4083.65
730.45	4951.99
730.64	5537.71
730.83	4321.21
731.02	3364.81
731.21	4169.66
731.41	4599.74
731.60	3395.53
731.79	4829.11
731.98	5101.49
732.17	4753.34
732.36	3375.05
732.55	3672.01
732.74	5291.95
732.93	4857.78
733.13	4091.84
733.32	4677.56
733.51	3489.74
733.70	5711.78
733.89	4888.50
734.08	4632.51
734.27	3364.81
734.46	5230.51
734.65	3506.12
734.85	4462.52
735.04	3962.82
735.23	5242.80
735.42	4460.48
735.61	2719.70
735.80	3717.06
735.99	5478.32
736.18	7311.25
736.37	3340.24
736.56	5183.41
736.75	4134.85
736.94	4227.01
737.14	3276.75
737.33	3520.46
737.52	3411.92
737.71	4259.78
737.90	4347.84
738.09	5138.35
738.28	4638.65
738.47	4595.64
738.66	4900.79
738.85	4902.84
739.04	4646.84
739.23	4741.05
739.42	3078.10
739.61	3604.42
739.80	3440.59
740.00	4138.94
740.19	3579.85
740.38	3479.50
740.57	3796.93
740.76	3508.17
740.95	4200.38
741.14	4751.29
741.33	6313.89
741.52	4075.46
741.71	3200.98
741.90	4927.41
742.09	4919.22
742.28	4284.35
742.47	3301.33
742.66	3989.44
742.85	3659.72
743.04	3317.71
743.23	4616.12
743.42	4337.60
743.61	3989.44
743.80	3416.01
743.99	2617.30
744.18	4128.70
744.37	4054.98
744.56	3612.62
744.75	3282.89
744.94	4372.41
745.13	4071.36
745.32	2555.86
745.51	4208.58
745.71	4960.18
745.90	4235.20
746.09	3682.25
746.28	4202.43
746.47	4734.90
746.66	4202.43
746.85	4665.27
747.04	3735.50
747.23	4243.39
747.42	5865.38
747.61	2631.64
747.80	5445.55
747.99	3698.63
748.18	3332.05
748.36	3461.07
748.55	5851.05
748.74	5095.35
748.93	4847.54
749.12	3485.64
749.31	4327.36
749.50	3497.93
749.69	5216.18
749.88	4136.90
750.07	2801.62
750.26	5429.17
750.45	3200.98
750.64	2758.61
750.83	3981.25
751.02	3620.81
751.21	4546.49
751.40	4503.48
751.59	4313.02
751.78	5046.20
751.97	4468.67
752.16	4186.05
752.35	3850.18
752.54	4521.92
752.73	4972.47
752.92	3872.71
753.11	4591.55
753.30	3696.58
753.49	3321.81
753.68	4945.84
753.87	3719.11
754.05	4251.58
754.24	4014.02
754.43	5009.33
754.62	3391.44
754.81	6504.35
755.00	5488.56
755.19	3809.22
755.38	4517.82
755.57	5027.76
755.76	5683.11
755.95	4505.53
756.14	3088.34
756.33	4702.14
756.52	4612.03
756.70	4276.16
756.89	4261.82
757.08	4388.80
757.27	4282.30
757.46	3602.38
757.65	3200.98
757.84	3899.33
758.03	3948.48
758.22	3416.01
758.41	3833.80
758.60	3264.46
758.79	4038.59
758.97	4767.67
759.16	5162.93
759.35	4063.17
759.54	4693.94
759.73	3583.95
759.92	3145.68
760.11	3493.83
760.30	4503.48
760.49	3930.05
760.67	3712.97
760.86	4480.96
761.05	6197.15
761.24	3430.35
761.43	2994.13
761.62	4083.65
761.81	4292.54
762.00	4790.20
762.19	3536.84
762.37	4298.69
762.56	5353.39
762.75	2944.98
762.94	4091.84
763.13	3653.58
763.32	4374.46
763.51	2957.27
763.70	3350.48
763.88	5291.95
764.07	4577.21
764.26	3938.24
764.45	3061.71
764.64	4220.86
764.83	5541.80
765.02	3768.26
765.20	4202.43
765.39	4931.51
765.58	5625.77
765.77	4734.90
765.96	6082.47
766.15	3932.10
766.33	4188.10
766.52	4825.01
766.71	3938.24
766.90	5466.03
767.09	3919.81
767.28	2621.40
767.46	3678.15
767.65	3667.91
767.84	4427.71
768.03	3307.47
768.22	3106.77
768.41	2955.22
768.59	3766.21
768.78	3381.20
768.97	4009.92
769.16	5027.76
769.35	3061.71
769.54	4216.77
769.72	4124.61
769.91	4288.45
770.10	6092.71
770.29	3465.16
770.48	4552.63
770.66	4536.25
770.85	4566.97
771.04	4405.18
771.23	3129.30
771.42	5212.08
771.60	5093.30
771.79	3694.54
771.98	4304.83
772.17	4661.18
772.36	5410.73
772.54	3217.36
772.73	3600.33
772.92	4353.98
773.11	3825.61
773.30	3555.27
773.48	3143.63
773.67	3733.45
773.86	4034.50
774.05	3350.48
774.23	4577.21
774.42	4900.79
774.61	5337.01
774.80	3643.34
774.99	3076.05
775.17	4554.68
775.36	4935.60
775.55	3547.08
775.74	3674.06
775.92	5117.87
776.11	4243.39
776.30	5250.99
776.49	3497.93
776.67	4184.00
776.86	3059.67
777.05	3633.10
777.24	3461.07
777.42	4087.75
777.61	3198.93
777.80	5033.91
777.99	3600.33
778.17	3735.50
778.36	4306.88
778.55	3549.13
778.74	4218.82
778.92	3997.64
779.11	4730.81
779.30	3915.72
779.49	3780.55
779.67	4382.65
779.86	3905.48
780.05	3110.86
780.24	3039.19
780.42	4616.12
780.61	4157.38
780.80	4237.25
780.98	2850.77
781.17	3743.69
781.36	3876.80
781.55	4634.55
781.73	3219.41
781.92	4839.35
782.11	4208.58
782.29	3715.02
782.48	3442.64
782.67	4712.38
782.86	5021.62
783.04	3698.63
783.23	3426.25
783.42	4198.34
783.60	5332.91
783.79	4073.41
783.98	3704.78
784.16	4239.30
784.35	4108.23
784.54	4405.18
784.73	3407.82
784.91	3885.00
785.10	3725.26
785.29	3770.31
785.47	4851.64
785.66	4966.32
785.85	3653.58
786.03	3782.60
786.22	2883.54
786.41	4446.14
786.59	4872.12
786.78	3074.00
786.97	3395.53
787.15	4730.81
787.34	4818.87
787.53	3512.27
787.71	4333.50
787.90	4222.91
788.09	4530.11
788.27	4489.15
788.46	3852.23
788.65	4356.03
788.83	4566.97
789.02	2922.45
789.21	2879.44
789.39	3061.71
789.58	5025.72
789.77	3467.21
789.95	2979.79
790.14	5414.83
790.33	4263.87
790.51	3047.38
790.70	4947.89
790.88	3923.91
791.07	3973.06
791.26	5877.67
791.44	3946.44
791.63	3370.96
791.82	4677.56
792.00	3194.83
792.19	4184.00
792.38	5392.30
792.56	4575.16
792.75	4368.32
792.93	5218.22
793.12	4997.04
793.31	4612.03
793.49	5554.09
793.68	3641.29
793.86	3946.44
794.05	5666.73
794.24	3502.03
794.42	3973.06
794.61	3989.44
794.80	4394.94
794.98	4212.67
795.17	3641.29
795.35	4681.66
795.54	4528.06
795.73	4644.79
795.91	6207.39
796.10	4978.61
796.28	5517.23
796.47	2736.09
796.66	3309.52
796.84	6404.00
797.03	4130.75
797.21	2842.58
797.40	4052.93
797.58	4956.08
797.77	4163.52
797.96	4501.44
798.14	6090.66
798.33	5762.98
798.51	4657.08
798.70	3071.95
798.88	3964.87
799.07	4022.21
799.26	4093.89
799.44	4126.66
799.63	4169.66
799.81	3473.36
800.00	4265.92
800.18	4714.42
800.37	4028.35
800.56	3719.11
800.74	4349.89
800.93	3700.68
801.11	3715.02
801.30	4865.97
801.48	4091.84
801.67	4376.51
801.85	4489.15
802.04	4739.00
802.22	3956.68
802.41	4423.61
802.60	4483.00
802.78	4272.06
802.97	3790.79
803.15	4386.75
803.34	4341.69
803.52	4440.00
803.71	4405.18
803.89	3217.36
804.08	5560.24
804.26	5177.26
804.45	4325.31
804.63	3743.69
804.82	4296.64
805.00	3782.60
805.19	5795.75
805.37	3585.99
805.56	3710.92
805.74	5709.74
805.93	4149.18
806.11	4466.62
806.30	3446.73
806.48	4081.60
806.67	4773.82
806.85	4122.56
807.04	3885.00
807.22	4431.80
807.41	4261.82
807.59	4964.28
807.78	3676.10
807.96	5152.69
808.15	3798.98
808.33	4722.62
808.52	5611.43
808.70	4403.13
808.89	5271.47
809.07	5814.18
809.26	3946.44
809.44	3758.02
809.63	4913.08
809.81	3864.52
810.00	4628.41
810.18	4349.89
810.37	3672.01
810.55	4552.63
810.74	4372.41
810.92	5431.21
811.11	5709.74
811.29	2756.57
811.48	3620.81
811.66	4108.23
811.84	3147.73
812.03	4370.37
812.21	4442.04
812.40	3846.09
812.58	3227.60
812.77	4718.52
812.95	3545.03
813.14	3825.61
813.32	3700.68
813.51	4145.09
813.69	4224.96
813.87	3385.29
814.06	4016.07
814.24	3944.39
814.43	3266.51
814.61	4095.94
814.80	5162.93
814.98	3260.37
815.16	4143.04
815.35	5291.95
815.53	6387.61
815.72	4140.99
815.90	3553.23
816.09	4319.17
816.27	4562.87
816.45	4358.08
816.64	3872.71
816.82	5842.85
817.01	3538.89
817.19	3227.60
817.37	4284.35
817.56	5085.11
817.74	3209.17
817.93	5107.63
818.11	3596.23
818.30	3985.35
818.48	3567.56
818.66	4517.82
818.85	3735.50
819.03	4503.48
819.21	4517.82
819.40	4747.19
819.58	6430.62
819.77	4210.62
819.95	4356.03
820.13	5799.85
820.32	3346.38
820.50	5521.32
820.69	5644.20
820.87	4014.02
821.05	3297.23
821.24	4274.11
821.42	4532.15
821.60	3340.24
821.79	5396.40
821.97	4898.74
822.16	5689.26
822.34	3690.44
822.52	4530.11
822.71	5416.88
822.89	5230.51
823.07	4292.54
823.26	3389.39
823.44	3684.30
823.62	3733.45
823.81	4415.42
823.99	3178.45
824.18	4695.99
824.36	4116.42
824.54	4489.15
824.73	5035.96
824.91	5816.23
825.09	4919.22
825.28	5318.57
825.46	5367.73
825.64	4904.89
825.83	4374.46
826.01	4601.79
826.19	4038.59
826.38	4046.79
826.56	4212.67
826.74	3053.52
826.93	4030.40
827.11	4167.62
827.29	4333.50
827.48	3938.24
827.66	4464.57
827.84	4118.47
828.03	4042.69
828.21	3086.29
828.39	3153.87
828.57	5511.08
828.76	5054.39
828.94	3321.81
829.12	5640.11
829.31	4110.27
829.49	3989.44
829.67	3315.66
829.86	4163.52
830.04	4315.07
830.22	4427.71
830.40	3129.30
830.59	4251.58
830.77	4065.22
830.95	4718.52
831.14	5879.72
831.32	3708.87
831.50	4151.23
831.69	4509.63
831.87	5328.81
832.05	3774.41
832.23	4077.51
832.42	5038.00
832.60	3960.77
832.78	3653.58
832.96	11362.13
833.15	5013.43
833.33	3307.47
833.51	5824.42
833.70	4091.84
833.88	4294.59
834.06	4265.92
834.24	3993.54
834.43	5525.42
834.61	4470.72
834.79	4691.90
834.97	6184.87
835.16	4569.02
835.34	4603.83
835.52	4741.05
835.70	4224.96
835.89	4075.46
836.07	5466.03
836.25	4732.86
836.43	3407.82
836.62	4214.72
836.80	5085.11
836.98	3581.90
837.16	3913.67
837.34	4155.33
837.53	5463.98
837.71	4151.23
837.89	5935.01
838.07	4302.78
838.26	5121.97
838.44	4718.52
838.62	6809.50
838.80	4497.34
838.99	4763.58
839.17	3854.28
839.35	4784.06
839.53	4345.79
839.71	5328.81
839.90	3559.37
840.08	4605.88
840.26	5343.15
840.44	4569.02
840.62	5347.25
840.81	3102.67
840.99	6463.39
841.17	3966.92
841.35	4612.03
841.53	3692.49
841.72	5627.82
841.90	4743.10
842.08	3397.58
842.26	3305.42
842.44	4657.08
842.63	5732.26
842.81	5537.71
842.99	4607.93
843.17	4863.93
843.35	4552.63
843.53	5074.87
843.72	4452.28
843.90	4341.69
844.08	3702.73
844.26	3725.26
844.44	4198.34
844.62	5724.07
844.81	5412.78
844.99	5717.93
845.17	3768.26
845.35	4433.85
845.53	4566.97
845.71	13991.72
845.90	3983.30
846.08	4024.26
846.26	4231.10
846.44	3182.54
846.62	4155.33
846.80	4450.24
846.98	4247.49
847.17	9199.48
847.35	6068.13
847.53	4718.52
847.71	5033.91
847.89	6068.13
848.07	3497.93
848.25	4104.13
848.44	3594.19
848.62	4775.86
848.80	3846.09
848.98	3796.93
849.16	4487.10
849.34	4984.76
849.52	4341.69
849.70	4493.24
849.89	5105.59
850.07	4620.22
850.25	4865.97
850.43	4325.31
850.61	4511.68
850.79	3887.04
850.97	3710.92
851.15	4988.85
851.33	4347.84
851.52	3796.93
851.70	5779.37
851.88	5322.67
852.06	3708.87
852.24	3549.13
852.42	5296.05
852.60	6078.37
852.78	6102.95
852.96	4403.13
853.14	4030.40
853.33	5914.53
853.51	4433.85
853.69	4579.26
853.87	4947.89
854.05	4321.21
854.23	3211.22
854.41	3491.79
854.59	4063.17
854.77	4954.04
854.95	4261.82
855.13	4026.31
855.31	4589.50
855.49	4108.23
855.68	4054.98
855.86	3649.48
856.04	5910.44
856.22	4243.39
856.40	4403.13
856.58	3704.78
856.76	5033.91
856.94	3930.05
857.12	4691.90
857.30	3022.80
857.48	4241.34
857.66	4616.12
857.84	7249.81
858.02	3747.78
858.20	5545.90
858.38	4304.83
858.56	4063.17
858.74	3403.72
858.92	3635.14
859.10	4503.48
859.29	5046.20
859.47	3540.94
859.65	5365.68
859.83	3872.71
860.01	4216.77
860.19	3405.77
860.37	4597.69
860.55	4767.67
860.73	3407.82
860.91	3790.79
861.09	5380.01
861.27	4540.35
861.45	4988.85
861.63	3866.56
861.81	5058.48
861.99	4169.66
862.17	3981.25
862.35	3954.63
862.53	3979.20
862.71	5273.52
862.89	4290.49
863.07	4128.70
863.25	4843.45
863.43	4800.44
863.61	5451.69
863.79	5177.26
863.97	4945.84
864.15	4849.59
864.33	4374.46
864.51	3532.75
864.69	3311.57
864.87	4779.96
865.05	4136.90
865.23	4466.62
865.41	3825.61
865.59	5601.19
865.77	4304.83
865.95	4587.45
866.13	3465.16
866.30	4538.30
866.48	3727.30
866.66	4452.28
866.84	4020.16
867.02	4259.78
867.20	4044.74
867.38	3618.76
867.56	4177.86
867.74	5484.46
867.92	4685.75
868.10	4071.36
868.28	3602.38
868.46	4646.84
868.64	5181.36
868.82	3899.33
869.00	4257.73
869.18	3444.68
869.36	5889.96
869.54	4679.61
869.72	4829.11
869.89	4562.87
870.07	4132.80
870.25	4179.90
870.43	4585.40
870.61	3252.17
870.79	4693.94
870.97	3405.77
871.15	4681.66
871.33	6326.18
871.51	4218.82
871.69	5234.61
871.87	4528.06
872.05	5447.60
872.22	4943.80
872.40	3248.08
872.58	4093.89
872.76	5167.03
872.94	4972.47
873.12	3555.27
873.30	2725.85
873.48	4751.29
873.66	4374.46
873.84	4323.26
874.01	4751.29
874.19	4108.23
874.37	3895.24
874.55	3819.46
874.73	4257.73
874.91	6164.39
875.09	3923.91
875.27	3274.70
875.45	4110.27
875.62	4655.03
875.80	4200.38
875.98	3844.04
876.16	4241.34
876.34	5365.68
876.52	3794.89
876.70	5945.25
876.88	3659.72
877.05	4775.86
877.23	4579.26
877.41	4061.12
877.59	6490.01
877.77	5162.93
877.95	3878.85
878.13	3600.33
878.30	3774.41
878.48	4796.34
878.66	4839.35
878.84	4718.52
879.02	3325.90
879.20	4734.90
879.37	4835.25
879.55	4495.29
879.73	4978.61
879.91	4308.93
880.09	4882.36
880.27	6188.96
880.45	4218.82
880.62	4382.65
880.80	4595.64
880.98	4110.27
881.16	4016.07
881.34	4085.70
881.51	4059.07
881.69	3856.33
881.87	3960.77
882.05	4167.62
882.23	3669.96
882.41	4097.99
882.58	4061.12
882.76	4552.63
882.94	4022.21
883.12	5283.76
883.30	4536.25
883.47	5185.46
883.65	4638.65
883.83	4685.75
884.01	3725.26
884.19	4253.63
884.36	4231.10
884.54	3231.69
884.72	4683.70
884.90	3747.78
885.08	5552.04
885.25	8159.11
885.43	4544.44
885.61	4198.34
885.79	4310.97
885.97	5769.13
886.14	5443.50
886.32	4265.92
886.50	5818.28
886.68	4460.48
886.85	3805.13
887.03	5652.39
887.21	4511.68
887.39	4358.08
887.56	5472.17
887.74	4106.18
887.92	4614.07
888.10	4358.08
888.27	4636.60
888.45	5197.74
888.63	5396.40
888.81	4200.38
888.99	3811.27
889.16	3870.66
889.34	3686.34
889.52	3555.27
889.69	4626.36
889.87	5156.79
890.05	4274.11
890.23	3768.26
890.40	3733.45
890.58	4349.89
890.76	4579.26
890.94	3921.86
891.11	3790.79
891.29	5128.11
891.47	3860.42
891.65	5199.79
891.82	5676.97
892.00	3598.28
892.18	4872.12
892.35	4530.11
892.53	4356.03
892.71	5470.12
892.89	5060.53
893.06	4884.41
893.24	4310.97
893.42	3485.64
893.59	4071.36
893.77	3522.51
893.95	4257.73
894.13	3362.76
894.30	5377.97
894.48	4050.88
894.66	6496.16
894.83	3936.20
895.01	4861.88
895.19	5275.57
895.36	4110.27
895.54	5687.21
895.72	4399.04
895.89	4083.65
896.07	3958.72
896.25	4904.89
896.43	3979.20
896.60	5267.38
896.78	4020.16
896.96	4751.29
897.13	5087.15
897.31	3694.54
897.49	4405.18
897.66	5273.52
897.84	4255.68
898.02	5150.64
898.19	4540.35
898.37	3667.91
898.55	4751.29
898.72	4814.77
898.90	5040.05
899.07	4616.12
899.25	4876.21
899.43	5318.57
899.60	6561.69
899.78	3805.13
899.96	3076.05
900.13	4071.36
900.31	4759.48
900.49	3946.44
900.66	6029.22
900.84	5205.94
901.02	5343.15
901.19	5076.91
901.37	3977.16
901.54	5107.63
901.72	3438.54
901.90	4526.01
902.07	4415.42
902.25	4341.69
902.43	4048.83
902.60	5554.09
902.78	3682.25
902.95	4478.91
903.13	4296.64
903.31	4161.47
903.48	4251.58
903.66	4323.26
903.83	4829.11
904.01	4521.92
904.19	4181.95
904.36	4456.38
904.54	3626.95
904.71	4782.01
904.89	3964.87
905.07	4454.33
905.24	4263.87
905.42	4548.54
905.59	5504.94
905.77	4745.14
905.95	4992.95
906.12	4034.50
906.30	4536.25
906.47	5203.89
906.65	6049.70
906.82	5089.20
907.00	5640.11
907.18	3497.93
907.35	3784.65
907.53	4743.10
907.70	4788.15
907.88	4261.82
908.05	9439.09
908.23	4925.36
908.41	5146.55
908.58	4122.56
908.76	3364.81
908.93	5642.15
909.11	4923.32
909.28	4216.77
909.46	4480.96
909.63	4880.31
909.81	5353.39
909.99	4663.22
910.16	3624.90
910.34	3821.51
910.51	5142.45
910.69	5015.48
910.86	3635.14
911.04	4407.23
911.21	3409.87
911.39	6023.08
911.56	3837.89
911.74	4325.31
911.91	4900.79
912.09	3889.09
912.26	3594.19
912.44	3170.26
912.62	4214.72
912.79	4005.83
912.97	4372.41
913.14	5904.29
913.32	4937.65
913.49	3895.24
913.67	4749.24
913.84	3020.75
914.02	4186.05
914.19	3989.44
914.37	4601.79
914.54	3948.48
914.72	3467.21
914.89	3588.04
915.07	5752.74
915.24	3788.74
915.42	4044.74
915.59	3590.09
915.77	5638.06
915.94	6125.47
916.12	6440.86
916.29	4161.47
916.46	4618.17
916.64	3981.25
916.81	5951.40
916.99	4902.84
917.16	3807.17
917.34	5660.59
917.51	5369.77
917.69	3909.57
917.86	3194.83
918.04	4110.27
918.21	5941.16
918.39	4726.71
918.56	4298.69
918.74	3538.89
918.91	5988.26
919.08	3463.12
919.26	5173.17
919.43	4485.05
919.61	4491.20
919.78	4186.05
919.96	5517.23
920.13	5406.64
920.31	4636.60
920.48	4450.24
920.65	4102.08
920.83	5805.99
921.00	4847.54
921.18	3772.36
921.35	4995.00
921.53	4259.78
921.70	3841.99
921.88	3899.33
922.05	4128.70
922.22	3391.44
922.40	4390.84
922.57	4132.80
922.75	3127.25
922.92	4390.84
923.09	4652.98
923.27	3815.37
923.44	5754.79
923.62	3676.10
923.79	5625.77
923.96	3991.49
924.14	3354.57
924.31	5017.52
924.49	4554.68
924.66	3846.09
924.83	4480.96
925.01	3764.17
925.18	6404.00
925.36	5275.57
925.53	3964.87
925.70	3903.43
925.88	3762.12
926.05	5353.39
926.23	4818.87
926.40	4728.76
926.57	4341.69
926.75	4382.65
926.92	3622.86
927.09	4872.12
927.27	3440.59
927.44	5275.57
927.62	4177.86
927.79	5355.44
927.96	3964.87
928.14	3256.27
928.31	4741.05
928.48	5672.87
928.66	4218.82
928.83	3340.24
929.00	4003.78
929.18	4194.24
929.35	4333.50
929.52	5218.22
929.70	4530.11
929.87	3774.41
930.05	3893.19
930.22	3903.43
930.39	4612.03
930.57	3565.51
930.74	5953.45
930.91	3665.86
931.09	5625.77
931.26	4921.27
931.43	5210.03
931.61	2926.55
931.78	4401.08
931.95	4825.01
932.12	5631.91
932.30	3651.53
932.47	5289.90
932.64	3626.95
932.82	3241.93
932.99	4304.83
933.16	4202.43
933.34	4224.96
933.51	4857.78
933.68	4036.55
933.86	4454.33
934.03	4110.27
934.20	3833.80
934.38	4814.77
934.55	3727.30
934.72	6033.32
934.89	5552.04
935.07	3569.61
935.24	4616.12
935.41	4384.70
935.59	4333.50
935.76	3985.35
935.93	4296.64
936.10	4044.74
936.28	4388.80
936.45	4016.07
936.62	4290.49
936.79	5492.65
936.97	4609.98
937.14	4177.86
937.31	4966.32
937.49	3782.60
937.66	5042.10
937.83	5394.35
938.00	5119.92
938.18	5633.96
938.35	5238.70
938.52	4124.61
938.69	4163.52
938.87	4573.11
939.04	4911.03
939.21	4263.87
939.38	4179.90
939.56	4165.57
939.73	3225.55
939.90	4009.92
940.07	3782.60
940.25	4298.69
940.42	4454.33
940.59	4485.05
940.76	4136.90
940.94	3940.29
941.11	4122.56
941.28	4470.72
941.45	4847.54
941.62	4364.22
941.80	3803.08
941.97	4878.26
942.14	3985.35
942.31	5660.59
942.48	3925.96
942.66	4284.35
942.83	4978.61
943.00	3157.97
943.17	5330.86
943.35	4947.89
943.52	4390.84
943.69	3446.73
943.86	4118.47
944.03	3381.20
944.21	6303.65
944.38	3971.01
944.55	4720.57
944.72	4380.61
944.89	4073.41
945.06	3809.22
945.24	4153.28
945.41	6518.68
945.58	5038.00
945.75	4988.85
945.92	4317.12
946.10	5560.24
946.27	3325.90
946.44	4399.04
946.61	3856.33
946.78	5224.37
946.95	3483.59
947.13	3297.23
947.30	4609.98
947.47	4220.86
947.64	4747.19
947.81	5537.71
947.98	4757.43
948.16	4685.75
948.33	3999.68
948.50	4190.14
948.67	4505.53
948.84	4986.80
949.01	4042.69
949.18	4460.48
949.36	5830.57
949.53	4091.84
949.70	4804.53
949.87	4921.27
950.04	4036.55
950.21	4538.30
950.38	3698.63
950.56	4290.49
950.73	4505.53
950.90	4378.56
951.07	4798.39
951.24	4640.70
951.41	4243.39
951.58	4136.90
951.75	4853.69
951.92	3536.84
952.10	4313.02
952.27	3485.64
952.44	4919.22
952.61	7526.29
952.78	4460.48
952.95	3407.82
953.12	5066.67
953.29	4620.22
953.46	4552.63
953.64	5021.62
953.81	3825.61
953.98	4513.72
954.15	4493.24
954.32	4184.00
954.49	3665.86
954.66	4665.27
954.83	4415.42
955.00	3856.33
955.17	4976.56
955.34	4046.79
955.51	4272.06
955.69	7405.46
955.86	4597.69
956.03	3735.50
956.20	5044.15
956.37	4734.90
956.54	3786.69
956.71	4601.79
956.88	4321.21
957.05	4358.08
957.22	3807.17
957.39	4816.82
957.56	4419.52
957.73	3708.87
957.90	3811.27
958.07	5461.93
958.24	4937.65
958.41	4122.56
958.59	4749.24
958.76	5162.93
958.93	5715.88
959.10	3964.87
959.27	3952.58
959.44	5355.44
959.61	4073.41
959.78	4550.59
959.95	4069.31
960.12	5302.19
960.29	5386.16
960.46	4153.28
960.63	3121.10
960.80	4218.82
960.97	4454.33
961.14	3569.61
961.31	4429.76
961.48	5521.32
961.65	5281.71
961.82	4620.22
961.99	4435.90
962.16	3813.32
962.33	4366.27
962.50	4491.20
962.67	3858.37
962.84	4833.21
963.01	3610.57
963.18	3669.96
963.35	3803.08
963.52	4911.03
963.69	4145.09
963.86	5273.52
964.03	5302.19
964.20	5904.29
964.37	5136.31
964.54	4868.02
964.71	4304.83
964.88	4370.37
965.05	4306.88
965.22	4073.41
965.39	5021.62
965.56	3481.55
965.73	4403.13
965.90	5058.48
966.07	3815.37
966.24	4063.17
966.41	4440.00
966.58	4091.84
966.74	5357.49
966.91	5810.09
967.08	6463.39
967.25	3610.57
967.42	3954.63
967.59	5889.96
967.76	4110.27
967.93	4607.93
968.10	3973.06
968.27	4603.83
968.44	4503.48
968.61	4128.70
968.78	3618.76
968.95	4167.62
969.12	4648.89
969.29	4767.67
969.46	3841.99
969.62	4923.32
969.79	3850.18
969.96	3319.76
970.13	3893.19
970.30	5097.39
970.47	4726.71
970.64	5081.01
970.81	4753.34
970.98	4165.57
971.15	4665.27
971.32	3497.93
971.49	5048.24
971.65	4997.04
971.82	4825.01
971.99	4480.96
972.16	5072.82
972.33	4095.94
972.50	4073.41
972.67	4667.32
972.84	4356.03
973.01	3844.04
973.17	4925.36
973.34	5160.88
973.51	5281.71
973.68	4028.35
973.85	4333.50
974.02	4153.28
974.19	3944.39
974.36	4798.39
974.53	5191.60
974.69	4847.54
974.86	4022.21
975.03	5136.31
975.20	4128.70
975.37	4913.08
975.54	4917.17
975.71	5181.36
975.87	4794.29
976.04	5259.18
976.21	4599.74
976.38	4526.01
976.55	4102.08
976.72	3837.89
976.89	5017.52
977.05	4650.94
977.22	5953.45
977.39	3581.90
977.56	5238.70
977.73	4478.91
977.90	3538.89
978.06	4677.56
978.23	4380.61
978.40	3887.04
978.57	5480.36
978.74	4833.21
978.91	5195.70
979.07	3987.40
979.24	5552.04
979.41	4437.95
979.58	4734.90
979.75	4900.79
979.91	3418.06
980.08	3184.59
980.25	4652.98
980.42	4724.66
980.59	4222.91
980.75	4011.97
980.92	4296.64
981.09	4298.69
981.26	5136.31
981.43	5529.52
981.59	4607.93
981.76	4579.26
981.93	4638.65
982.10	4089.79
982.27	3930.05
982.43	4093.89
982.60	3854.28
982.77	3719.11
982.94	4085.70
983.11	3844.04
983.27	3688.39
983.44	4124.61
983.61	4476.86
983.78	5820.33
983.94	5691.31
984.11	3979.20
984.28	4546.49
984.45	5427.12
984.61	3420.11
984.78	3938.24
984.95	4057.03
985.12	4478.91
985.28	5410.73
985.45	3639.24
985.62	3561.42
985.79	3962.82
985.95	4224.96
986.12	3383.24
986.29	4095.94
986.46	5140.40
986.62	5027.76
986.79	4401.08
986.96	3930.05
987.13	4808.63
987.29	5973.92
987.46	4048.83
987.63	4904.89
987.80	3606.47
987.96	6330.27
988.13	4202.43
988.30	3792.84
988.46	4079.55
988.63	5154.74
988.80	3147.73
988.97	3192.78
989.13	4310.97
989.30	4775.86
989.47	2965.46
989.63	2734.04
989.80	5230.51
989.97	4718.52
990.13	3215.31
990.30	5636.01
990.47	4083.65
990.64	3938.24
990.80	3157.97
990.97	3889.09
991.14	3680.20
991.30	4347.84
991.47	3506.12
991.64	3708.87
991.80	4130.75
991.97	4136.90
992.14	3231.69
992.30	6041.51
992.47	4118.47
992.64	4067.27
992.80	3612.62
992.97	3055.57
993.14	6000.55
993.30	8560.51
993.47	3487.69
993.64	3547.08
993.80	5187.50
993.97	3813.32
994.14	4016.07
994.30	5121.97
994.47	4782.01
994.64	4184.00
994.80	4497.34
994.97	3215.31
995.14	5255.09
995.30	4470.72
995.47	4364.22
995.63	4456.38
995.80	4726.71
995.97	6647.71
996.13	3618.76
996.30	3325.90
996.47	4343.74
996.63	6672.28
996.80	6021.03
996.97	4120.51
997.13	3958.72
997.30	5111.73
997.46	3577.80
997.63	4399.04
997.80	5013.43
997.96	4831.16
998.13	3569.61
998.29	3629.00
998.46	4323.26
998.63	3946.44
998.79	3299.28
998.96	4452.28
999.12	5525.42
999.29	4403.13
999.46	3903.43
999.62	5115.83
999.79	4521.92
999.95	4280.25
1000.12	3833.80
1000.29	3356.62
1000.45	4773.82
1000.62	4552.63
1000.78	4095.94
1000.95	3600.33
1001.11	4554.68
1001.28	4480.96
1001.45	3223.50
1001.61	4886.45
1001.78	4945.84
1001.94	4972.47
1002.11	4077.51
1002.27	4935.60
1002.44	5466.03
1002.61	4288.45
1002.77	3755.97
1002.94	3305.42
1003.10	4210.62
1003.27	5027.76
1003.43	3741.64
1003.60	4198.34
1003.76	3774.41
1003.93	4487.10
1004.10	4415.42
1004.26	4624.31
1004.43	4569.02
1004.59	6320.03
1004.76	3344.33
1004.92	3825.61
1005.09	6399.90
1005.25	4919.22
1005.42	3837.89
1005.58	5167.03
1005.75	5050.29
1005.91	4394.94
1006.08	5394.35
1006.24	3184.59
1006.41	3964.87
1006.57	4403.13
1006.74	3749.83
1006.90	3954.63
1007.07	4054.98
1007.23	6164.39
1007.40	3864.52
1007.56	3448.78
1007.73	4308.93
1007.89	5074.87
1008.06	5121.97
1008.22	3997.64
1008.39	4728.76
1008.55	3928.00
1008.72	4167.62
1008.88	3366.86
1009.05	4112.32
1009.21	5038.00
1009.38	3043.28
1009.54	3813.32
1009.71	5580.71
1009.87	5709.74
1010.04	2832.34
1010.20	4208.58
1010.37	3520.46
1010.53	5494.70
1010.70	4102.08
1010.86	3049.43
1011.03	3596.23
1011.19	3606.47
1011.35	4698.04
1011.52	4014.02
1011.68	4276.16
1011.85	4046.79
1012.01	4581.31
1012.18	4423.61
1012.34	3831.75
1012.51	4102.08
1012.67	3862.47
1012.83	4063.17
1013.00	4726.71
1013.16	3481.55
1013.33	3915.72
1013.49	5808.04
1013.66	4644.79
1013.82	6223.78
1013.99	4024.26
1014.15	4503.48
1014.31	5138.35
1014.48	4943.80
1014.64	4528.06
1014.81	4081.60
1014.97	3416.01
1015.13	4999.09
1015.30	4059.07
1015.46	4161.47
1015.63	3864.52
1015.79	3702.73
1015.95	3471.31
1016.12	3536.84
1016.28	4370.37
1016.45	3981.25
1016.61	4224.96
1016.77	3524.55
1016.94	4304.83
1017.10	4665.27
1017.27	4253.63
1017.43	3411.92
1017.59	4620.22
1017.76	5414.83
1017.92	3510.22
1018.09	3540.94
1018.25	5513.13
1018.41	5240.75
1018.58	4138.94
1018.74	3735.50
1018.90	4112.32
1019.07	4849.59
1019.23	3514.31
1019.40	3467.21
1019.56	4800.44
1019.72	3657.67
1019.89	4526.01
1020.05	6346.66
1020.21	5138.35
1020.38	4347.84
1020.54	3502.03
1020.70	4263.87
1020.87	4208.58
1021.03	4870.07
1021.19	3837.89
1021.36	2920.40
1021.52	4931.51
1021.68	6014.88
1021.85	6614.94
1022.01	4431.80
1022.17	4423.61
1022.34	4122.56
1022.50	3903.43
1022.66	4380.61
1022.83	5472.17
1022.99	4712.38
1023.15	3643.34
1023.32	5087.15
1023.48	4642.75
1023.64	4153.28
1023.81	2955.22
1023.97	4478.91
1024.13	4880.31
1024.30	3872.71
1024.46	4931.51
1024.62	4284.35
1024.79	4507.58
1024.95	5365.68
1025.11	3725.26
1025.27	4495.29
1025.44	3811.27
1025.60	4202.43
1025.76	4538.30
1025.93	3784.65
1026.09	4321.21
1026.25	4014.02
1026.41	4235.20
1026.58	3069.91
1026.74	4331.45
1026.90	4956.08
1027.07	4620.22
1027.23	3250.13
1027.39	4620.22
1027.55	5017.52
1027.72	3854.28
1027.88	4935.60
1028.04	4825.01
1028.20	4364.22
1028.37	2691.03
1028.53	4495.29
1028.69	3788.74
1028.85	4992.95
1029.02	4964.28
1029.18	3551.18
1029.34	3682.25
1029.50	4419.52
1029.67	4915.12
1029.83	3649.48
1029.99	4648.89
1030.15	4022.21
1030.32	3817.41
1030.48	4534.20
1030.64	4208.58
1030.80	5076.91
1030.97	4779.96
1031.13	3850.18
1031.29	5013.43
1031.45	5392.30
1031.61	3719.11
1031.78	3749.83
1031.94	5760.94
1032.10	4405.18
1032.26	4560.83
1032.42	4128.70
1032.59	5320.62
1032.75	4210.62
1032.91	3432.40
1033.07	3755.97
1033.24	3803.08
1033.40	6365.09
1033.56	4607.93
1033.72	3647.43
1033.88	4741.05
1034.04	6100.90
1034.21	4706.23
1034.37	4345.79
1034.53	4632.51
1034.69	3985.35
1034.85	3774.41
1035.02	3594.19
1035.18	3594.19
1035.34	4845.49
1035.50	3321.81
1035.66	4366.27
1035.82	4181.95
1035.99	5003.19
1036.15	4018.11
1036.31	5138.35
1036.47	4757.43
1036.63	7335.82
1036.79	5799.85
1036.96	4853.69
1037.12	5136.31
1037.28	3688.39
1037.44	2670.55
1037.60	3733.45
1037.76	4544.44
1037.92	4046.79
1038.09	2863.06
1038.25	5285.81
1038.41	4761.53
1038.57	5103.54
1038.73	4106.18
1038.89	3772.36
1039.05	5238.70
1039.22	4243.39
1039.38	3938.24
1039.54	5777.32
1039.70	5164.98
1039.86	5019.57
1040.02	3405.77
1040.18	3760.07
1040.34	4411.32
1040.51	4194.24
1040.67	7929.74
1040.83	5265.33
1040.99	5316.53
1041.15	5644.20
1041.31	3876.80
1041.47	4800.44
1041.63	4843.45
