345.74	1424.57
345.96	1424.57
346.17	1424.57
346.39	1391.80
346.60	1422.93
346.81	2657.03
347.03	2743.87
347.24	3375.87
347.46	3331.23
347.67	2737.72
347.89	2667.27
348.10	3181.31
348.32	3065.40
348.53	2666.05
348.75	2671.37
348.96	3038.78
349.18	3340.24
349.39	2678.74
349.61	2699.63
349.82	3247.67
350.04	3232.10
350.25	2655.40
350.47	2806.13
350.68	3248.49
350.90	3437.31
351.11	2629.59
351.32	2737.32
351.54	3420.93
351.75	3450.83
351.97	2690.21
352.18	2714.38
352.40	3076.46
352.61	3398.40
352.83	2806.95
353.04	2564.88
353.26	3328.77
353.47	3155.51
353.69	2759.43
353.90	2713.56
354.11	3004.37
354.33	3563.47
354.54	2462.48
354.76	2722.98
354.97	3025.67
355.19	3338.60
355.40	2582.90
355.62	3160.02
355.83	3182.13
356.04	3251.36
356.26	2633.69
356.47	2776.64
356.69	3005.19
356.90	3634.73
357.12	2729.12
357.33	2603.38
357.55	3133.39
357.76	3188.69
357.97	2526.78
358.19	2790.15
358.40	2999.05
358.62	3520.46
358.83	2664.00
359.05	2870.43
359.26	3060.48
359.47	3217.36
359.69	2836.03
359.90	2997.00
360.12	2990.44
360.33	3142.81
360.55	2582.08
360.76	2858.55
360.97	3287.40
361.19	3446.32
361.40	2614.44
361.62	2850.77
361.83	3420.11
362.04	3484.41
362.26	2704.14
362.47	2769.26
362.69	3105.95
362.90	3238.25
363.12	2609.11
363.33	2722.16
363.54	3223.09
363.76	3402.50
363.97	2759.43
364.19	2739.77
364.40	3522.51
364.61	3120.69
364.83	2490.33
365.04	2887.23
365.26	3185.82
365.47	3461.89
365.68	2697.99
365.90	2809.40
366.11	3144.86
366.33	3423.79
366.54	2600.92
366.75	2626.72
366.97	2985.53
367.18	3124.79
367.40	2801.21
367.61	2724.21
367.82	3192.78
368.04	3318.53
368.25	2821.69
368.46	2788.51
368.68	3119.88
368.89	3502.85
369.11	2771.72
369.32	2836.44
369.53	3361.54
369.75	3285.35
369.96	3046.97
370.18	2818.82
370.39	3098.99
370.60	3182.13
370.82	2709.05
371.03	2739.77
371.24	3553.23
371.46	3138.31
371.67	2815.96
371.88	2743.05
372.10	3024.03
372.31	2978.57
372.53	2577.16
372.74	2744.69
372.95	3047.38
373.17	3087.52
373.38	2984.71
373.59	2931.87
373.81	3277.16
374.02	3527.83
374.23	2733.63
374.45	3166.16
374.66	3334.09
374.88	3315.66
375.09	2779.50
375.30	3160.02
375.52	3265.28
375.73	3539.30
375.94	2770.08
376.16	3139.95
376.37	3466.80
376.58	3492.61
376.80	3080.15
377.01	3131.75
377.22	3891.96
377.44	3598.69
377.65	3069.91
377.86	2730.76
378.08	3447.96
378.29	3313.61
378.50	3136.26
378.72	2888.86
378.93	3964.05
379.14	3657.26
379.36	3466.39
379.57	3138.72
379.78	3311.16
380.00	3745.73
380.21	2980.61
380.42	3002.73
380.64	3443.86
380.85	3518.82
381.06	3476.63
381.28	3390.62
381.49	4306.88
381.70	3783.42
381.92	3410.69
382.13	3581.49
382.34	4557.96
382.56	4470.31
382.77	3783.01
382.98	3848.54
383.19	4511.27
383.41	4555.09
383.62	4072.59
383.83	4283.12
384.05	4732.04
384.26	4874.58
384.47	4454.74
384.69	4438.36
384.90	5013.02
385.11	5469.71
385.33	4757.02
385.54	5107.63
385.75	5417.29
385.96	5816.64
386.18	5717.11
386.39	5510.26
386.60	5912.49
386.82	6556.37
387.03	6084.92
387.24	6178.31
387.45	6688.26
387.67	6809.09
387.88	6900.02
388.09	6985.62
388.31	7459.93
388.52	7837.58
388.73	8150.51
388.94	7906.80
389.16	8936.93
389.37	8636.69
389.58	8759.57
389.80	8935.29
390.01	9671.74
390.22	10050.61
390.43	9986.71
390.65	10596.60
390.86	10921.00
391.07	11663.59
391.29	11476.41
391.50	11386.71
391.71	12757.21
391.92	13228.24
392.14	13109.46
392.35	13506.35
392.56	14170.71
392.77	14683.53
392.99	14622.91
393.20	14698.68
393.41	15915.17
393.62	16317.81
393.84	16187.14
394.05	16587.32
394.26	17824.70
394.47	18268.29
394.69	18437.86
394.90	19289.41
395.11	19644.53
395.32	19273.43
395.54	19337.33
395.75	19665.82
395.96	20688.17
396.17	22027.54
396.39	21659.32
396.60	21958.32
396.81	21999.69
397.02	22039.83
397.24	22149.19
397.45	22707.06
397.66	23519.28
397.87	23417.70
398.09	23474.23
398.30	23108.87
398.51	23499.21
398.72	23488.97
398.94	23461.53
399.15	24093.12
399.36	24021.85
399.57	23976.39
399.79	24251.23
400.00	23624.14
400.21	23463.58
400.42	23316.12
400.63	22989.68
400.85	22808.23
401.06	23087.98
401.27	23017.94
401.48	22722.62
401.70	21865.75
401.91	22789.80
402.12	21706.01
402.33	21163.71
402.54	20599.29
402.76	20992.91
402.97	20772.55
403.18	19572.44
403.39	19338.56
403.60	19333.23
403.82	19224.69
404.03	18088.89
404.24	18328.09
404.45	18267.47
404.66	18092.98
404.88	16813.41
405.09	17142.32
405.30	16950.63
405.51	16566.02
405.73	15629.69
405.94	15077.56
406.15	15070.18
406.36	15159.06
406.57	14238.30
406.78	13909.39
407.00	14391.08
407.21	14138.36
407.42	13260.19
407.63	13111.51
407.84	13195.06
408.06	13083.24
408.27	12267.74
408.48	12280.03
408.69	12386.93
408.90	12118.24
409.12	11032.41
409.33	11093.03
409.54	11034.87
409.75	11187.23
409.96	10558.51
410.17	10620.36
410.39	10504.44
410.60	10835.80
410.81	10164.07
411.02	9979.75
411.23	11742.64
411.44	9586.54
411.66	9257.23
411.87	9594.32
412.08	9702.05
412.29	8909.07
412.50	8789.88
412.71	8392.58
412.93	8764.90
413.14	8490.06
413.35	8291.41
413.56	8038.28
413.77	8349.98
413.98	8059.58
414.20	7578.30
414.41	7671.69
414.62	7717.98
414.83	7477.13
415.04	7168.30
415.25	7128.57
415.46	7669.23
415.68	7095.39
415.89	6491.24
416.10	6691.53
416.31	6681.70
416.52	7029.04
416.73	6434.72
416.94	6236.06
417.16	6641.15
417.37	6584.22
417.58	6163.16
417.79	5691.71
418.00	6228.69
418.21	5996.04
418.42	5870.30
418.64	5593.82
418.85	5659.36
419.06	5919.86
419.27	5273.93
419.48	5390.66
419.69	5747.42
419.90	5441.86
420.11	5136.31
420.33	5031.04
420.54	5821.97
420.75	5589.32
420.96	4806.58
421.17	5018.75
421.38	5253.86
421.59	5032.68
421.80	4591.96
422.02	4694.76
422.23	5021.62
422.44	5172.35
422.65	4424.02
422.86	4509.22
423.07	4707.05
423.28	4870.07
423.49	4118.06
423.70	4496.11
423.92	4571.07
424.13	4932.33
424.34	4139.76
424.55	4102.08
424.76	4947.48
424.97	4905.70
425.18	3984.53
425.39	4251.58
425.60	4308.52
425.81	4396.58
426.03	4195.47
426.24	4011.97
426.45	4398.63
426.66	4886.04
426.87	3976.75
427.08	4286.40
427.29	4412.55
427.50	4370.37
427.71	3849.77
427.92	3887.04
428.13	4079.96
428.34	4161.47
428.56	4045.97
428.77	3962.00
428.98	4703.37
429.19	4300.73
429.40	3863.70
429.61	3760.48
429.82	4182.77
430.03	3986.58
430.24	3775.64
430.45	3438.54
430.66	4144.68
430.87	3977.16
431.08	3670.37
431.30	3484.00
431.51	3974.29
431.72	4057.03
431.93	3756.38
432.14	3503.66
432.35	3996.00
432.56	4254.04
432.77	3459.43
432.98	3539.30
433.19	3902.61
433.40	3926.37
433.61	3383.24
433.82	3550.77
434.03	3692.90
434.24	3800.62
434.45	4021.80
434.66	3899.33
434.87	3952.99
435.09	3831.75
435.30	3631.05
435.51	3657.26
435.72	3872.71
435.93	3637.19
436.14	3486.05
436.35	3413.96
436.56	3928.41
436.77	3800.62
436.98	3314.84
437.19	3590.91
437.40	4082.42
437.61	3861.65
437.82	3411.92
438.03	3359.90
438.24	3748.60
438.45	3849.77
438.66	3254.22
438.87	3222.68
439.08	3692.08
439.29	3612.62
439.50	3519.64
439.71	3828.47
439.92	3503.66
440.13	3483.59
440.34	3368.50
440.55	3515.54
440.76	3546.26
440.97	3853.46
441.18	3519.64
441.39	3234.15
441.60	3604.83
441.81	3515.13
442.02	3348.02
442.23	3325.08
442.44	3743.28
442.65	3483.59
442.86	3402.90
443.07	3499.16
443.28	3591.73
443.49	3653.58
443.70	3456.56
443.91	3165.75
444.12	3442.64
444.33	3490.97
444.54	3432.40
444.75	3282.89
444.96	3708.46
445.17	3739.18
445.38	3592.14
445.59	3286.17
445.80	3536.02
446.01	3350.48
446.22	3677.33
446.43	3182.54
446.64	3337.78
446.85	3465.98
447.06	3323.03
447.27	3296.82
447.48	3652.76
447.69	3403.31
447.90	3308.70
448.11	2990.85
448.32	3477.04
448.53	3349.25
448.74	3364.40
448.95	3245.21
449.16	3377.10
449.37	3447.96
449.58	3123.56
449.79	3092.84
450.00	3108.00
450.21	3288.63
450.42	3286.58
450.63	3141.58
450.84	3239.07
451.05	3204.66
451.26	3297.23
451.47	3228.83
451.68	3488.10
451.89	3333.68
452.10	3173.94
452.30	3438.95
452.51	3366.04
452.72	3105.95
452.93	3208.76
453.14	3271.83
453.35	3296.82
453.56	3501.62
453.77	3210.81
453.98	3099.81
454.19	3486.46
454.40	3177.63
454.61	3123.56
454.82	3193.19
455.03	3027.72
455.24	3166.57
455.45	3236.20
455.66	3415.19
455.87	3284.94
456.07	3155.92
456.28	3094.89
456.49	2963.82
456.70	3416.01
456.91	3214.08
457.12	2966.69
457.33	3070.72
457.54	3385.29
457.75	3474.58
457.96	3387.75
458.17	3166.98
458.38	3155.51
458.59	3031.40
458.79	2964.23
459.00	2851.18
459.21	3200.98
459.42	3095.30
459.63	2945.80
459.84	2858.55
460.05	3981.66
460.26	3286.58
460.47	3180.91
460.68	2937.61
460.89	3397.17
461.09	3433.62
461.30	3169.85
461.51	3026.49
461.72	3484.00
461.93	3282.07
462.14	3109.23
462.35	2855.69
462.56	3369.73
462.77	2966.69
462.98	3293.54
463.18	3164.11
463.39	3280.85
463.60	3420.52
463.81	3081.37
464.02	3450.83
464.23	3297.23
464.44	3783.83
464.65	3099.40
464.86	2926.96
465.06	2902.79
465.27	3079.74
465.48	2922.45
465.69	3071.54
465.90	3333.68
466.11	3152.64
466.32	2891.73
466.53	2890.91
466.74	3363.17
466.94	3212.44
467.15	3108.82
467.36	2972.83
467.57	3451.24
467.78	3293.95
467.99	3156.74
468.20	3547.49
468.40	3144.45
468.61	3089.16
468.82	3033.45
469.03	3416.42
469.24	3413.14
469.45	3179.68
469.66	3194.01
469.86	3083.01
470.07	3406.18
470.28	3217.36
470.49	2930.23
470.70	3048.20
470.91	3198.11
471.12	3334.50
471.32	3110.86
471.53	3048.61
471.74	3291.09
471.95	3288.63
472.16	3050.65
472.37	3121.51
472.58	3364.81
472.78	3100.62
472.99	3101.85
473.20	3084.65
473.41	3226.78
473.62	3077.69
473.83	3507.35
474.03	3292.31
474.24	3213.26
474.45	3280.85
474.66	2985.53
474.87	3159.20
475.08	3232.92
475.28	3338.60
475.49	3413.14
475.70	3050.65
475.91	3375.05
476.12	3305.42
476.32	3015.43
476.53	3129.71
476.74	3355.39
476.95	3257.50
477.16	3043.69
477.37	3194.01
477.57	3335.73
477.78	3201.38
477.99	3042.05
478.20	3090.79
478.41	3577.80
478.61	3383.24
478.82	3361.95
479.03	3019.12
479.24	3291.50
479.45	3218.59
479.65	3126.02
479.86	3189.92
480.07	3404.54
480.28	3141.58
480.49	4122.56
480.69	3033.04
480.90	3266.10
481.11	3227.19
481.32	2839.71
481.53	3110.45
481.73	3377.51
481.94	3255.86
482.15	3037.96
482.36	3108.41
482.57	3197.70
482.77	3525.78
482.98	3302.55
483.19	3135.03
483.40	3097.35
483.60	3181.31
483.81	3162.88
484.02	3223.09
484.23	3165.75
484.44	3030.58
484.64	3147.73
484.85	3044.92
485.06	3240.71
485.27	3181.72
485.47	3185.82
485.68	3118.65
485.89	3302.96
486.10	3527.01
486.31	3395.53
486.51	3103.49
486.72	3257.91
486.93	3214.08
487.14	3026.90
487.34	2956.45
487.55	3216.54
487.76	3328.36
487.97	3154.28
488.17	3019.93
488.38	3208.76
488.59	3186.64
488.80	3277.16
489.00	3190.74
489.21	3366.45
489.42	3130.12
489.63	3291.90
489.83	3156.74
490.04	3186.23
490.25	3103.90
490.46	3104.31
490.66	3259.14
490.87	3205.48
491.08	3039.19
491.29	2941.29
491.49	3001.91
491.70	3210.40
491.91	3201.79
492.11	3174.35
492.32	3116.60
492.53	2926.96
492.74	3390.62
492.94	3364.40
493.15	3178.04
493.36	3229.24
493.57	3114.55
493.77	3101.44
493.98	3270.20
494.19	3384.88
494.39	3239.07
494.60	2892.96
494.81	2933.92
495.02	3358.26
495.22	3379.15
495.43	2904.84
495.64	2826.20
495.84	2992.08
496.05	3542.58
496.26	3123.56
496.47	3190.74
496.67	3509.40
496.88	3235.79
497.09	3119.06
497.29	2883.13
497.50	2935.97
497.71	3306.24
497.91	2865.11
498.12	3170.67
498.33	3129.30
498.54	3271.43
498.74	3019.93
498.95	2876.17
499.16	3250.54
499.36	3031.40
499.57	2927.37
499.78	2904.02
499.98	3037.14
500.19	3020.34
500.40	2953.58
500.60	3196.47
500.81	3147.73
501.02	3273.47
501.22	3495.06
501.43	2861.83
501.64	3099.81
501.85	3289.45
502.05	3672.01
502.26	2986.35
502.47	3497.52
502.67	3108.82
502.88	3029.76
503.09	3176.40
503.29	2898.29
503.50	3060.89
503.71	3333.27
503.91	2995.36
504.12	3064.99
504.33	3003.55
504.53	3051.06
504.74	3032.63
504.95	3341.06
505.15	3141.17
505.36	3182.95
505.56	2996.59
505.77	3534.38
505.98	2874.53
506.18	3313.20
506.39	2831.93
506.60	2987.17
506.80	3291.50
507.01	3037.55
507.22	3071.13
507.42	3244.39
507.63	2957.27
507.84	3125.20
508.04	2720.52
508.25	3369.73
508.45	3546.26
508.66	3064.58
508.87	2892.96
509.07	3161.65
509.28	3115.37
509.49	2956.86
509.69	3269.38
509.90	3087.52
510.11	2955.63
510.31	2927.37
510.52	2887.64
510.72	3088.75
510.93	3098.58
511.14	2864.29
511.34	2813.09
511.55	2974.06
511.76	3505.71
511.96	3401.27
512.17	3080.55
512.37	3186.23
512.58	3035.50
512.79	2884.36
512.99	3029.36
513.20	3083.01
513.40	3271.83
513.61	3085.47
513.82	2881.08
514.02	2941.70
514.23	2993.31
514.43	3403.72
514.64	3023.62
514.85	3198.52
515.05	3218.18
515.26	3019.93
515.46	3113.73
515.67	3252.58
515.88	2972.42
516.08	3441.82
516.29	2994.54
516.49	3098.58
516.70	3033.04
516.91	3022.80
517.11	3051.06
517.32	3091.61
517.52	3208.76
517.73	2949.08
517.93	3209.17
518.14	3133.80
518.35	2950.30
518.55	2779.91
518.76	3203.02
518.96	3348.02
519.17	2823.33
519.38	3027.72
519.58	3199.75
519.79	3093.25
519.99	3062.53
520.20	2992.49
520.40	2914.67
520.61	3263.64
520.82	3455.33
521.02	3236.20
521.23	3058.44
521.43	3219.00
521.64	2904.84
521.84	2959.72
522.05	2966.28
522.25	2860.60
522.46	2931.46
522.67	2944.16
522.87	3217.77
523.08	3308.29
523.28	3038.37
523.49	3404.13
523.69	3002.32
523.90	3081.37
524.10	3144.45
524.31	2946.21
524.51	3212.85
524.72	3171.07
524.93	3182.95
525.13	2940.47
525.34	2923.27
525.54	3096.53
525.75	3258.73
525.95	2742.23
526.16	3185.82
526.36	3145.27
526.57	3253.81
526.77	2648.84
526.98	3327.13
527.18	2956.04
527.39	2942.52
527.59	3239.89
527.80	3017.89
528.00	3209.17
528.21	3132.57
528.42	3027.72
528.62	2984.30
528.83	2953.17
529.03	3499.16
529.24	3134.21
529.44	2821.28
529.65	3130.93
529.85	3031.40
530.06	3388.16
530.26	3017.89
530.47	3206.71
530.67	3321.81
530.88	2845.86
531.08	3058.85
531.29	2988.40
531.49	2947.85
531.70	3045.74
531.90	2732.81
532.11	3010.92
532.31	3080.14
532.52	3040.00
532.72	2741.82
532.93	3142.81
533.13	2862.24
533.34	2825.79
533.54	3077.69
533.75	2831.52
533.95	2855.28
534.16	2931.87
534.36	2964.64
534.57	3103.90
534.77	3257.91
534.97	3131.34
535.18	2820.05
535.38	3019.53
535.59	2846.27
535.79	2907.71
536.00	2883.95
536.20	2940.06
536.41	2732.40
536.61	2987.17
536.82	2840.12
537.02	2919.17
537.23	3059.26
537.43	3116.60
537.64	2856.92
537.84	3121.92
538.05	3055.98
538.25	3130.93
538.45	2913.44
538.66	3093.25
538.86	2944.57
539.07	2810.22
539.27	2901.15
539.48	2933.92
539.68	3103.08
539.89	2915.49
540.09	3376.69
540.29	3114.55
540.50	2709.46
540.70	3093.66
540.91	2899.51
541.11	3146.50
541.32	2929.82
541.52	3023.21
541.73	2895.42
541.93	2855.69
542.13	3193.19
542.34	2831.93
542.54	2946.21
542.75	3042.87
542.95	3568.79
543.16	2959.72
543.36	3100.62
543.56	2963.82
543.77	3114.96
543.97	3124.79
544.18	2949.48
544.38	3072.77
544.59	2933.51
544.79	2834.80
544.99	3251.36
545.20	3406.18
545.40	2924.91
545.61	2914.26
545.81	3137.90
546.01	3329.18
546.22	3104.31
546.42	2956.04
546.63	2831.11
546.83	3108.00
547.04	3011.33
547.24	3060.89
547.44	2854.87
547.65	3082.60
547.85	2790.15
548.06	2774.18
548.26	2913.03
548.46	3569.61
548.67	3071.13
548.87	2984.71
549.08	2886.82
549.28	2932.69
549.48	2977.75
549.69	3184.59
549.89	2753.70
550.09	3290.27
550.30	3301.33
550.50	2768.03
550.71	2849.13
550.91	3054.75
551.11	2743.87
551.32	3214.08
551.52	2835.21
551.73	3167.39
551.93	2813.50
552.13	3244.39
552.34	3263.23
552.54	2809.40
552.74	3063.35
552.95	2882.72
553.15	2981.43
553.35	3041.23
553.56	3064.58
553.76	3199.75
553.97	3014.20
554.17	3106.36
554.37	2972.83
554.58	3087.11
554.78	3006.01
554.98	3035.09
555.19	2916.72
555.39	2969.15
555.59	2811.04
555.80	3027.72
556.00	2961.77
556.20	3027.31
556.41	2950.30
556.61	2916.31
556.82	2850.36
557.02	3107.18
557.22	2942.11
557.43	2797.12
557.63	3042.05
557.83	2963.41
558.04	3377.92
558.24	2962.59
558.44	3093.66
558.65	2853.64
558.85	2728.71
559.05	2991.67
559.26	2942.11
559.46	2811.45
559.66	2820.46
559.87	2938.02
560.07	3114.96
560.27	3280.44
560.48	3277.57
560.68	3094.48
560.88	2851.18
561.08	3136.67
561.29	3139.54
561.49	2856.92
561.69	2900.74
561.90	3315.25
562.10	2944.98
562.30	3395.53
562.51	3050.65
562.71	3012.56
562.91	3307.88
563.12	2918.77
563.32	2910.57
563.52	3160.02
563.72	2935.97
563.93	2962.18
564.13	2877.40
564.33	3328.77
564.54	3096.53
564.74	2947.03
564.94	3057.21
565.15	2883.54
565.35	3073.18
565.55	3293.54
565.75	2789.74
565.96	3042.05
566.16	3062.53
566.36	2918.77
566.57	2908.93
566.77	3332.05
566.97	3105.54
567.17	3202.20
567.38	2874.94
567.58	3035.91
567.78	3089.57
567.99	3384.06
568.19	2996.59
568.39	3128.48
568.59	3257.50
568.80	3118.65
569.00	3228.01
569.20	3040.82
569.40	2890.09
569.61	3207.53
569.81	3103.08
570.01	2972.42
570.21	2897.88
570.42	3393.07
570.62	2891.73
570.82	2844.63
571.02	2797.12
571.23	2934.33
571.43	3253.81
571.63	2875.76
571.84	2735.27
572.04	2817.19
572.24	3214.49
572.44	3132.57
572.64	2983.07
572.85	2963.00
573.05	3163.70
573.25	3347.20
573.45	2650.89
573.66	3494.65
573.86	2903.20
574.06	3047.79
574.26	3151.82
574.47	3014.20
574.67	3199.34
574.87	2788.10
575.07	3015.43
575.28	2980.20
575.48	3006.83
575.68	3060.89
575.88	2861.83
576.08	3219.00
576.29	2978.98
576.49	3047.79
576.69	3194.42
576.89	2906.07
577.10	3028.54
577.30	3239.07
577.50	3010.51
577.70	2846.27
577.90	3278.39
578.11	3200.57
578.31	2786.06
578.51	3174.76
578.71	2807.77
578.91	3100.62
579.12	3103.49
579.32	3094.07
579.52	4783.24
579.72	2954.81
579.92	2986.76
580.13	3110.05
580.33	3338.19
580.53	3047.79
580.73	2913.44
580.93	3089.98
581.14	2981.43
581.34	3175.99
581.54	2866.75
581.74	3115.78
581.94	2949.89
582.15	3239.89
582.35	2820.87
582.55	3030.99
582.75	3499.57
582.95	3038.37
583.15	3301.33
583.36	3217.77
583.56	3099.81
583.76	2935.15
583.96	3137.49
584.16	3128.07
584.37	3058.85
584.57	3095.30
584.77	2796.71
584.97	3005.60
585.17	3051.88
585.37	3101.03
585.57	3174.76
585.78	2740.18
585.98	2968.74
586.18	2976.52
586.38	2926.14
586.58	2806.54
586.78	2916.72
586.99	2913.03
587.19	3108.82
587.39	2972.42
587.59	2818.41
587.79	2951.94
587.99	3065.81
588.19	3026.08
588.40	3094.48
588.60	2799.57
588.80	3383.65
589.00	2871.25
589.20	3016.66
589.40	3293.54
589.60	2849.54
589.81	2990.85
590.01	2987.17
590.21	3368.09
590.41	2870.02
590.61	3047.79
590.81	2880.67
591.01	3325.08
591.22	2983.07
591.42	3430.35
591.62	3173.53
591.82	3053.52
592.02	3071.54
592.22	2999.86
592.42	3636.37
592.62	3073.18
592.82	3044.92
593.03	3200.57
593.23	3012.97
593.43	3210.81
593.63	3019.93
593.83	2942.52
594.03	3298.87
594.23	3198.93
594.43	2827.43
594.63	2831.93
594.84	2992.08
595.04	3264.46
595.24	3117.01
595.44	2876.17
595.64	3103.08
595.84	3169.03
596.04	3128.48
596.24	2905.66
596.44	3004.78
596.64	2867.98
596.84	2972.83
597.05	3017.89
597.25	3155.92
597.45	3166.98
597.65	2882.72
597.85	3011.33
598.05	3077.28
598.25	2826.20
598.45	2927.78
598.65	3023.21
598.85	2947.85
599.05	3409.87
599.25	3032.22
599.46	2752.06
599.66	3163.70
599.86	2931.46
600.06	3129.30
600.26	2945.39
600.46	2997.41
600.66	3248.49
600.86	3211.62
601.06	2978.98
601.26	2912.21
601.46	3191.55
601.66	3012.15
601.86	2840.94
602.06	3015.84
602.26	2848.72
602.46	2791.38
602.66	2890.91
602.87	2937.61
603.07	3146.50
603.27	3037.55
603.47	2936.79
603.67	3506.53
603.87	3312.79
604.07	2997.82
604.27	3175.58
604.47	2969.96
604.67	2848.31
604.87	2976.52
605.07	2985.94
605.27	3024.03
605.47	2896.24
605.67	3020.75
605.87	3009.29
606.07	3270.20
606.27	2922.04
606.47	2892.96
606.67	2781.96
606.87	2823.74
607.07	3045.33
607.27	2883.54
607.47	3051.88
607.67	3061.71
607.87	2924.09
608.07	3111.68
608.27	3138.72
608.47	2869.61
608.67	3259.55
608.87	3037.55
609.07	3192.78
609.27	2911.80
609.47	3087.93
609.67	3068.27
609.87	3100.22
610.07	3084.65
610.27	5330.86
610.47	2933.51
610.67	3097.76
610.87	2912.62
611.07	3373.00
611.27	2938.84
611.47	3078.92
611.67	3190.33
611.87	2999.86
612.07	2917.95
612.27	3015.43
612.47	2876.17
612.67	3019.12
612.87	3043.69
613.07	2885.59
613.27	2919.58
613.47	3115.37
613.67	3013.79
613.87	3041.23
614.07	2915.49
614.27	2860.19
614.47	2963.00
614.67	3018.30
614.87	2926.14
615.07	2931.87
615.27	2888.86
615.47	2960.95
615.67	3126.84
615.87	2793.84
616.07	3063.35
616.27	3053.11
616.47	2912.21
616.67	2877.81
616.87	3006.83
617.07	2790.15
617.27	3001.91
617.47	2993.72
617.66	3005.60
617.86	2974.06
618.06	2842.99
618.26	2775.00
618.46	3033.04
618.66	3282.48
618.86	3230.88
619.06	3023.62
619.26	3101.44
619.46	2976.11
619.66	3206.71
619.86	3131.34
620.06	3040.41
620.26	3148.55
620.46	3857.96
620.66	3503.26
620.85	3155.10
621.05	3386.52
621.25	3070.31
621.45	2917.13
621.65	3189.92
621.85	2965.05
622.05	3215.31
622.25	2939.24
622.45	2917.95
622.65	2965.87
622.85	2834.80
623.05	3086.29
623.25	3062.12
623.44	3260.78
623.64	2752.47
623.84	2990.85
624.04	2769.67
624.24	3063.35
624.44	3176.81
624.64	3049.02
624.84	2969.55
625.04	2918.77
625.24	2900.74
625.43	2941.29
625.63	3241.52
625.83	3036.73
626.03	2794.66
626.23	3006.42
626.43	3016.66
626.63	2858.96
626.83	3079.74
627.03	3157.97
627.22	2894.19
627.42	2978.98
627.62	2756.16
627.82	2987.58
628.02	2922.86
628.22	2852.00
628.42	2964.64
628.62	2704.96
628.82	2886.82
629.01	3457.79
629.21	2874.94
629.41	3223.50
629.61	3080.96
629.81	2960.13
630.01	3126.02
630.21	3287.40
630.40	3159.20
630.60	3096.94
630.80	3070.31
631.00	3167.39
631.20	3180.50
631.40	3025.67
631.60	3034.68
631.79	2872.89
631.99	3123.56
632.19	3047.79
632.39	2990.85
632.59	3110.86
632.79	2973.65
632.99	4941.75
633.18	2978.57
633.38	2974.06
633.58	2985.12
633.78	2928.60
633.98	2860.19
634.18	2985.53
634.37	3596.64
634.57	3072.36
634.77	3952.99
634.97	2985.53
635.17	3115.37
635.37	3363.17
635.56	2958.50
635.76	3186.23
635.96	2972.83
636.16	3085.06
636.36	2955.22
636.56	2858.96
636.75	2978.16
636.95	3089.57
637.15	2947.44
637.35	2959.72
637.55	3257.09
637.74	3171.48
637.94	2953.17
638.14	3074.00
638.34	3039.19
638.54	2653.35
638.73	3085.47
638.93	3144.45
639.13	3097.35
639.33	3073.18
639.53	2853.23
639.73	2876.99
639.92	2966.28
640.12	2845.04
640.32	2854.05
640.52	3081.78
640.71	2825.79
640.91	3010.51
641.11	2965.46
641.31	2977.34
641.51	2946.21
641.70	3108.41
641.90	3151.41
642.10	3009.69
642.30	3124.38
642.50	3053.93
642.69	3045.74
642.89	2889.27
643.09	2981.84
643.29	3076.87
643.48	3049.43
643.68	3104.72
643.88	3258.32
644.08	2630.82
644.28	3104.72
644.47	3158.38
644.67	2813.50
644.87	2839.30
645.07	3027.31
645.26	2947.03
645.46	2849.54
645.66	2962.59
645.86	3054.34
646.05	3308.29
646.25	3017.07
646.45	3135.03
646.65	3117.42
646.84	3123.15
647.04	2914.26
647.24	2995.36
647.44	3018.30
647.63	3013.38
647.83	3160.02
648.03	3128.48
648.23	2947.44
648.42	3075.64
648.62	2758.61
648.82	2711.10
649.02	2927.78
649.21	2994.95
649.41	3252.58
649.61	3190.74
649.80	2725.44
650.00	3359.90
650.20	2958.09
650.40	2889.68
650.59	3251.36
650.79	2892.55
650.99	3458.61
651.18	2942.11
651.38	2838.08
651.58	3056.80
651.78	3120.69
651.97	2998.64
652.17	2945.80
652.37	3206.71
652.56	3096.53
652.76	3125.61
652.96	2884.36
653.16	3200.16
653.35	3205.07
653.55	3137.49
653.75	2831.52
653.94	3212.85
654.14	2937.61
654.34	3063.76
654.54	2808.99
654.73	3234.97
654.93	2985.53
655.13	3164.93
655.32	3021.98
655.52	3012.97
655.72	3051.88
655.91	2924.09
656.11	2740.18
656.31	3096.53
656.50	3086.70
656.70	2941.29
656.90	2829.06
657.09	3185.41
657.29	3014.61
657.49	2880.67
657.68	2663.18
657.88	3032.22
658.08	2936.79
658.27	3272.24
658.47	3060.48
658.67	3096.53
658.86	3003.14
659.06	3040.00
659.26	2940.47
659.45	2906.07
659.65	3003.14
659.85	3025.26
660.04	2947.85
660.24	2893.78
660.44	2956.04
660.63	3013.79
660.83	3123.56
661.03	3205.48
661.22	2911.39
661.42	3105.95
661.62	2958.91
661.81	3098.99
662.01	2795.89
662.21	2817.60
662.40	2851.59
662.60	3347.61
662.79	2751.65
662.99	3228.42
663.19	2923.68
663.38	3147.32
663.58	3069.09
663.78	3153.05
663.97	2959.72
664.17	3141.17
664.36	2913.44
664.56	3124.79
664.76	2702.09
664.95	3019.53
665.15	3091.20
665.35	3073.59
665.54	3275.52
665.74	3195.65
665.93	3352.12
666.13	2971.19
666.33	2979.79
666.52	2983.07
666.72	3119.47
666.91	2836.44
667.11	2874.53
667.31	3082.19
667.50	2890.91
667.70	3110.45
667.89	3014.20
668.09	3250.13
668.29	2995.36
668.48	2915.08
668.68	3550.77
668.87	2983.48
669.07	2777.86
669.27	3153.46
669.46	2704.14
669.66	2885.18
669.85	2702.09
670.05	3141.99
670.25	2917.13
670.44	2911.80
670.64	3060.89
670.83	3209.99
671.03	2992.08
671.22	3028.13
671.42	3080.55
671.62	2796.30
671.81	2890.09
672.01	3119.88
672.20	2881.08
672.40	3062.12
672.59	3279.21
672.79	3157.97
672.99	2822.92
673.18	3160.02
673.38	3089.16
673.57	3268.97
673.77	3122.33
673.96	2902.38
674.16	2961.36
674.36	3236.61
674.55	3000.27
674.75	3110.86
674.94	2865.52
675.14	3160.02
675.33	3145.27
675.53	3035.09
675.72	2824.15
675.92	3397.58
676.11	3121.92
676.31	2933.51
676.50	2941.29
676.70	3180.50
676.90	2948.26
677.09	3122.33
677.29	2960.95
677.48	3012.97
677.68	3038.37
677.87	2860.19
678.07	2920.40
678.26	3173.12
678.46	2992.90
678.65	2952.35
678.85	2938.84
679.04	3202.20
679.24	2841.76
679.43	2838.08
679.63	2684.48
679.82	3393.89
680.02	3521.69
680.21	3054.34
680.41	2710.28
680.60	3209.58
680.80	3468.44
680.99	3161.24
681.19	3171.07
681.38	3221.05
681.58	2954.40
681.77	3333.27
681.97	2869.61
682.16	3278.80
682.36	3259.96
682.55	3020.75
682.75	2773.36
682.94	3132.16
683.14	3042.87
683.33	2639.42
683.53	3293.54
683.72	3199.34
683.92	2975.70
684.11	3234.15
684.31	2858.15
684.50	2938.84
684.70	2938.84
684.89	2920.81
685.09	2647.20
685.28	2887.64
685.48	2893.78
685.67	2913.85
685.87	2793.43
686.06	3100.62
686.26	3149.78
686.45	2870.84
686.64	2762.71
686.84	2900.74
687.03	3116.60
687.23	2868.79
687.42	3024.03
687.62	2965.46
687.81	3121.92
688.01	3012.97
688.20	2991.67
688.40	3389.80
688.59	3182.54
688.78	3059.26
688.98	3084.65
689.17	3270.61
689.37	2919.17
689.56	2956.04
689.76	3109.23
689.95	3192.37
690.15	2880.26
690.34	3197.29
690.53	2879.44
690.73	2978.16
690.92	2835.62
691.12	2960.13
691.31	3128.48
691.51	3283.30
691.70	3178.86
691.89	2873.30
692.09	2758.20
692.28	3112.09
692.48	3085.06
692.67	3199.34
692.87	2895.42
693.06	2953.99
693.25	2903.61
693.45	2948.26
693.64	3065.40
693.84	3171.89
694.03	3006.01
694.22	2940.88
694.42	2822.92
694.61	2919.99
694.81	4460.89
695.00	2956.86
695.19	2878.22
695.39	3233.74
695.58	3134.21
695.78	2971.60
695.97	2872.48
696.16	3437.72
696.36	3237.43
696.55	2988.81
696.75	2714.38
696.94	2871.25
697.13	3421.75
697.33	2876.58
697.52	3015.02
697.71	3062.94
697.91	3176.81
698.10	3446.32
698.30	2873.71
698.49	3223.50
698.68	2803.67
698.88	2917.54
699.07	2944.57
699.26	3549.95
699.46	3027.31
699.65	3136.26
699.85	3028.95
700.04	2894.19
700.23	2753.29
700.43	3053.93
700.62	2886.41
700.81	3117.42
701.01	2902.38
701.20	2973.65
701.39	2989.62
701.59	3048.20
701.78	2980.61
701.98	2890.50
702.17	2852.00
702.36	3069.91
702.56	3186.23
702.75	2926.55
702.94	2999.86
703.14	4623.90
703.33	3063.76
703.52	6591.18
703.72	2780.73
703.91	3141.58
704.10	2879.03
704.30	2808.17
704.49	2771.31
704.68	3017.89
704.88	3393.89
705.07	3237.84
705.26	2898.69
705.46	2951.94
705.65	2999.86
705.84	2814.73
706.03	2911.80
706.23	2974.47
706.42	2955.22
706.61	2941.70
706.81	3176.81
707.00	3248.90
707.19	2973.65
707.39	3157.15
707.58	2774.18
707.77	2926.96
707.97	3379.97
708.16	3019.12
708.35	3014.61
708.55	2976.93
708.74	2981.43
708.93	3282.89
709.12	2953.99
709.32	3092.02
709.51	3209.99
709.70	3122.33
709.90	3119.06
710.09	3022.80
710.28	3013.79
710.47	2814.32
710.67	2917.54
710.86	3328.77
711.05	2765.99
711.25	2807.77
711.44	2689.39
711.63	3077.28
711.82	3240.71
712.02	3539.71
712.21	2884.77
712.40	3110.05
712.59	3282.89
712.79	3218.59
712.98	2928.60
713.17	3295.59
713.37	3039.19
713.56	2840.53
713.75	2761.89
713.94	3088.34
714.14	2950.71
714.33	3141.99
714.52	2813.09
714.71	2997.41
714.91	3060.48
715.10	3169.85
715.29	2810.22
715.48	2971.60
715.68	3252.99
715.87	2920.81
716.06	3001.50
716.25	3055.16
716.45	3045.33
716.64	3052.29
716.83	3023.62
717.02	3410.69
717.21	3126.43
717.41	3440.18
717.60	3236.61
717.79	2888.05
717.98	2902.38
718.18	3015.84
718.37	2879.85
718.56	3502.85
718.75	3300.10
718.94	3021.16
719.14	2743.05
719.33	3187.87
719.52	3083.83
719.71	2888.46
719.91	2793.02
720.10	3457.79
720.29	3060.07
720.48	2881.90
720.67	3072.77
720.87	3504.48
721.06	2834.80
721.25	3169.85
721.44	2728.71
721.63	3219.00
721.83	3291.50
722.02	2720.93
722.21	2906.89
722.40	3013.79
722.59	3187.05
722.79	3014.61
722.98	3052.70
723.17	2893.78
723.36	2898.29
723.55	2770.08
723.74	2694.72
723.94	3147.32
724.13	2925.73
724.32	2881.49
724.51	2929.82
724.70	3133.39
724.90	2971.60
725.09	3198.52
725.28	3016.66
725.47	3026.90
725.66	3087.11
725.85	2965.87
726.05	3006.01
726.24	3036.32
726.43	3087.11
726.62	3131.34
726.81	2791.79
727.00	2960.13
727.20	3147.32
727.39	3047.79
727.58	2813.09
727.77	2886.41
727.96	2958.09
728.15	3261.60
728.34	2998.23
728.54	3029.36
728.73	3188.69
728.92	2919.58
729.11	2949.08
729.30	2893.78
729.49	3186.64
729.68	3091.20
729.88	2927.78
730.07	2677.92
730.26	2812.68
730.45	3356.62
730.64	3459.84
730.83	2828.24
731.02	2568.15
731.21	3225.55
731.41	3100.62
731.60	2552.59
731.79	2869.20
731.98	3400.45
732.17	3276.34
732.36	2553.00
732.55	2576.34
732.74	3362.36
732.93	3107.59
733.13	2735.68
733.32	2781.96
733.51	3043.69
733.70	3542.17
733.89	2858.15
734.08	2789.74
734.27	2988.40
734.46	3275.11
734.65	2746.74
734.85	2838.08
735.04	3073.18
735.23	3381.20
735.42	2832.34
735.61	2367.04
735.80	3068.68
735.99	3358.26
736.18	3389.80
736.37	2532.93
736.56	3304.60
736.75	2995.36
736.94	2724.21
737.14	2607.06
737.33	3140.76
737.52	2960.54
737.71	2872.48
737.90	2847.50
738.09	3270.61
738.28	3087.52
738.47	2937.61
738.66	2883.95
738.85	3281.26
739.04	3032.22
739.23	2876.99
739.42	2419.88
739.61	3136.67
739.80	2982.66
740.00	2693.08
740.19	2681.61
740.38	3035.09
740.57	2920.81
740.76	2601.33
740.95	2704.14
741.14	3412.33
741.33	3557.73
741.52	2818.82
741.71	2610.75
741.90	3209.17
742.09	3308.70
742.28	2666.05
742.47	2450.19
742.66	3089.98
742.85	2929.00
743.04	2535.79
743.23	2816.37
743.42	3178.86
743.61	3046.15
743.80	2668.50
743.99	2507.94
744.18	3201.38
744.37	3053.52
744.56	2695.54
744.75	2521.05
744.94	3288.63
745.13	3165.34
745.32	2358.85
745.51	2631.64
745.71	3160.43
745.90	3070.72
746.09	2742.64
746.28	2722.16
746.47	3135.85
746.66	3259.96
746.85	2797.12
747.04	2605.84
747.23	3045.33
747.42	3398.81
747.61	2483.78
747.80	2963.82
747.99	3202.20
748.18	2913.85
748.36	2548.08
748.55	2978.57
748.74	3420.11
748.93	3237.02
749.12	2697.58
749.31	2717.65
749.50	3015.84
749.69	3215.31
749.88	2629.59
750.07	2509.17
750.26	3370.96
750.45	2974.47
750.64	2408.00
750.83	2589.04
751.02	3074.00
751.21	3230.88
751.40	2753.70
751.59	2763.12
751.78	3284.94
751.97	3249.72
752.16	2926.14
752.35	2824.56
752.54	3178.86
752.73	3139.54
752.92	2642.70
753.11	2923.68
753.30	2972.42
753.49	2751.24
753.68	2764.35
753.87	2782.78
754.05	3293.95
754.24	3038.78
754.43	2879.85
754.62	2570.20
754.81	3675.69
755.00	3312.79
755.19	2650.48
755.38	2896.65
755.57	3262.41
755.76	3291.50
755.95	2909.34
756.14	2507.94
756.33	3276.34
756.52	3092.02
756.70	2722.57
756.89	2737.72
757.08	3362.36
757.27	3209.58
757.46	2780.32
757.65	2542.76
757.84	3280.85
758.03	2915.90
758.22	2649.66
758.41	2732.40
758.60	2955.22
758.79	3112.09
758.97	2890.50
759.16	2939.24
759.35	3124.79
759.54	3105.13
759.73	2627.95
759.92	2608.29
760.11	2928.19
760.30	3101.44
760.49	2644.34
760.67	2665.23
760.86	3242.75
761.05	3423.79
761.24	2705.37
761.43	2454.29
761.62	3235.79
761.81	3134.21
762.00	2731.17
762.19	2593.96
762.37	3293.95
762.56	3376.69
762.75	2397.76
762.94	2741.00
763.13	2907.30
763.32	3098.99
763.51	2477.63
763.70	2477.22
763.88	3416.01
764.07	3123.56
764.26	2623.86
764.45	2485.01
764.64	3269.38
764.83	3428.71
765.02	2744.28
765.20	2749.60
765.39	3192.37
765.58	3523.33
765.77	2872.89
765.96	3157.97
766.15	3117.83
766.33	3120.69
766.52	2811.04
766.71	2650.89
766.90	3503.66
767.09	3034.27
767.28	2420.29
767.46	2677.10
767.65	3017.07
767.84	3255.04
768.03	2679.15
768.22	2541.94
768.41	2842.99
768.59	3055.16
768.78	2641.47
768.97	2711.51
769.16	3431.17
769.35	2962.59
769.54	2683.66
769.72	2650.48
769.91	3148.14
770.10	3459.84
770.29	2509.99
770.48	2775.41
770.66	3173.12
770.85	3221.05
771.04	2707.41
771.23	2524.33
771.42	3372.59
771.60	3331.23
771.79	2720.11
771.98	2677.10
772.17	3213.67
772.36	3299.28
772.54	2530.06
772.73	2757.39
772.92	3348.84
773.11	2953.17
773.30	2698.81
773.48	2467.39
773.67	3087.11
773.86	3087.93
774.05	2586.58
774.23	2868.79
774.42	3251.36
774.61	3340.24
774.80	2663.59
774.99	2527.60
775.17	3240.30
775.36	3098.58
775.55	2709.05
775.74	2696.36
775.92	3262.41
776.11	3014.61
776.30	3012.15
776.49	2549.31
776.67	3008.06
776.86	2820.87
777.05	2643.11
777.24	2486.64
777.42	3140.76
777.61	2938.43
777.80	2881.49
777.99	2568.97
778.17	3057.62
778.36	3147.73
778.55	2611.57
778.74	2822.92
778.92	3089.16
779.11	3349.66
779.30	2718.06
779.49	2634.51
779.67	3196.06
779.86	3081.37
780.05	2523.92
780.24	2506.30
780.42	3170.67
780.61	3137.49
780.80	2694.31
780.98	2487.46
781.17	3062.94
781.36	3007.24
781.55	2807.36
781.73	2593.96
781.92	3216.13
782.11	3160.43
782.29	2593.55
782.48	2634.51
782.67	3378.33
782.86	3252.99
783.04	2670.14
783.23	2697.17
783.42	3211.22
783.60	3271.43
783.79	2644.34
783.98	2561.19
784.16	3265.69
784.35	3157.56
784.54	2750.83
784.73	2541.12
784.91	3147.32
785.10	2951.53
785.29	2663.59
785.47	2866.75
785.66	3252.99
785.85	2969.15
786.03	2666.05
786.22	2507.53
786.41	3365.63
786.59	3132.16
786.78	2505.08
786.97	2582.49
787.15	3195.24
787.34	3064.17
787.53	2627.54
787.71	2660.31
787.90	3080.96
788.09	3138.72
788.27	2902.79
788.46	2698.40
788.65	3238.66
788.83	3092.84
789.02	2463.71
789.21	2514.91
789.39	2915.08
789.58	3262.41
789.77	2593.14
789.95	2504.67
790.14	3433.21
790.33	3024.03
790.51	2418.24
790.70	2867.16
790.88	3071.13
791.07	3107.59
791.26	3067.04
791.44	2614.03
791.63	3061.71
791.82	3222.27
792.00	2463.71
792.19	2716.02
792.38	3431.17
792.56	3098.99
792.75	2792.61
792.93	2792.20
793.12	3273.88
793.31	3049.02
793.49	2854.05
793.68	2638.19
793.86	3059.67
794.05	3430.76
794.24	2678.74
794.42	2729.94
794.61	3145.27
794.80	2983.89
794.98	3006.42
795.17	2734.45
795.35	3348.02
795.54	3175.99
795.73	2751.65
795.91	3266.92
796.10	3258.73
796.28	3266.10
796.47	2507.12
796.66	2561.60
796.84	3569.61
797.03	3139.54
797.21	2456.33
797.40	2769.67
797.58	3363.58
797.77	3092.02
797.96	2890.09
798.14	3188.69
798.33	3456.97
798.51	3232.92
798.70	2500.57
798.88	2758.61
799.07	3131.34
799.26	3180.09
799.44	2755.75
799.63	2680.79
799.81	2954.81
800.00	3128.07
800.18	3009.29
800.37	2788.51
800.56	3004.37
800.74	3128.48
800.93	2633.28
801.11	2717.24
801.30	3181.31
801.48	3089.16
801.67	2813.91
801.85	2770.08
802.04	3207.53
802.22	3043.28
802.41	2695.95
802.60	2918.36
802.78	3248.49
802.97	2960.54
803.15	2792.61
803.34	2749.19
803.52	3191.14
803.71	3264.05
803.89	2460.43
804.08	3035.09
804.26	3340.65
804.45	3076.05
804.63	2766.40
804.82	2718.06
805.00	3091.61
805.19	3453.69
805.37	2639.01
805.56	2710.69
805.74	3453.69
805.93	3042.46
806.11	2904.02
806.30	2555.87
806.48	3053.52
806.67	3193.60
806.85	2784.42
807.04	2688.16
807.22	3024.85
807.41	3135.44
807.59	3024.03
807.78	2623.86
807.96	3387.75
808.15	3142.81
808.33	2891.73
808.52	3006.83
808.70	3343.92
808.89	3246.44
809.07	3302.55
809.26	2712.74
809.44	3080.96
809.63	3317.71
809.81	3140.36
810.00	2864.70
810.18	3236.20
810.37	3182.95
810.55	2912.62
810.74	2897.47
810.92	3407.00
811.11	3389.80
811.29	2389.16
811.48	2694.31
811.66	2994.54
811.84	2948.26
812.03	2852.00
812.21	2895.42
812.40	3053.11
812.58	2856.51
812.77	2956.04
812.95	2731.17
813.14	3101.85
813.32	2953.17
813.51	2756.98
813.69	2779.09
813.87	2973.24
814.06	3173.12
814.24	2813.50
814.43	2552.59
814.61	3193.60
814.80	3248.08
814.98	2660.31
815.16	2709.46
815.35	3352.12
815.53	3211.21
815.72	2770.49
815.90	2701.68
816.09	3123.15
816.27	3147.73
816.45	2826.20
816.64	2800.39
816.82	3485.23
817.01	2941.70
817.19	2634.92
817.37	2873.30
817.56	3293.95
817.74	2911.80
817.93	3049.43
818.11	2822.51
818.30	3075.23
818.48	2929.82
818.66	2821.69
818.85	2750.01
819.03	3085.06
819.21	3035.09
819.40	2894.60
819.58	3217.36
819.77	3141.58
819.95	3136.26
820.13	3104.31
820.32	2552.18
820.50	3387.75
820.69	3366.86
820.87	2741.82
821.05	2645.98
821.24	3162.88
821.42	3232.92
821.60	2740.59
821.79	2998.23
821.97	3261.60
822.16	3428.30
822.34	2702.50
822.52	2810.22
822.71	3426.66
822.89	3217.36
823.07	2977.34
823.26	2690.21
823.44	3017.48
823.62	2967.92
823.81	2863.47
823.99	2529.65
824.18	3268.15
824.36	3013.38
824.54	2926.55
824.73	2892.96
824.91	3437.72
825.09	3228.01
825.28	3081.78
825.46	2980.20
825.64	3349.66
825.83	3067.04
826.01	2895.01
826.19	2717.65
826.38	3073.18
826.56	3140.76
826.74	2678.74
826.93	2778.27
827.11	3074.00
827.29	3207.12
827.48	2797.93
827.66	2771.31
827.84	3234.56
828.03	3074.41
828.21	2557.91
828.39	2539.89
828.57	3362.36
828.76	3300.51
828.94	2657.85
829.12	3038.78
829.31	3169.03
829.49	3101.44
829.67	2663.18
829.86	2756.16
830.04	3057.62
830.22	3198.11
830.40	2730.76
830.59	2834.39
830.77	3235.79
830.95	3235.79
831.14	3062.94
831.32	2644.34
831.50	3047.79
831.69	3093.66
831.87	2991.67
832.05	2846.68
832.23	3184.18
832.42	3320.99
832.60	2667.27
832.78	2652.94
832.96	4455.56
833.15	3319.35
833.33	2748.78
833.51	3021.57
833.70	3230.47
833.88	3170.67
834.06	2883.95
834.24	2733.63
834.43	3448.37
834.61	3119.88
834.79	2972.01
834.97	3160.43
835.16	3313.61
835.34	3058.44
835.52	3051.06
835.70	2696.36
835.89	3139.54
836.07	3367.27
836.25	2967.92
836.43	2643.11
836.62	3080.96
836.80	3268.15
836.98	2743.46
837.16	2715.20
837.34	3006.42
837.53	3335.73
837.71	2828.24
837.89	3087.52
838.07	3216.95
838.26	3296.41
838.44	2872.48
838.62	3360.72
838.80	3192.78
838.99	3258.32
839.17	2625.91
839.35	2897.47
839.53	3230.88
839.71	3346.38
839.90	2640.24
840.08	2884.36
840.26	3279.21
840.44	3246.03
840.62	2999.05
840.81	2613.62
840.99	3639.24
841.17	3140.36
841.35	2897.88
841.53	2734.04
841.72	3364.40
841.90	3185.00
842.08	2752.47
842.26	2715.61
842.44	3155.10
842.63	3393.07
842.81	3062.94
842.99	2872.07
843.17	3240.30
843.35	3196.88
843.53	3092.43
843.72	2856.51
843.90	3305.42
844.08	3089.16
844.26	2781.96
844.44	2857.33
844.62	3422.16
844.81	3345.56
844.99	3112.09
845.17	2741.82
845.35	3189.51
845.53	3097.35
845.71	4781.60
845.90	2826.61
846.08	3154.28
846.26	3052.70
846.44	2620.17
846.62	2799.98
846.80	3119.47
846.98	2977.75
847.17	3862.06
847.35	3201.79
847.53	3250.95
847.71	3200.16
847.89	3145.68
848.07	2720.11
848.25	3130.53
848.44	2990.03
848.62	2974.47
848.80	2769.67
848.98	2972.42
849.16	3157.56
849.34	3022.80
849.52	2793.43
849.70	3177.63
849.89	3288.63
850.07	2901.15
850.25	2960.13
850.43	3137.49
850.61	3331.23
850.79	2629.18
850.97	2847.91
851.15	3308.70
851.33	3132.57
851.52	2769.67
851.70	3160.02
851.88	3313.61
852.06	3070.72
852.24	2724.21
852.42	3022.80
852.60	3391.03
852.78	3471.31
852.96	2833.57
853.14	2898.29
853.33	3459.43
853.51	3245.62
853.69	3060.89
853.87	2954.81
854.05	3112.09
854.23	2937.61
854.41	2805.72
854.59	2903.61
854.77	3282.07
854.95	3228.42
855.13	2738.54
855.31	2965.46
855.49	3101.44
855.68	3104.31
855.86	2780.32
856.04	3150.19
856.22	2972.42
856.40	3123.56
856.58	2817.60
856.76	2938.02
856.94	2961.36
857.12	3169.03
857.30	2551.77
857.48	2873.71
857.66	3225.14
857.84	3644.16
858.02	2838.89
858.20	3098.99
858.38	3027.31
858.56	3123.15
858.74	2668.91
858.92	2799.16
859.10	3180.50
859.29	3164.93
859.47	2683.66
859.65	3124.38
859.83	3176.81
860.01	3155.10
860.19	2799.57
860.37	2902.38
860.55	3293.95
860.73	3062.12
860.91	2735.68
861.09	3178.04
861.27	3143.22
861.45	3248.08
861.63	2727.89
861.81	3100.62
861.99	3191.96
862.17	3033.04
862.35	2720.11
862.53	2805.72
862.71	3452.47
862.89	3120.29
863.07	2739.36
863.25	3049.02
863.43	3239.07
863.61	3333.68
863.79	3101.44
863.97	3093.25
864.15	3208.76
864.33	3002.73
864.51	2856.92
864.69	2694.72
864.87	3307.06
865.05	3035.50
865.23	2884.77
865.41	2858.55
865.59	3311.16
865.77	3205.07
865.95	2916.72
866.13	2649.25
866.30	3152.23
866.48	2953.17
866.66	2903.20
866.84	2939.24
867.02	3104.31
867.20	2987.58
867.38	2761.89
867.56	2855.69
867.74	3363.17
867.92	3200.16
868.10	2847.09
868.28	2754.11
868.46	3208.76
868.64	3334.50
868.82	2835.62
869.00	2807.77
869.18	3021.16
869.36	3413.14
869.54	3085.88
869.72	3072.36
869.89	3157.15
870.07	3018.71
870.25	2844.22
870.43	2953.99
870.61	3022.80
870.79	3102.67
870.97	2807.36
871.15	2969.15
871.33	3609.75
871.51	3098.99
871.69	2998.64
871.87	2905.66
872.05	3252.99
872.22	3393.48
872.40	2723.80
872.58	3039.19
872.76	3313.20
872.94	3242.34
873.12	2930.23
873.30	2648.84
873.48	3259.14
873.66	3203.43
873.84	2959.31
874.01	2808.58
874.19	3158.79
874.37	3033.86
874.55	2697.17
874.73	2806.95
874.91	3438.13
875.09	3030.17
875.27	2727.08
875.45	2864.70
875.62	3219.41
875.80	3040.41
875.98	2786.88
876.16	3023.62
876.34	3253.40
876.52	2943.34
876.70	3209.17
876.88	2797.53
877.05	3312.38
877.23	3282.48
877.41	2892.96
877.59	3280.85
877.77	3301.33
877.95	2935.15
878.13	2736.50
878.30	2800.80
878.48	3196.88
878.66	3248.08
878.84	3033.86
879.02	2826.20
879.20	3250.54
879.37	3270.61
879.55	2958.09
879.73	2994.95
879.91	3212.03
880.09	3157.15
880.27	3330.82
880.45	2814.73
880.62	3148.96
880.80	3060.89
880.98	2948.26
881.16	2896.24
881.34	3081.78
881.51	3001.09
881.69	2919.99
881.87	2807.77
882.05	3185.00
882.23	2939.65
882.41	2749.60
882.58	2929.00
882.76	3118.24
882.94	2980.61
883.12	3075.64
883.30	2996.18
883.47	3380.38
883.65	3204.25
883.83	2959.31
884.01	2824.15
884.19	3155.92
884.36	3123.56
884.54	2573.48
884.72	3112.91
884.90	3083.01
885.08	3262.41
885.25	3726.48
885.43	2847.91
885.61	3024.03
885.79	3122.74
885.97	3087.11
886.14	2978.16
886.32	3111.68
886.50	3535.61
886.68	2833.16
886.85	2843.81
887.03	3309.93
887.21	3237.43
887.39	2966.69
887.56	3152.23
887.74	3087.52
887.92	3076.05
888.10	2992.49
888.27	2969.15
888.45	3349.25
888.63	3371.78
888.81	2862.24
888.99	2851.59
889.16	3083.42
889.34	3083.42
889.52	2690.21
889.69	2886.41
889.87	3393.07
890.05	3100.22
890.23	3021.16
890.40	2799.16
890.58	3123.97
890.76	3270.20
890.94	2928.19
891.11	2900.74
891.29	3119.88
891.47	3053.11
891.65	3144.04
891.82	3121.51
892.00	2969.96
892.18	3206.30
892.35	2895.83
892.53	2927.78
892.71	3386.93
892.89	3298.46
893.06	2974.88
893.24	2918.36
893.42	2867.57
893.59	3067.86
893.77	2803.67
893.95	2881.90
894.13	2889.68
894.30	3361.54
894.48	2852.00
894.66	3390.62
894.83	3034.68
895.01	3186.23
895.19	3080.14
895.36	2953.17
895.54	3315.66
895.72	3266.10
895.89	2805.31
896.07	2814.73
896.25	3317.71
896.43	3079.33
896.60	3160.43
896.78	2992.49
896.96	3332.05
897.13	3225.14
897.31	2828.65
897.49	2966.69
897.66	3391.03
897.84	3125.61
898.02	3088.34
898.19	3019.53
898.37	3068.68
898.55	3296.00
898.72	3083.83
898.90	3026.08
899.07	3173.12
899.25	3172.30
899.43	3110.05
899.60	3510.22
899.78	3069.50
899.96	2890.91
900.13	2756.57
900.31	3106.77
900.49	3086.70
900.66	3369.73
900.84	3144.45
901.02	3130.53
901.19	3239.89
901.37	3058.85
901.54	2997.00
901.72	2821.69
901.90	3102.26
902.07	3262.41
902.25	2897.06
902.43	2905.25
902.60	3409.46
902.78	2949.89
902.95	2956.45
903.13	2881.49
903.31	3068.68
903.48	3164.52
903.66	2973.65
903.83	3108.00
904.01	3255.45
904.19	3074.41
904.36	2919.58
904.54	2754.52
904.71	3254.63
904.89	2980.61
905.07	2922.04
905.24	2922.45
905.42	3227.19
905.59	3361.54
905.77	3092.84
905.95	3000.68
906.12	2998.23
906.30	3154.28
906.47	3083.42
906.65	3367.68
906.82	3393.89
907.00	3411.10
907.18	2701.68
907.35	2869.61
907.53	3216.13
907.70	3251.36
907.88	2940.88
908.05	3992.72
908.23	3229.65
908.41	3224.73
908.58	2955.22
908.76	2601.74
908.93	3433.21
909.11	3214.49
909.28	2916.31
909.46	2842.58
909.63	3319.76
909.81	3236.20
909.99	2986.35
910.16	2794.66
910.34	3030.99
910.51	3196.47
910.69	3053.52
910.86	2712.33
911.04	3213.26
911.21	2828.65
911.39	3443.05
911.56	2796.30
911.74	3113.73
911.91	3152.64
912.09	2825.79
912.26	2867.57
912.44	2898.29
912.62	2949.89
912.79	2865.93
912.97	2994.13
913.14	3411.10
913.32	3230.47
913.49	2895.42
913.67	2981.43
913.84	2838.89
914.02	3030.58
914.19	2836.03
914.37	3016.66
914.54	2997.82
914.72	2864.70
914.89	2841.76
915.07	3206.71
915.24	2976.52
915.42	3078.10
915.59	2924.91
915.77	3086.29
915.94	3466.39
916.12	3433.21
916.29	2882.31
916.46	2987.99
916.64	3194.83
916.81	3393.89
916.99	3069.09
917.16	2915.49
917.34	3447.55
917.51	3369.32
917.69	2808.99
917.86	2756.57
918.04	3112.09
918.21	3374.23
918.39	3038.78
918.56	2932.69
918.74	2908.12
918.91	3472.13
919.08	2731.58
919.26	3154.69
919.43	3198.11
919.61	3157.97
919.78	2939.65
919.96	3233.33
920.13	3392.67
920.31	3191.14
920.48	3097.35
920.65	3014.20
920.83	3368.91
921.00	3240.71
921.18	2911.39
921.35	3096.53
921.53	3059.26
921.70	3028.13
921.88	2831.93
922.05	2785.65
922.22	2979.79
922.40	3118.24
922.57	2865.11
922.75	2631.23
922.92	3162.06
923.09	3126.02
923.27	2927.78
923.44	3277.16
923.62	3010.51
923.79	3373.41
923.96	2906.89
924.14	2770.49
924.31	3332.05
924.49	3139.95
924.66	2911.80
924.83	2993.31
925.01	3126.84
925.18	3434.85
925.36	3146.09
925.53	2779.09
925.70	3073.59
925.88	2892.55
926.05	3076.46
926.23	3066.63
926.40	3231.29
926.57	3215.31
926.75	2996.59
926.92	2738.54
927.09	3173.53
927.27	2953.17
927.44	3017.48
927.62	2824.15
927.79	3310.75
927.96	2969.15
928.14	2795.07
928.31	3002.73
928.48	3429.12
928.66	3053.52
928.83	2734.04
929.00	2960.13
929.18	3116.60
929.35	3146.09
929.52	3139.95
929.70	2852.82
929.87	3000.68
930.05	2994.13
930.22	2964.64
930.39	3016.66
930.57	2998.64
930.74	3413.14
930.91	2836.03
931.09	3139.13
931.26	3191.55
931.43	3263.64
931.61	2667.27
931.78	2950.71
931.95	3119.88
932.12	3424.61
932.30	2792.20
932.47	3144.04
932.64	2983.48
932.82	2968.74
932.99	3022.80
933.16	2852.82
933.34	3090.79
933.51	3209.17
933.68	2833.16
933.86	3162.88
934.03	3121.10
934.20	3012.56
934.38	3138.72
934.55	2767.22
934.72	3540.94
934.89	3255.04
935.07	2918.77
935.24	3037.14
935.41	3090.79
935.59	3126.43
935.76	2922.04
935.93	2975.70
936.10	3061.30
936.28	3132.98
936.45	2934.33
936.62	2921.22
936.79	3325.90
936.97	3043.69
937.14	2975.70
937.31	3014.61
937.49	2951.94
937.66	3187.05
937.83	3181.72
938.00	3148.96
938.18	3345.15
938.35	3259.55
938.52	2947.85
938.69	2930.64
938.87	3076.05
939.04	3108.82
939.21	2938.84
939.38	2910.57
939.56	3063.76
939.73	2838.89
939.90	3016.25
940.07	2931.46
940.25	3096.12
940.42	3171.48
940.59	3040.82
940.76	2860.60
940.94	2965.87
941.11	3001.91
941.28	2969.55
941.45	3096.53
941.62	3209.58
941.80	2952.35
941.97	3062.12
942.14	2741.00
942.31	3392.67
942.48	3034.68
942.66	2939.24
942.83	3067.04
943.00	2757.39
943.17	3309.93
943.35	3157.15
943.52	2958.50
943.69	2937.20
943.86	2973.65
944.03	2752.06
944.21	3291.09
944.38	3101.03
944.55	3033.45
944.72	2960.13
944.89	2804.08
945.06	3086.70
945.24	2996.18
945.41	3282.48
945.58	2999.05
945.75	3171.48
945.92	2907.30
946.10	3238.25
946.27	2695.54
946.44	3037.14
946.61	3036.32
946.78	3245.21
946.95	2757.79
947.13	2955.22
947.30	2988.81
947.47	2926.55
947.64	3009.29
947.81	3251.36
947.98	3011.74
948.16	3004.78
948.33	2969.96
948.50	2985.94
948.67	3003.55
948.84	3174.35
949.01	2888.46
949.18	3117.83
949.36	3246.03
949.53	2960.95
949.70	2964.23
949.87	3100.22
950.04	2932.28
950.21	3110.05
950.38	2876.17
950.56	3089.98
950.73	3128.48
950.90	2946.62
951.07	3077.69
951.24	3153.05
951.41	3048.20
951.58	2919.99
951.75	3050.24
951.92	3017.89
952.10	3043.69
952.27	2751.24
952.44	3066.63
952.61	3709.69
952.78	3044.92
952.95	2734.86
953.12	3103.90
953.29	3128.48
953.46	2960.54
953.64	3069.09
953.81	2832.75
953.98	3201.79
954.15	2939.24
954.32	2944.16
954.49	2784.42
954.66	3028.95
954.83	2956.86
955.00	2848.31
955.17	2979.38
955.34	2992.08
955.51	3031.81
955.69	3529.47
955.86	2972.83
956.03	3071.95
956.20	3122.74
956.37	3065.81
956.54	2802.03
956.71	3096.12
956.88	2962.18
957.05	2965.87
957.22	2856.10
957.39	3187.46
957.56	2899.92
957.73	2813.50
957.90	2808.17
958.07	3254.22
958.24	3219.41
958.41	2790.97
958.59	2975.29
958.76	3259.14
958.93	3293.13
959.10	3015.02
959.27	2852.00
959.44	3246.85
959.61	2994.13
959.78	3064.58
959.95	3002.73
960.12	3325.90
960.29	3132.16
960.46	2852.00
960.63	2619.35
960.80	3099.40
960.97	3120.29
961.14	2756.98
961.31	3014.20
961.48	3339.42
961.65	3206.30
961.82	2986.35
961.99	3003.14
962.16	3008.88
962.33	3089.98
962.50	3089.16
962.67	2817.19
962.84	3119.06
963.01	2952.35
963.18	2797.12
963.35	2856.10
963.52	3216.95
963.69	3076.05
963.86	3215.72
964.03	3033.86
964.20	3440.18
964.37	3158.38
964.54	3154.28
964.71	2995.77
964.88	3038.78
965.05	3125.61
965.22	2927.78
965.39	3047.38
965.56	3040.41
965.73	2983.48
965.90	3171.89
966.07	2822.10
966.24	3110.45
966.41	3017.89
966.58	2981.84
966.74	3210.40
966.91	3412.33
967.08	3362.76
967.25	2811.86
967.42	2888.05
967.59	3285.76
967.76	2856.51
967.93	3063.35
968.10	3020.34
968.27	3147.73
968.44	3079.74
968.61	2913.85
968.78	2774.59
968.95	3014.61
969.12	3031.40
969.29	3016.25
969.46	2801.62
969.62	3404.95
969.79	2985.53
969.96	2811.45
970.13	2798.34
970.30	3169.85
970.47	3180.91
970.64	3083.01
970.81	3021.16
970.98	3164.11
971.15	3050.65
971.32	2631.23
971.49	3178.86
971.65	3319.76
971.82	3150.19
971.99	3059.26
972.16	3161.65
972.33	3070.72
972.50	3052.70
972.67	3059.26
972.84	3043.28
973.01	2938.43
973.17	3194.83
973.34	3117.83
973.51	3051.47
973.68	3175.17
973.85	2999.46
974.02	3033.04
974.19	2894.19
974.36	3170.67
974.53	3310.34
974.69	3041.23
974.86	2827.43
975.03	3355.39
975.20	3012.56
975.37	3096.53
975.54	3058.85
975.71	3200.98
975.87	3127.25
976.04	3103.90
976.21	2971.60
976.38	3142.40
976.55	3059.67
976.72	2850.77
976.89	3175.58
977.05	3229.24
977.22	3372.59
977.39	2781.14
977.56	3093.66
977.73	3076.46
977.90	2913.44
978.06	3049.02
978.23	3010.10
978.40	2974.47
978.57	3327.54
978.74	3182.95
978.91	3090.79
979.07	3030.17
979.24	3214.49
979.41	2922.86
979.58	2970.37
979.75	3309.52
979.91	2898.69
980.08	2664.41
980.25	3035.91
980.42	3219.00
980.59	3117.83
980.75	2791.38
980.92	2968.33
981.09	3071.54
981.26	3148.14
981.43	3155.92
981.59	2944.57
981.76	3006.42
981.93	2996.59
982.10	2892.55
982.27	2874.53
982.43	3217.77
982.60	2992.49
982.77	2809.40
982.94	2920.40
983.11	2983.89
983.27	2883.54
983.44	3010.10
983.61	3013.79
983.78	3340.24
983.94	3309.11
984.11	2838.48
984.28	3039.60
984.45	3338.60
984.61	2847.50
984.78	2915.08
984.95	2824.15
985.12	3151.41
985.28	3300.10
985.45	2889.68
985.62	2874.12
985.79	3025.67
985.95	2939.65
986.12	2769.67
986.29	2903.20
986.46	3366.86
986.62	3384.47
986.79	2981.02
986.96	2740.18
987.13	3138.72
987.29	3318.53
987.46	2957.68
987.63	2924.09
987.80	2879.85
987.96	3465.16
988.13	2892.55
988.30	2920.40
988.46	3007.24
988.63	3268.56
988.80	2375.64
988.97	2377.28
989.13	3160.02
989.30	3195.24
989.47	2325.67
989.63	2348.20
989.80	3384.47
989.97	3164.93
990.13	2567.33
990.30	2923.68
990.47	3033.04
990.64	3030.17
990.80	2353.53
990.97	2608.70
991.14	3017.07
991.30	3107.18
991.47	2432.17
991.64	2491.15
991.80	3125.61
991.97	3055.57
992.14	2417.83
992.30	2908.53
992.47	2975.70
992.64	3200.98
992.80	2422.34
992.97	2400.63
993.14	3466.39
993.30	3918.99
993.47	2469.03
993.64	2485.01
993.80	3385.29
993.97	3140.36
994.14	2545.63
994.30	2864.29
994.47	3228.01
994.64	3109.23
994.80	2700.04
994.97	2568.56
995.14	3324.67
995.30	3116.60
995.47	2609.52
995.63	2666.46
995.80	3128.89
995.97	3499.57
996.13	2475.18
996.30	2525.96
996.47	3059.67
996.63	3678.97
996.80	2940.47
996.97	2686.53
997.13	3254.22
997.30	3400.86
997.46	2422.34
997.63	2734.86
997.80	3383.65
997.96	3253.81
998.13	2475.99
998.29	2543.99
998.46	3103.08
998.63	3032.22
998.79	2434.22
998.96	2696.77
999.12	3337.37
999.29	3054.75
999.46	2601.74
999.62	2846.68
999.79	3248.49
999.95	3153.87
1000.12	2531.70
1000.29	2596.82
1000.45	3238.66
1000.62	3257.09
1000.78	2595.60
1000.95	2539.48
1001.11	3179.68
1001.28	3255.04
1001.45	2482.14
1001.61	2855.69
1001.78	3193.60
1001.94	3308.70
1002.11	2620.99
1002.27	2841.35
1002.44	3354.16
1002.61	3209.58
1002.77	2505.89
1002.94	2455.10
1003.10	3208.76
1003.27	3236.61
1003.43	2535.39
1003.60	2609.11
1003.76	3119.06
1003.93	3128.89
1004.10	2634.51
1004.26	2800.39
1004.43	3285.35
1004.59	3472.95
1004.76	2515.32
1004.92	2575.12
1005.09	3501.21
1005.25	3352.93
1005.42	2519.00
1005.58	2790.97
1005.75	3284.12
1005.91	3185.00
1006.08	2843.81
1006.24	2469.85
1006.41	3093.66
1006.57	3119.47
1006.74	2490.33
1006.90	2663.59
1007.07	3010.10
1007.23	3537.25
1007.40	2617.30
1007.56	2500.16
1007.73	2955.22
1007.89	3258.32
1008.06	2777.05
1008.22	2705.78
1008.39	3101.85
1008.55	3143.22
1008.72	2655.81
1008.88	2508.35
1009.05	3035.09
1009.21	3303.37
1009.38	2375.23
1009.54	2569.38
1009.71	3435.67
1009.87	3532.75
1010.04	2352.71
1010.20	2776.64
1010.37	2903.20
1010.53	3322.62
1010.70	2636.15
1010.86	2465.75
1011.03	2985.12
1011.19	3016.66
1011.35	2711.92
1011.52	2625.50
1011.68	3072.36
1011.85	3084.24
1012.01	2834.80
1012.18	2697.58
1012.34	3090.38
1012.51	3097.76
1012.67	2521.46
1012.83	2619.76
1013.00	3283.30
1013.16	3048.20
1013.33	2496.06
1013.49	3032.63
1013.66	3210.81
1013.82	3572.07
1013.99	2575.12
1014.15	2658.67
1014.31	3264.46
1014.48	3206.30
1014.64	2692.26
1014.81	2619.76
1014.97	3014.61
1015.13	3323.85
1015.30	2624.68
1015.46	2691.44
1015.63	2984.30
1015.79	3121.10
1015.95	2405.95
1016.12	2562.83
1016.28	3074.82
1016.45	3158.79
1016.61	2636.55
1016.77	2679.15
1016.94	3061.30
1017.10	3252.17
1017.27	2596.01
1017.43	2485.01
1017.59	3024.85
1017.76	3242.75
1017.92	2469.44
1018.09	2351.07
1018.25	3363.99
1018.41	3226.78
1018.58	2706.60
1018.74	2727.89
1018.90	3112.09
1019.07	3167.80
1019.23	2485.41
1019.40	2541.12
1019.56	3183.36
1019.72	2928.60
1019.89	2659.49
1020.05	3083.83
1020.21	3244.80
1020.38	3135.03
1020.54	2429.71
1020.70	2658.26
1020.87	3158.79
1021.03	3267.33
1021.19	2543.17
1021.36	2376.87
1021.52	3368.91
1021.68	3502.03
1021.85	3102.26
1022.01	2666.05
1022.17	3184.59
1022.34	3184.18
1022.50	2553.82
1022.66	2700.86
1022.83	3328.36
1022.99	3226.37
1023.15	2482.14
1023.32	2745.92
1023.48	3127.25
1023.64	3073.18
1023.81	2421.11
1023.97	2763.12
1024.13	3162.06
1024.30	3123.56
1024.46	2791.38
1024.62	2649.66
1024.79	3271.02
1024.95	3336.55
1025.11	2443.23
1025.27	2648.02
1025.44	3010.10
1025.60	3057.21
1025.76	2624.27
1025.93	2534.57
1026.09	3161.65
1026.25	3126.84
1026.41	2600.10
1026.58	2443.23
1026.74	3030.58
1026.90	3375.05
1027.07	2736.50
1027.23	2489.10
1027.39	3151.82
1027.55	3352.93
1027.72	2638.60
1027.88	2702.50
1028.04	3117.42
1028.20	3305.83
1028.37	2297.82
1028.53	2682.43
1028.69	2958.91
1028.85	3259.14
1029.02	2739.77
1029.18	2488.28
1029.34	3032.22
1029.50	3301.33
1029.67	2816.78
1029.83	2591.09
1029.99	3224.32
1030.15	3117.01
1030.32	2514.09
1030.48	2682.43
1030.64	3073.18
1030.80	3462.30
1030.97	2838.48
1031.13	2557.09
1031.29	3332.45
1031.45	3259.55
1031.61	2609.93
1031.78	2523.92
1031.94	3490.97
1032.10	3275.11
1032.26	2711.51
1032.42	2672.19
1032.59	3348.43
1032.75	3083.83
1032.91	2611.98
1033.07	2614.85
1033.24	2993.31
1033.40	3649.89
1033.56	2681.61
1033.72	2494.43
1033.88	3224.73
1034.04	3558.55
1034.21	2748.78
1034.37	2735.27
1034.53	3198.11
1034.69	2986.76
1034.85	2566.51
1035.02	2611.98
1035.18	3025.26
1035.34	3359.90
1035.50	2473.95
1035.66	2705.78
1035.82	3167.80
1035.99	3431.58
1036.15	2555.05
1036.31	2820.05
1036.47	3323.44
1036.63	3660.54
1036.79	3042.46
1036.96	2768.44
1037.12	3354.98
1037.28	3067.45
1037.44	2347.38
1037.60	2570.20
1037.76	3155.51
1037.92	3179.68
1038.09	2413.74
1038.25	2873.71
1038.41	3387.34
1038.57	3319.76
1038.73	2553.82
1038.89	2505.48
1039.05	3280.03
1039.22	3250.13
1039.38	2585.36
1039.54	2938.84
1039.70	3237.02
1039.86	3335.73
1040.02	2589.04
1040.18	2646.39
1040.34	3175.58
1040.51	3348.84
1040.67	3404.54
1040.83	2919.58
1040.99	3320.17
1041.15	3501.62
1041.31	2540.71
1041.47	2821.28
1041.63	3157.97
