345.74	1419.65
345.96	1419.65
346.17	1419.65
346.39	1417.60
346.60	1401.22
346.81	2564.88
347.03	2565.70
347.24	3260.78
347.46	3284.12
347.67	2693.90
347.89	2530.47
348.10	3076.46
348.32	2963.82
348.53	2541.12
348.75	2598.46
348.96	2868.39
349.18	3277.98
349.39	2564.06
349.61	2600.51
349.82	3195.24
350.04	3130.93
350.25	2593.14
350.47	2706.19
350.68	3180.09
350.90	3375.46
351.11	2516.54
351.32	2623.86
351.54	3371.37
351.75	3385.29
351.97	2618.94
352.18	2593.55
352.40	2965.05
352.61	3297.64
352.83	2772.54
353.04	2452.65
353.26	3268.56
353.47	3079.33
353.69	2664.00
353.90	2637.37
354.11	2887.64
354.33	3538.48
354.54	2362.13
354.76	2714.38
354.97	2938.02
355.19	3254.63
355.40	2517.77
355.62	3071.13
355.83	3062.94
356.04	3179.27
356.26	2500.16
356.47	2718.88
356.69	2858.96
356.90	3648.25
357.12	2667.27
357.33	2427.25
357.55	3049.84
357.76	3126.02
357.97	2433.81
358.19	2670.96
358.40	2913.03
358.62	3415.60
358.83	2573.89
359.05	2835.62
359.26	3008.47
359.47	3123.56
359.69	2721.34
359.90	2938.84
360.12	2910.98
360.33	3083.83
360.55	2538.66
360.76	2806.95
360.97	3214.08
361.19	3398.81
361.40	2526.37
361.62	2709.05
361.83	3357.44
362.04	3388.98
362.26	2654.17
362.47	2648.02
362.69	2994.54
362.90	3170.67
363.12	2540.30
363.33	2666.05
363.54	3122.74
363.76	3326.31
363.97	2664.41
364.19	2668.50
364.40	3454.92
364.61	3076.87
364.83	2444.46
365.04	2782.78
365.26	3119.06
365.47	3440.18
365.68	2622.22
365.90	2708.23
366.11	3078.92
366.33	3402.90
366.54	2584.95
366.75	2523.92
366.97	2884.77
367.18	3015.43
367.40	2768.44
367.61	2637.37
367.82	3076.46
368.04	3311.98
368.25	2745.51
368.46	2728.71
368.68	3008.88
368.89	3492.61
369.11	2668.09
369.32	2755.75
369.53	3300.10
369.75	3250.54
369.96	3028.95
370.18	2865.93
370.39	3052.29
370.60	3101.44
370.82	2595.60
371.03	2619.35
371.24	3552.82
371.46	3025.67
371.67	2752.06
371.88	2597.23
372.10	2841.76
372.31	2861.42
372.53	2438.31
372.74	2663.59
372.95	2933.10
373.17	2907.71
373.38	2886.41
373.59	2819.23
373.81	3139.95
374.02	3408.23
374.23	2564.06
374.45	3028.95
374.66	3209.58
374.88	3159.61
375.09	2596.01
375.30	2995.36
375.52	3131.34
375.73	3377.51
375.94	2575.12
376.16	2934.33
376.37	3273.06
376.58	3309.52
376.80	2862.24
377.01	2875.76
377.22	3754.75
377.44	3324.67
377.65	2840.94
377.86	2422.75
378.08	3183.36
378.29	2972.01
378.50	2773.36
378.72	2546.85
378.93	3617.12
379.14	3321.81
379.36	3078.51
379.57	2719.29
379.78	2880.26
380.00	3269.79
380.21	2445.27
380.42	2471.90
380.64	2817.60
380.85	2919.58
381.06	2822.92
381.28	2645.16
381.49	3625.31
381.70	3051.88
381.92	2602.97
382.13	2753.70
382.34	3622.45
382.56	3478.68
382.77	2704.14
382.98	2730.35
383.19	3257.09
383.41	3237.02
383.62	2673.83
383.83	2804.90
384.05	3181.72
384.26	3250.95
384.47	2852.41
384.69	2709.87
384.90	3182.13
385.11	3484.82
385.33	2705.37
385.54	2870.02
385.75	3035.50
385.96	3374.23
386.18	3223.09
386.39	2819.23
386.60	3026.08
386.82	3507.35
387.03	2791.79
387.24	2799.98
387.45	3050.24
387.67	3042.46
387.88	2896.24
388.09	2882.72
388.31	3125.20
388.52	3185.82
388.73	3214.90
388.94	2762.30
389.16	3468.44
389.37	3067.45
389.58	2878.62
389.80	2779.50
390.01	3103.08
390.22	3418.06
390.43	2987.17
390.65	3044.51
390.86	3182.54
391.07	3465.57
391.29	2891.32
391.50	2593.55
391.71	3503.66
391.92	3470.49
392.14	2981.43
392.35	3108.82
392.56	3213.67
392.77	3473.35
392.99	3016.66
393.20	2811.86
393.41	3264.87
393.62	3318.94
393.84	2864.70
394.05	3026.08
394.26	3485.23
394.47	3744.10
394.69	3274.70
394.90	3385.29
395.11	3493.83
395.32	3439.36
395.54	3098.17
395.75	3022.80
395.96	3415.60
396.17	4036.55
396.39	3585.17
396.60	3166.98
396.81	3750.65
397.02	3726.07
397.24	3554.45
397.45	3728.53
397.66	3721.16
397.87	4122.97
398.09	3592.14
398.30	3479.50
398.51	4133.62
398.72	3933.74
398.94	3657.26
399.15	4210.62
399.36	4294.18
399.57	4460.07
399.79	4065.22
400.00	4342.51
400.21	4189.32
400.42	4575.16
400.63	4188.51
400.85	4503.48
401.06	4710.33
401.27	4914.72
401.48	5107.22
401.70	4648.89
401.91	5539.76
402.12	5408.69
402.33	5077.32
402.54	4886.45
402.76	5561.46
402.97	5926.82
403.18	5323.90
403.39	5413.60
403.60	6019.80
403.82	6055.02
404.03	5493.47
404.24	5997.27
404.45	6654.26
404.66	7133.08
404.88	6238.11
405.09	7043.37
405.30	7364.91
405.51	7470.17
405.73	7138.81
405.94	7221.96
406.15	7857.65
406.36	8168.12
406.57	7948.58
406.78	8114.05
407.00	8911.94
407.21	9451.38
407.42	8859.10
407.63	9559.92
407.84	10035.87
408.06	10318.90
408.27	10183.32
408.48	10683.43
408.69	11296.60
408.90	11648.44
409.12	11151.19
409.33	11747.15
409.54	12467.62
409.75	13091.44
409.96	13067.27
410.17	13750.47
410.39	14411.15
410.60	15281.94
410.81	15258.60
411.02	15641.98
411.23	18205.21
411.44	16511.95
411.66	17064.90
411.87	18241.26
412.08	18786.43
412.29	18709.42
412.50	20010.70
412.71	19878.81
412.93	21483.19
413.14	21497.53
413.35	22573.12
413.56	23204.31
413.77	24255.73
413.98	24494.94
414.20	25060.17
414.41	26158.70
414.62	26668.24
414.83	27457.53
415.04	28501.99
415.25	29010.30
415.46	30774.01
415.68	30481.56
415.89	31360.55
416.10	32511.50
416.31	34242.04
416.52	35108.33
416.73	35606.39
416.94	36276.49
417.16	37715.39
417.37	38557.11
417.58	38915.91
417.79	38593.97
418.00	41237.08
418.21	41683.95
418.42	42696.87
418.64	43417.76
418.85	43586.10
419.06	45461.22
419.27	45182.29
419.48	46329.97
419.69	47573.90
419.90	48550.79
420.11	48856.75
420.33	48686.36
420.54	49209.41
420.75	50692.55
420.96	51416.71
421.17	50921.51
421.38	51987.69
421.59	52157.26
421.80	51340.94
422.02	51703.43
422.23	52008.17
422.44	52545.55
422.65	51261.07
422.86	52424.31
423.07	52278.91
423.28	52336.66
423.49	52040.52
423.70	52320.28
423.92	51515.43
424.13	50232.17
424.34	50489.39
424.55	49782.43
424.76	50904.31
424.97	49376.12
425.18	47921.24
425.39	48245.64
425.60	47777.88
425.81	47185.20
426.03	46473.74
426.24	45340.39
426.45	45691.82
426.66	44202.54
426.87	42792.72
427.08	43133.50
427.29	42895.12
427.50	41783.07
427.71	40543.64
427.92	40900.80
428.13	38664.83
428.34	38830.31
428.56	37130.49
428.77	36570.17
428.98	36809.37
429.19	35012.89
429.40	33509.27
429.61	33728.41
429.82	33268.43
430.03	32064.23
430.24	30815.79
430.45	30695.37
430.66	30129.31
430.87	29525.57
431.08	28900.53
431.30	28340.20
431.51	27501.35
431.72	27745.06
431.93	27273.62
432.14	25489.43
432.35	26116.11
432.56	25896.56
432.77	24809.91
432.98	23866.62
433.19	24047.66
433.40	23547.95
433.61	22598.52
433.82	22416.25
434.03	22091.85
434.24	21903.03
434.45	21721.58
434.66	21576.58
434.87	20992.09
435.09	20469.86
435.30	20206.90
435.51	20292.91
435.72	19807.54
435.93	19395.90
436.14	18892.51
436.35	18512.41
436.56	18231.43
436.77	18663.14
436.98	17247.99
437.19	17886.55
437.40	17601.88
437.61	17394.22
437.82	16525.47
438.03	16120.79
438.24	16528.75
438.45	15876.26
438.66	14952.63
438.87	14874.40
439.08	14920.27
439.29	14719.16
439.50	14212.49
439.71	14316.94
439.92	13540.76
440.13	13487.51
440.34	13450.65
440.55	13059.49
440.76	12944.80
440.97	13048.43
441.18	12161.25
441.39	11904.02
441.60	11929.42
441.81	11583.72
442.02	11213.45
442.23	10943.53
442.44	11101.63
442.65	10595.78
442.86	10574.89
443.07	10276.30
443.28	10190.69
443.49	10176.77
443.70	9848.27
443.91	9135.99
444.12	9392.80
444.33	9309.66
444.54	9004.10
444.75	8881.63
444.96	9145.82
445.17	8923.00
445.38	8686.25
445.59	8244.30
445.80	8322.54
446.01	7967.83
446.22	8369.64
446.43	7594.28
446.64	7509.90
446.85	7754.02
447.06	7491.47
447.27	7457.47
447.48	7689.71
447.69	7262.92
447.90	7084.33
448.11	6620.67
448.32	7026.17
448.53	7005.69
448.74	6786.56
448.95	6567.43
449.16	6458.47
449.37	6541.62
449.58	6157.01
449.79	6088.20
450.00	6092.71
450.21	6080.42
450.42	6015.70
450.63	5792.07
450.84	5894.46
451.05	5741.69
451.26	5842.85
451.47	5663.45
451.68	5886.27
451.89	5701.14
452.10	5520.50
452.30	5717.11
452.51	5536.48
452.72	5222.32
452.93	5228.05
453.14	5319.39
453.35	5338.64
453.56	5473.40
453.77	5075.69
453.98	4908.57
454.19	5343.15
454.40	4979.84
454.61	4887.27
454.82	4812.73
455.03	4573.93
455.24	4732.04
455.45	4748.01
455.66	4897.92
455.87	4709.10
456.07	4578.85
456.28	4489.15
456.49	4337.60
456.70	4787.33
456.91	4511.68
457.12	4203.25
457.33	4190.96
457.54	4539.53
457.75	4601.38
457.96	4557.14
458.17	4306.06
458.38	4237.25
458.59	4111.91
458.79	3978.79
459.00	3801.03
459.21	4118.06
459.42	3977.16
459.63	3912.85
459.84	3736.72
460.05	4890.14
460.26	4116.42
460.47	3918.99
460.68	3761.71
460.89	4170.48
461.09	4206.53
461.30	3943.16
461.51	3744.51
461.72	4218.41
461.93	4007.87
462.14	3687.98
462.35	3492.20
462.56	4003.37
462.77	3567.56
462.98	3907.93
463.18	3672.01
463.39	3834.21
463.60	3988.21
463.81	3642.11
464.02	4015.25
464.23	3817.82
464.44	4298.28
464.65	3554.86
464.86	3382.02
465.06	3393.07
465.27	3556.50
465.48	3294.36
465.69	3485.64
465.90	3710.10
466.11	3538.89
466.32	3287.81
466.53	3282.89
466.74	3699.86
466.94	3554.86
467.15	3420.11
467.36	3248.08
467.57	3834.21
467.78	3633.92
467.99	3431.17
468.20	3825.20
468.40	3375.87
468.61	3378.33
468.82	3340.24
469.03	3716.24
469.24	3764.99
469.45	3472.13
469.66	3444.27
469.86	3281.26
470.07	3636.37
470.28	3407.00
470.49	3150.19
470.70	3226.78
470.91	3308.70
471.12	3533.16
471.32	3219.00
471.53	3243.98
471.74	3492.20
471.95	3391.03
472.16	3207.53
472.37	3265.28
472.58	3484.82
472.78	3197.70
472.99	3196.88
473.20	3219.00
473.41	3344.74
473.62	3153.46
473.83	3609.75
474.03	3379.56
474.24	3322.21
474.45	3356.21
474.66	3096.12
474.87	3232.10
475.08	3230.88
475.28	3436.08
475.49	3476.63
475.70	3074.41
475.91	3422.16
476.12	3298.46
476.32	3077.69
476.53	3189.92
476.74	3411.92
476.95	3231.29
477.16	3062.12
477.37	3199.75
477.57	3356.21
477.78	3189.51
477.99	3068.27
478.20	3070.31
478.41	3573.30
478.61	3398.81
478.82	3360.72
479.03	3107.59
479.24	3332.86
479.45	3212.85
479.65	3111.68
479.86	3239.48
480.07	3347.61
480.28	3154.28
480.49	4093.89
480.69	3017.48
480.90	3264.87
481.11	3167.80
481.32	2807.36
481.53	3119.47
481.73	3311.16
481.94	3196.47
482.15	3041.23
482.36	3048.20
482.57	3138.31
482.77	3526.19
482.98	3265.69
483.19	3078.10
483.40	3037.96
483.60	3145.68
483.81	3133.39
484.02	3180.09
484.23	3105.13
484.44	2947.03
484.64	3036.73
484.85	2953.58
485.06	3160.83
485.27	3145.27
485.47	3140.76
485.68	3058.85
485.89	3225.96
486.10	3502.85
486.31	3373.82
486.51	3057.21
486.72	3164.11
486.93	3117.01
487.14	2965.46
487.34	2820.87
487.55	3073.18
487.76	3242.34
487.97	3130.93
488.17	2915.08
488.38	3120.29
488.59	3057.62
488.80	3227.19
489.00	3097.76
489.21	3264.46
489.42	3001.09
489.63	3210.81
489.83	3076.05
490.04	3043.69
490.25	2975.29
490.46	2987.58
490.66	3172.30
490.87	3099.81
491.08	2959.31
491.29	2864.70
491.49	2924.50
491.70	3091.20
491.91	3080.96
492.11	3076.87
492.32	3003.96
492.53	2788.10
492.74	3324.26
492.94	3300.10
493.15	3096.94
493.36	3114.55
493.57	3040.41
493.77	2985.12
493.98	3159.61
494.19	3264.46
494.39	3126.84
494.60	2763.12
494.81	2793.43
495.02	3305.01
495.22	3302.14
495.43	2789.74
495.64	2688.98
495.84	2847.09
496.05	3467.21
496.26	3077.28
496.47	3101.85
496.67	3395.94
496.88	3095.30
497.09	2997.41
497.29	2689.80
497.50	2789.33
497.71	3182.95
497.91	2716.43
498.12	3082.60
498.33	3006.83
498.54	3099.40
498.74	2927.37
498.95	2783.19
499.16	3175.99
499.36	2963.82
499.57	2778.68
499.78	2771.72
499.98	2880.67
500.19	2845.45
500.40	2813.91
500.60	3125.61
500.81	3003.96
501.02	3129.30
501.22	3411.92
501.43	2743.46
501.64	3021.16
501.85	3144.86
502.05	3578.62
502.26	2796.71
502.47	3402.09
502.67	3001.09
502.88	2924.50
503.09	3099.81
503.29	2782.37
503.50	2917.54
503.71	3305.01
503.91	2854.05
504.12	2924.09
504.33	2867.57
504.53	2935.97
504.74	2926.14
504.95	3176.81
505.15	3005.60
505.36	3136.67
505.56	2831.93
505.77	3430.76
505.98	2742.23
506.18	3182.95
506.39	2728.71
506.60	2827.84
506.80	3149.37
507.01	2919.58
507.22	2950.71
507.42	3183.77
507.63	2775.41
507.84	3046.15
508.04	2573.48
508.25	3232.92
508.45	3462.30
508.66	2876.99
508.87	2724.21
509.07	3060.07
509.28	3022.80
509.49	2797.12
509.69	3150.60
509.90	3010.51
510.11	2797.93
510.31	2821.69
510.52	2776.64
510.72	2974.88
510.93	2965.87
511.14	2710.69
511.34	2641.47
511.55	2874.12
511.76	3424.20
511.96	3325.49
512.17	2939.65
512.37	3099.81
512.58	2929.82
512.79	2727.08
512.99	2905.25
513.20	2995.36
513.40	3165.75
513.61	2965.46
513.82	2771.72
514.02	2732.81
514.23	2898.29
514.43	3286.17
514.64	2890.91
514.85	3101.85
515.05	3169.44
515.26	2922.86
515.46	3055.57
515.67	3177.63
515.88	2830.70
516.08	3323.03
516.29	2851.18
516.49	2969.15
516.70	2926.96
516.91	2839.71
517.11	2974.47
517.32	2942.11
517.52	3093.25
517.73	2826.61
517.93	3089.57
518.14	3061.30
518.35	2753.70
518.55	2643.11
518.76	3071.13
518.96	3216.13
519.17	2670.55
519.38	2944.98
519.58	3122.74
519.79	2948.26
519.99	2953.99
520.20	2873.71
520.40	2749.19
520.61	3192.78
520.82	3370.96
521.02	3158.79
521.23	3003.96
521.43	3117.83
521.64	2740.18
521.84	2799.57
522.05	2798.34
522.25	2686.12
522.46	2815.96
522.67	2842.58
522.87	3184.18
523.08	3246.03
523.28	2915.90
523.49	3281.67
523.69	2886.00
523.90	2920.40
524.10	3051.88
524.31	2827.43
524.51	3044.51
524.72	3117.01
524.93	3086.70
525.13	2833.57
525.34	2851.59
525.54	2989.62
525.75	3180.50
525.95	2605.02
526.16	3121.51
526.36	3024.03
526.57	3194.01
526.77	2494.84
526.98	3280.85
527.18	2875.35
527.39	2846.68
527.59	3203.43
527.80	2908.53
528.00	3083.01
528.21	3004.78
528.42	2913.85
528.62	2915.49
528.83	2874.94
529.03	3417.65
529.24	3052.70
529.44	2790.15
529.65	3066.63
529.85	2985.12
530.06	3300.92
530.26	2905.66
530.47	3101.03
530.67	3213.26
530.88	2717.24
531.08	2951.53
531.29	2863.88
531.49	2859.78
531.70	2951.53
531.90	2591.09
532.11	2883.54
532.31	2976.52
532.52	3016.25
532.72	2600.51
532.93	3056.80
533.13	2722.16
533.34	2732.81
533.54	3002.32
533.75	2711.51
533.95	2777.05
534.16	2803.67
534.36	2856.10
534.57	2943.34
534.77	3184.18
534.97	3055.16
535.18	2738.13
535.38	2884.77
535.59	2773.77
535.79	2813.91
536.00	2760.66
536.20	2847.91
536.41	2598.87
536.61	2870.43
536.82	2722.57
537.02	2836.03
537.23	2968.33
537.43	3036.73
537.64	2727.89
537.84	3033.86
538.05	3014.61
538.25	3079.74
538.45	2779.09
538.66	3033.04
538.86	2837.67
539.07	2678.74
539.27	2806.13
539.48	2822.10
539.68	3040.00
539.89	2823.74
540.09	3308.29
540.29	3053.11
540.50	2579.62
540.70	3016.66
540.91	2805.31
541.11	3057.21
541.32	2776.23
541.52	2900.33
541.73	2831.52
541.93	2741.00
542.13	3043.28
542.34	2722.57
542.54	2835.21
542.75	2969.55
542.95	3579.03
543.16	2824.97
543.36	2934.74
543.56	2934.33
543.77	3012.15
543.97	3046.56
544.18	2882.72
544.38	2984.30
544.59	2824.15
544.79	2739.77
544.99	3206.30
545.20	3376.69
545.40	2812.68
545.61	2842.99
545.81	3055.98
546.01	3239.07
546.22	2942.11
546.42	2897.47
546.63	2733.22
546.83	3044.92
547.04	2887.23
547.24	2967.51
547.44	2737.72
547.65	2962.18
547.85	2680.79
548.06	2711.92
548.26	2803.26
548.46	3493.43
548.67	2937.20
548.87	2924.09
549.08	2771.72
549.28	2812.27
549.48	2910.98
549.69	3147.32
549.89	2646.79
550.09	3224.32
550.30	3194.42
550.50	2612.80
550.71	2737.32
550.91	2942.11
551.11	2632.05
551.32	3181.31
551.52	2749.19
551.73	3058.03
551.93	2722.57
552.13	3128.07
552.34	3194.01
552.54	2698.40
552.74	2988.40
552.95	2799.98
553.15	2918.36
553.35	3040.00
553.56	2928.19
553.76	3082.19
553.97	2889.68
554.17	3029.36
554.37	2799.16
554.58	3042.05
554.78	2872.07
554.98	2933.10
555.19	2798.75
555.39	2907.30
555.59	2681.20
555.80	2917.95
556.00	2842.99
556.20	2970.78
556.41	2867.16
556.61	2824.97
556.82	2729.94
557.02	3038.37
557.22	2824.15
557.43	2635.33
557.63	2939.65
557.83	2853.23
558.04	3288.63
558.24	2829.47
558.44	2988.81
558.65	2707.01
558.85	2549.72
559.05	2889.27
559.26	2820.05
559.46	2676.29
559.66	2697.17
559.87	2796.30
560.07	2996.18
560.27	3284.12
560.48	3193.60
560.68	3011.33
560.88	2729.53
561.08	3043.69
561.29	3107.18
561.49	2787.70
561.69	2771.72
561.90	3251.76
562.10	2840.53
562.30	3328.36
562.51	2954.81
562.71	2914.26
562.91	3241.93
563.12	2825.79
563.32	2792.61
563.52	3028.95
563.72	2858.96
563.93	2884.77
564.13	2793.43
564.33	3250.54
564.54	2957.27
564.74	2877.40
564.94	2987.58
565.15	2782.37
565.35	2927.78
565.55	3191.14
565.75	2656.63
565.96	2899.51
566.16	2953.99
566.36	2816.78
566.57	2779.09
566.77	3318.53
566.97	2965.05
567.17	3094.07
567.38	2758.61
567.58	2897.47
567.78	2987.58
567.99	3384.47
568.19	2912.21
568.39	3079.33
568.59	3204.25
568.80	3019.93
569.00	3126.43
569.20	2999.46
569.40	2806.54
569.61	3135.03
569.81	3031.40
570.01	2875.76
570.21	2756.57
570.42	3321.81
570.62	2714.38
570.82	2722.98
571.02	2688.98
571.23	2786.47
571.43	3141.58
571.63	2786.88
571.84	2600.51
572.04	2693.08
572.24	3154.69
572.44	3026.90
572.64	2835.21
572.85	2877.40
573.05	3081.78
573.25	3280.85
573.45	2516.13
573.66	3497.93
573.86	2792.20
574.06	2883.13
574.26	3045.74
574.47	2882.72
574.67	3119.47
574.87	2652.94
575.07	2897.88
575.28	2863.88
575.48	2956.45
575.68	2992.49
575.88	2816.37
576.08	3163.29
576.29	2912.21
576.49	2991.26
576.69	3059.26
576.89	2810.63
577.10	2878.62
577.30	3152.64
577.50	2902.79
577.70	2686.53
577.90	3240.30
578.11	3125.20
578.31	2681.61
578.51	3068.27
578.71	2666.86
578.91	3016.66
579.12	3046.97
579.32	3037.55
579.52	4695.58
579.72	2868.39
579.92	2910.98
580.13	3078.51
580.33	3307.88
580.53	2982.25
580.73	2806.95
580.93	3017.07
581.14	2885.18
581.34	3111.27
581.54	2745.92
581.74	3032.63
581.94	2859.37
582.15	3209.99
582.35	2697.99
582.55	2975.70
582.75	3446.73
582.95	2880.67
583.15	3264.05
583.36	3146.09
583.56	2991.67
583.76	2805.31
583.96	3040.00
584.16	3068.27
584.37	2940.88
584.57	3024.44
584.77	2643.93
584.97	2938.43
585.17	2979.79
585.37	3031.81
585.57	3076.87
585.78	2631.23
585.98	2861.42
586.18	2844.22
586.38	2824.15
586.58	2670.96
586.78	2804.49
586.99	2803.67
587.19	2994.13
587.39	2892.96
587.59	2725.03
587.79	2861.01
587.99	2999.86
588.19	2928.60
588.40	3064.17
588.60	2718.06
588.80	3312.38
589.00	2731.17
589.20	2969.96
589.40	3251.76
589.60	2711.92
589.81	2928.19
590.01	2840.53
590.21	3334.50
590.41	2776.23
590.61	2953.99
590.81	2730.35
591.01	3238.25
591.22	2881.49
591.42	3418.06
591.62	3066.63
591.82	2936.79
592.02	3028.95
592.22	2944.16
592.42	3537.25
592.62	2981.43
592.82	2951.12
593.03	3139.13
593.23	2903.20
593.43	3119.88
593.63	2884.77
593.83	2862.65
594.03	3220.23
594.23	3103.08
594.43	2754.52
594.63	2720.93
594.84	2884.36
595.04	3230.47
595.24	2992.90
595.44	2738.54
595.64	2999.86
595.84	3106.36
596.04	3023.62
596.24	2890.09
596.44	2936.79
596.64	2718.06
596.84	2863.88
597.05	2951.12
597.25	3109.64
597.45	3091.20
597.65	2743.05
597.85	2884.77
598.05	2976.52
598.25	2772.13
598.45	2790.15
598.65	2933.92
598.85	2869.20
599.05	3339.42
599.25	2926.55
599.46	2624.27
599.66	3096.94
599.86	2818.41
600.06	3010.10
600.26	2832.75
600.46	2868.39
600.66	3129.30
600.86	3097.35
601.06	2827.84
601.26	2800.39
601.46	3145.68
601.66	2889.27
601.86	2726.26
602.06	2971.19
602.26	2750.83
602.46	2675.06
602.66	2777.86
602.87	2858.96
603.07	3047.79
603.27	2970.37
603.47	2847.09
603.67	3493.83
603.87	3278.39
604.07	2914.67
604.27	3092.43
604.47	2848.72
604.67	2723.80
604.87	2908.12
605.07	2868.79
605.27	2925.32
605.47	2766.81
605.67	2945.39
605.87	2936.79
606.07	3214.08
606.27	2824.56
606.47	2802.85
606.67	2678.33
606.87	2717.24
607.07	2943.75
607.27	2747.15
607.47	2926.14
607.67	2993.72
607.87	2765.58
608.07	3010.10
608.27	3037.55
608.47	2717.24
608.67	3205.89
608.87	2890.09
609.07	3085.06
609.27	2839.30
609.47	3006.01
609.67	2935.56
609.87	3017.89
610.07	2969.55
610.27	5373.05
610.47	2803.67
610.67	3015.84
610.87	2811.45
611.07	3376.69
611.27	2835.62
611.47	3027.72
611.67	3105.54
611.87	2854.46
612.07	2803.26
612.27	2917.54
612.47	2730.35
612.67	2910.98
612.87	2970.78
613.07	2751.65
613.27	2818.00
613.47	3008.47
613.67	2906.48
613.87	2937.61
614.07	2830.29
614.27	2775.00
614.47	2929.82
614.67	2972.83
614.87	2838.89
615.07	2867.57
615.27	2790.97
615.47	2843.40
615.67	3033.04
615.87	2679.56
616.07	2957.68
616.27	3030.99
616.47	2785.24
616.67	2765.99
616.87	2903.20
617.07	2686.12
617.27	2910.98
617.47	2842.58
617.66	2900.33
617.86	2855.28
618.06	2740.59
618.26	2722.98
618.46	2943.34
618.66	3208.76
618.86	3146.09
619.06	2901.97
619.26	2965.46
619.46	2826.20
619.66	3093.66
619.86	3020.75
620.06	2969.15
620.26	3128.48
620.46	3881.31
620.66	3467.21
620.85	3074.41
621.05	3308.29
621.25	2995.36
621.45	2822.51
621.65	3117.83
621.85	2858.15
622.05	3101.44
622.25	2814.32
622.45	2788.92
622.65	2851.18
622.85	2709.05
623.05	2964.64
623.25	2956.04
623.44	3191.96
623.64	2638.60
623.84	2876.99
624.04	2694.72
624.24	2997.82
624.44	3007.65
624.64	2926.55
624.84	2875.76
625.04	2831.11
625.24	2745.51
625.43	2864.29
625.63	3150.60
625.83	2888.05
626.03	2643.93
626.23	2929.41
626.43	2876.99
626.63	2751.65
626.83	2945.39
627.03	3078.51
627.22	2756.16
627.42	2868.79
627.62	2613.62
627.82	2901.56
628.02	2802.03
628.22	2768.85
628.42	2881.49
628.62	2577.57
628.82	2780.32
629.01	3367.27
629.21	2725.03
629.41	3148.14
629.61	3039.19
629.81	2848.31
630.01	3078.51
630.21	3231.69
630.40	3055.16
630.60	3016.25
630.80	3003.96
631.00	3091.20
631.20	3038.78
631.40	2945.39
631.60	2961.77
631.79	2762.71
631.99	3013.38
632.19	2958.09
632.39	2886.41
632.59	2998.64
632.79	2885.59
632.99	4927.41
633.18	2875.76
633.38	2874.12
633.58	2908.53
633.78	2820.05
633.98	2766.81
634.18	2834.80
634.37	3546.67
634.57	3003.96
634.77	3936.61
634.97	2864.70
635.17	3012.56
635.37	3310.75
635.56	2830.29
635.76	3160.02
635.96	2843.81
636.16	2941.29
636.36	2877.40
636.56	2758.61
636.75	2827.84
636.95	2999.86
637.15	2863.47
637.35	2886.82
637.55	3178.04
637.74	3092.43
637.94	2818.82
638.14	2970.37
638.34	2951.94
638.54	2523.92
638.73	2916.72
638.93	3021.98
639.13	2960.54
639.33	2996.59
639.53	2746.74
639.73	2788.92
639.92	2878.22
640.12	2738.54
640.32	2763.12
640.52	3055.98
640.71	2664.00
640.91	2951.94
641.11	2855.69
641.31	2835.21
641.51	2801.21
641.70	3025.67
641.90	3040.82
642.10	2883.95
642.30	3024.44
642.50	2961.77
642.69	2916.31
642.89	2760.25
643.09	2855.28
643.29	2979.79
643.48	2954.81
643.68	2969.15
643.88	3192.37
644.08	2533.34
644.28	3013.38
644.47	3046.56
644.67	2641.06
644.87	2674.24
645.07	2935.15
645.26	2765.99
645.46	2725.44
645.66	2871.25
645.86	2961.77
646.05	3188.69
646.25	2950.30
646.45	3020.75
646.65	2978.57
646.84	3023.62
647.04	2839.71
647.24	2931.87
647.44	2949.89
647.63	2860.19
647.83	3080.14
648.03	3001.50
648.23	2882.31
648.42	2924.91
648.62	2632.46
648.82	2604.61
649.02	2846.68
649.21	2878.62
649.41	3176.40
649.61	3162.88
649.80	2609.93
650.00	3307.06
650.20	2864.29
650.40	2830.70
650.59	3207.53
650.79	2761.07
650.99	3296.00
651.18	2861.83
651.38	2730.76
651.58	2924.91
651.78	3040.82
651.97	2977.75
652.17	2812.27
652.37	3114.14
652.56	2960.54
652.76	3035.91
652.96	2713.97
653.16	3101.85
653.35	3061.71
653.55	3130.53
653.75	2720.52
653.94	3147.32
654.14	2808.58
654.34	2920.81
654.54	2697.58
654.73	3196.88
654.93	2847.50
655.13	3134.62
655.32	2958.50
655.52	2913.03
655.72	2941.70
655.91	2795.89
656.11	2624.27
656.31	3001.09
656.50	2978.98
656.70	2827.43
656.90	2666.05
657.09	3094.89
657.29	2891.32
657.49	2784.01
657.68	2544.40
657.88	2890.09
658.08	2824.56
658.27	3210.81
658.47	2940.06
658.67	3003.14
658.86	2856.10
659.06	2922.45
659.26	2786.06
659.45	2836.03
659.65	2841.35
659.85	2975.70
660.04	2916.72
660.24	2754.93
660.44	2841.76
660.63	2905.66
660.83	3057.21
661.03	3105.54
661.22	2797.53
661.42	3035.91
661.62	2856.92
661.81	3050.65
662.01	2680.79
662.21	2621.40
662.40	2709.05
662.60	3322.21
662.79	2615.67
662.99	3112.50
663.19	2818.00
663.38	3056.80
663.58	2929.82
663.78	3067.45
663.97	2824.15
664.17	3051.06
664.36	2799.57
664.56	3049.43
664.76	2604.20
664.95	2925.32
665.15	2980.20
665.35	2896.24
665.54	3233.74
665.74	3085.47
665.93	3285.76
666.13	2839.71
666.33	2828.65
666.52	2867.57
666.72	3007.65
666.91	2686.12
667.11	2715.20
667.31	2941.70
667.50	2799.16
667.70	3047.79
667.89	2961.77
668.09	3191.96
668.29	2901.97
668.48	2832.75
668.68	3543.40
668.87	2846.68
669.07	2641.47
669.27	3046.56
669.46	2569.79
669.66	2795.89
669.85	2574.71
670.05	3060.89
670.25	2805.72
670.44	2786.06
670.64	2964.23
670.83	3172.30
671.03	2938.84
671.22	2960.13
671.42	2933.10
671.62	2660.31
671.81	2767.22
672.01	3049.43
672.20	2788.51
672.40	2971.19
672.59	3193.19
672.79	3092.43
672.99	2691.44
673.18	3060.07
673.38	3010.92
673.57	3166.57
673.77	3005.60
673.96	2761.89
674.16	2842.58
674.36	3145.68
674.55	2904.43
674.75	3034.68
674.94	2760.66
675.14	3049.02
675.33	3002.73
675.53	2954.40
675.72	2739.77
675.92	3374.23
676.11	3027.72
676.31	2801.21
676.50	2800.80
676.70	3117.83
676.90	2828.65
677.09	2961.77
677.29	2849.13
677.48	2938.02
677.68	2940.06
677.87	2752.06
678.07	2799.16
678.26	3038.37
678.46	2899.92
678.65	2852.82
678.85	2818.00
679.04	3077.69
679.24	2701.27
679.43	2713.97
679.63	2541.12
679.82	3314.02
680.02	3411.51
680.21	2931.87
680.41	2546.03
680.60	3089.16
680.80	3363.17
680.99	3010.51
681.19	3027.31
681.38	3086.70
681.58	2819.23
681.77	3288.22
681.97	2757.39
682.16	3181.72
682.36	3171.07
682.55	2932.69
682.75	2670.55
682.94	3065.81
683.14	2968.74
683.33	2503.44
683.53	3171.07
683.72	3144.86
683.92	2917.13
684.11	3149.78
684.31	2787.70
684.50	2833.57
684.70	2811.04
684.89	2801.21
685.09	2527.19
685.28	2815.96
685.48	2777.86
685.67	2780.73
685.87	2710.28
686.06	3007.65
686.26	3035.09
686.45	2745.92
686.64	2650.89
686.84	2783.19
687.03	3014.61
687.23	2817.60
687.42	2905.66
687.62	2856.51
687.81	3068.68
688.01	2893.37
688.20	2912.21
688.40	3266.92
688.59	3054.34
688.78	3047.38
688.98	3003.14
689.17	3207.53
689.37	2855.69
689.56	2867.16
689.76	2997.00
689.95	3179.27
690.15	2775.41
690.34	3179.68
690.53	2783.60
690.73	2824.56
690.92	2717.65
691.12	2861.42
691.31	3030.99
691.51	3148.96
691.70	3100.62
691.89	2734.86
692.09	2633.28
692.28	3014.20
692.48	2944.98
692.67	3084.24
692.87	2820.46
693.06	2844.63
693.25	2806.95
693.45	2822.10
693.64	2946.62
693.84	3103.49
694.03	2873.30
694.22	2783.19
694.42	2702.09
694.61	2831.52
694.81	4467.03
695.00	2839.30
695.19	2770.08
695.39	3130.12
695.58	3022.39
695.78	2871.25
695.97	2746.33
696.16	3359.49
696.36	3162.06
696.55	2877.81
696.75	2644.34
696.94	2717.65
697.13	3329.59
697.33	2742.23
697.52	2908.93
697.71	2928.60
697.91	3098.17
698.10	3446.32
698.30	2734.04
698.49	3120.69
698.68	2688.57
698.88	2744.28
699.07	2800.39
699.26	3529.06
699.46	2905.66
699.65	3049.84
699.85	2895.01
700.04	2809.81
700.23	2630.41
700.43	2944.98
700.62	2757.39
700.81	2981.84
701.01	2763.94
701.20	2906.07
701.39	2832.75
701.59	2910.98
701.78	2804.90
701.98	2747.55
702.17	2719.29
702.36	2997.82
702.56	3063.35
702.75	2826.61
702.94	2925.73
703.14	4576.80
703.33	2934.33
703.52	6548.58
703.72	2675.06
703.91	3053.52
704.10	2746.33
704.30	2743.46
704.49	2633.28
704.68	2883.95
704.88	3321.40
705.07	3185.82
705.26	2829.88
705.46	2799.16
705.65	2845.45
705.84	2677.92
706.03	2788.51
706.23	2890.91
706.42	2835.21
706.61	2849.13
706.81	3134.62
707.00	3117.42
707.19	2827.84
707.39	3056.80
707.58	2604.61
707.77	2820.46
707.97	3298.87
708.16	2877.40
708.35	2948.26
708.55	2827.43
708.74	2855.69
708.93	3278.39
709.12	2906.89
709.32	3003.96
709.51	3122.33
709.70	3058.85
709.90	2938.84
710.09	2880.26
710.28	2959.31
710.47	2673.83
710.67	2794.66
710.86	3269.38
711.05	2677.92
711.25	2754.93
711.44	2536.61
711.63	3017.07
711.82	3097.35
712.02	3507.35
712.21	2769.67
712.40	2966.28
712.59	3170.26
712.79	3181.31
712.98	2754.11
713.17	3169.85
713.37	2895.42
713.56	2675.47
713.75	2654.17
713.94	3006.01
714.14	2802.85
714.33	3042.46
714.52	2687.34
714.71	2879.03
714.91	2901.15
715.10	3061.71
715.29	2679.97
715.48	2815.14
715.68	3141.17
715.87	2723.39
716.06	2912.62
716.25	2968.74
716.45	2984.30
716.64	2892.55
716.83	2924.50
717.02	3311.98
717.21	3012.97
717.41	3355.39
717.60	3130.53
717.79	2764.76
717.98	2817.60
718.18	2878.62
718.37	2691.03
718.56	3460.25
718.75	3232.51
718.94	2896.65
719.14	2636.96
719.33	3041.64
719.52	2988.81
719.71	2781.55
719.91	2652.94
720.10	3382.83
720.29	2956.45
720.48	2784.42
720.67	2924.50
720.87	3437.72
721.06	2672.19
721.25	3062.53
721.44	2606.65
721.63	3085.47
721.83	3195.24
722.02	2597.23
722.21	2803.67
722.40	2930.23
722.59	3040.82
722.79	2886.82
722.98	2938.02
723.17	2711.10
723.36	2785.24
723.55	2611.16
723.74	2558.73
723.94	3002.73
724.13	2774.59
724.32	2750.01
724.51	2820.46
724.70	2974.06
724.90	2834.39
725.09	3128.89
725.28	2947.44
725.47	2923.27
725.66	2980.61
725.85	2810.22
726.05	2970.37
726.24	2933.92
726.43	2921.63
726.62	3056.39
726.81	2680.38
727.00	2793.02
727.20	3094.07
727.39	2906.07
727.58	2689.39
727.77	2768.03
727.96	2793.84
728.15	3159.61
728.34	2882.31
728.54	2917.95
728.73	3070.72
728.92	2843.81
729.11	2814.73
729.30	2819.64
729.49	3103.08
729.68	2976.93
729.88	2810.22
730.07	2555.86
730.26	2672.19
730.45	3248.90
730.64	3357.44
730.83	2717.65
731.02	2399.81
731.21	3076.05
731.41	2999.86
731.60	2437.90
731.79	2789.74
731.98	3278.39
732.17	3139.95
732.36	2448.96
732.55	2475.18
732.74	3330.00
732.93	3076.46
733.13	2661.54
733.32	2655.81
733.51	2934.33
733.70	3462.71
733.89	2748.37
734.08	2748.37
734.27	2829.06
734.46	3200.98
734.65	2582.08
734.85	2722.16
735.04	2944.57
735.23	3284.94
735.42	2726.67
735.61	2232.70
735.80	2972.01
735.99	3243.98
736.18	3384.88
736.37	2385.88
736.56	3198.93
736.75	2856.92
736.94	2608.29
737.14	2441.59
737.33	2970.37
737.52	2826.61
737.71	2716.43
737.90	2719.70
738.09	3167.39
738.28	2990.03
738.47	2844.63
738.66	2807.77
738.85	3181.31
739.04	2927.37
739.23	2861.01
739.42	2312.98
739.61	3023.62
739.80	2849.13
740.00	2606.65
740.19	2556.27
740.38	2884.36
740.57	2818.82
740.76	2517.36
740.95	2605.43
741.14	3289.86
741.33	3470.08
741.52	2708.64
741.71	2481.73
741.90	3175.58
742.09	3254.22
742.28	2536.20
742.47	2344.92
742.66	2945.39
742.85	2746.74
743.04	2445.68
743.23	2744.28
743.42	3037.55
743.61	2932.69
743.80	2495.65
743.99	2360.49
744.18	3090.79
744.37	2947.85
744.56	2559.55
744.75	2374.41
744.94	3177.63
745.13	3052.29
745.32	2246.21
745.51	2540.30
745.71	3074.41
745.90	2896.24
746.09	2619.35
746.28	2583.72
746.47	3018.71
746.66	3132.98
746.85	2749.19
747.04	2531.70
747.23	2951.53
747.42	3299.28
747.61	2343.70
747.80	2863.06
747.99	3026.90
748.18	2772.13
748.36	2393.26
748.55	2944.98
748.74	3341.88
748.93	3148.14
749.12	2510.40
749.31	2611.98
749.50	2911.80
749.69	3142.40
749.88	2502.62
750.07	2385.88
750.26	3290.27
750.45	2805.31
750.64	2263.42
750.83	2446.09
751.02	2981.02
751.21	3086.29
751.40	2656.63
751.59	2693.49
751.78	3193.19
751.97	3085.06
752.16	2815.55
752.35	2717.65
752.54	3092.84
752.73	3073.18
752.92	2494.43
753.11	2858.96
753.30	2821.69
753.49	2658.26
753.68	2692.67
753.87	2598.87
754.05	3158.38
754.24	2889.68
754.43	2813.50
754.62	2421.11
754.81	3642.52
755.00	3230.47
755.19	2546.85
755.38	2835.21
755.57	3120.69
755.76	3206.71
755.95	2788.51
756.14	2378.92
756.33	3169.03
756.52	2963.41
756.70	2630.00
756.89	2664.82
757.08	3227.60
757.27	3089.98
757.46	2614.44
757.65	2409.64
757.84	3188.28
758.03	2778.27
758.22	2534.57
758.41	2566.51
758.60	2794.25
758.79	2963.00
758.97	2779.91
759.16	2882.72
759.35	3048.20
759.54	2986.35
759.73	2483.78
759.92	2492.79
760.11	2767.62
760.30	2961.77
760.49	2552.59
760.67	2495.25
760.86	3146.09
761.05	3409.05
761.24	2517.77
761.43	2287.58
761.62	3048.61
761.81	3035.50
762.00	2632.05
762.19	2446.09
762.37	3172.30
762.56	3285.76
762.75	2278.98
762.94	2621.81
763.13	2766.81
763.32	2987.99
763.51	2333.05
763.70	2384.65
763.88	3324.26
764.07	3022.80
764.26	2532.93
764.45	2335.91
764.64	3113.32
764.83	3309.11
765.02	2620.99
765.20	2632.05
765.39	3112.09
765.58	3360.72
765.77	2791.79
765.96	3098.58
766.15	2961.77
766.33	2971.19
766.52	2730.35
766.71	2502.62
766.90	3398.81
767.09	2934.74
767.28	2279.80
767.46	2540.71
767.65	2885.59
767.84	3113.73
768.03	2504.67
768.22	2381.38
768.41	2700.04
768.59	2931.87
768.78	2474.77
768.97	2591.50
769.16	3300.92
769.35	2836.03
769.54	2566.51
769.72	2525.56
769.91	2971.60
770.10	3418.47
770.29	2411.69
770.48	2695.95
770.66	3070.72
770.85	3049.02
771.04	2684.89
771.23	2402.27
771.42	3280.44
771.60	3214.08
771.79	2571.43
771.98	2566.51
772.17	3139.95
772.36	3247.67
772.54	2411.69
772.73	2587.81
772.92	3204.66
773.11	2792.61
773.30	2625.91
773.48	2376.87
773.67	2987.58
773.86	2926.55
774.05	2487.87
774.23	2768.85
774.42	3147.73
774.61	3263.64
774.80	2544.81
774.99	2380.15
775.17	3080.55
775.36	2998.64
775.55	2562.83
775.74	2627.13
775.92	3144.04
776.11	2905.66
776.30	2912.21
776.49	2409.64
776.67	2928.19
776.86	2687.75
777.05	2473.13
777.24	2325.26
777.42	3004.78
777.61	2801.62
777.80	2829.47
777.99	2472.31
778.17	2932.28
778.36	2938.43
778.55	2467.39
778.74	2694.72
778.92	2929.00
779.11	3235.79
779.30	2615.67
779.49	2514.50
779.67	3095.30
779.86	2956.86
780.05	2380.56
780.24	2316.25
780.42	3078.10
780.61	2976.11
780.80	2633.69
780.98	2345.74
781.17	2927.37
781.36	2865.11
781.55	2754.52
781.73	2414.96
781.92	3085.47
782.11	3009.29
782.29	2498.11
782.48	2534.16
782.67	3292.31
782.86	3163.29
783.04	2514.50
783.23	2598.46
783.42	3110.86
783.60	3175.58
783.79	2532.52
783.98	2456.74
784.16	3124.79
784.35	3047.38
784.54	2685.30
784.73	2440.36
784.91	3040.82
785.10	2813.50
785.29	2563.24
785.47	2768.85
785.66	3166.57
785.85	2824.15
786.03	2502.62
786.22	2369.91
786.41	3179.68
786.59	3072.77
786.78	2337.14
786.97	2463.30
787.15	3140.76
787.34	2976.11
787.53	2514.09
787.71	2559.14
787.90	2979.79
788.09	3002.73
788.27	2820.87
788.46	2556.68
788.65	3071.13
788.83	2998.23
789.02	2331.82
789.21	2378.51
789.39	2777.46
789.58	3160.02
789.77	2457.56
789.95	2371.96
790.14	3306.65
790.33	2906.48
790.51	2280.62
790.70	2815.55
790.88	2962.59
791.07	2960.95
791.26	3020.75
791.44	2485.01
791.63	2906.48
791.82	3119.88
792.00	2388.75
792.19	2621.40
792.38	3340.24
792.56	2969.15
792.75	2657.44
792.93	2817.19
793.12	3140.36
793.31	2991.26
793.49	2736.09
793.68	2475.58
793.86	2872.89
794.05	3314.84
794.24	2556.68
794.42	2616.08
794.61	3026.08
794.80	2896.65
794.98	2855.69
795.17	2651.30
795.35	3236.61
795.54	3030.99
795.73	2637.78
795.91	3186.23
796.10	3180.91
796.28	3184.59
796.47	2372.78
796.66	2409.64
796.84	3490.15
797.03	2939.24
797.21	2320.76
797.40	2616.08
797.58	3273.06
797.77	2934.33
797.96	2806.95
798.14	3064.17
798.33	3313.20
798.51	3155.10
798.70	2357.21
798.88	2641.88
799.07	2958.50
799.26	3017.07
799.44	2623.86
799.63	2590.68
799.81	2824.56
800.00	2974.47
800.18	2882.31
800.37	2660.72
800.56	2859.37
800.74	2956.04
800.93	2558.32
801.11	2618.12
801.30	3114.14
801.48	2992.90
801.67	2685.71
801.85	2685.71
802.04	3126.43
802.22	2907.30
802.41	2640.65
802.60	2797.53
802.78	3169.85
802.97	2815.14
803.15	2648.84
803.34	2633.28
803.52	3058.85
803.71	3151.00
803.89	2351.89
804.08	2963.00
804.26	3270.61
804.45	2941.70
804.63	2694.72
804.82	2640.24
805.00	3001.09
805.19	3390.21
805.37	2497.29
805.56	2548.49
805.74	3431.58
805.93	2908.12
806.11	2754.11
806.30	2465.75
806.48	2925.32
806.67	3110.86
806.85	2693.08
807.04	2562.01
807.22	2927.78
807.41	2987.58
807.59	2961.77
807.78	2514.91
807.96	3293.13
808.15	2960.54
808.33	2858.15
808.52	2904.02
808.70	3256.27
808.89	3126.02
809.07	3200.57
809.26	2627.54
809.44	2976.93
809.63	3223.09
809.81	2980.61
810.00	2734.04
810.18	3085.06
810.37	3023.62
810.55	2837.26
810.74	2749.60
810.92	3332.45
811.11	3313.61
811.29	2287.99
811.48	2558.32
811.66	2889.68
811.84	2848.31
812.03	2760.25
812.21	2805.72
812.40	2946.21
812.58	2744.69
812.77	2856.51
812.95	2593.96
813.14	2989.22
813.32	2842.99
813.51	2616.48
813.69	2612.39
813.87	2824.97
814.06	3026.49
814.24	2708.23
814.43	2375.64
814.61	3084.65
814.80	3132.98
814.98	2487.46
815.16	2615.26
815.35	3248.90
815.53	3116.19
815.72	2646.79
815.90	2555.05
816.09	2965.87
816.27	3041.64
816.45	2738.13
816.64	2620.17
816.82	3395.53
817.01	2820.87
817.19	2524.33
817.37	2759.43
817.56	3216.54
817.74	2762.30
817.93	2868.79
818.11	2646.79
818.30	2952.76
818.48	2738.54
818.66	2713.97
818.85	2599.28
819.03	2968.33
819.21	2934.33
819.40	2853.23
819.58	3176.40
819.77	3045.74
819.95	3017.48
820.13	3042.87
820.32	2376.05
820.50	3314.43
820.69	3290.27
820.87	2615.26
821.05	2534.98
821.24	3053.52
821.42	3118.65
821.60	2614.03
821.79	2876.99
821.97	3083.83
822.16	3369.73
822.34	2580.44
822.52	2750.83
822.71	3323.85
822.89	3132.57
823.07	2820.05
823.26	2549.31
823.44	2895.83
823.62	2838.89
823.81	2752.06
823.99	2404.72
824.18	3102.26
824.36	2893.78
824.54	2808.17
824.73	2808.99
824.91	3383.65
825.09	3126.02
825.28	2956.04
825.46	2964.64
825.64	3241.12
825.83	2990.85
826.01	2784.42
826.19	2634.51
826.38	2942.93
826.56	3034.68
826.74	2565.29
826.93	2694.72
827.11	2989.62
827.29	3052.70
827.48	2692.67
827.66	2673.42
827.84	3046.97
828.03	2915.08
828.21	2436.67
828.39	2398.17
828.57	3286.58
828.76	3195.65
828.94	2568.15
829.12	3012.56
829.31	3027.72
829.49	2935.15
829.67	2508.76
829.86	2616.08
830.04	2888.86
830.22	3073.18
830.40	2560.37
830.59	2697.17
830.77	3106.36
830.95	3137.08
831.14	2983.48
831.32	2500.16
831.50	2925.32
831.69	2972.42
831.87	2942.93
832.05	2708.64
832.23	3030.58
832.42	3232.92
832.60	2585.77
832.78	2545.22
832.96	4428.94
833.15	3182.13
833.33	2607.88
833.51	3004.78
833.70	3139.95
833.88	3028.54
834.06	2793.02
834.24	2619.76
834.43	3380.38
834.61	2974.88
834.79	2875.76
834.97	3109.64
835.16	3228.01
835.34	2917.13
835.52	2947.85
835.70	2555.05
835.89	3000.27
836.07	3292.31
836.25	2872.89
836.43	2506.30
836.62	2971.19
836.80	3242.34
836.98	2610.75
837.16	2591.91
837.34	2944.57
837.53	3237.02
837.71	2692.67
837.89	3044.51
838.07	3142.40
838.26	3180.09
838.44	2724.62
838.62	3295.18
838.80	3075.23
838.99	3112.91
839.17	2554.23
839.35	2801.62
839.53	3139.13
839.71	3257.50
839.90	2500.57
840.08	2768.03
840.26	3168.21
840.44	3149.37
840.62	2937.20
840.81	2439.13
840.99	3545.44
841.17	3008.88
841.35	2826.20
841.53	2599.28
841.72	3255.45
841.90	3069.09
842.08	2598.46
842.26	2548.08
842.44	3052.70
842.63	3366.45
842.81	2961.77
842.99	2791.79
843.17	3122.74
843.35	3074.82
843.53	3006.83
843.72	2732.40
843.90	3181.31
844.08	2946.21
844.26	2668.50
844.44	2753.70
844.62	3345.15
844.81	3232.92
844.99	3025.67
845.17	2643.11
845.35	3099.40
845.53	3015.02
845.71	4806.99
845.90	2704.96
846.08	3064.58
846.26	2954.40
846.44	2458.79
846.62	2695.13
846.80	2991.26
846.98	2870.02
847.17	3860.01
847.35	3136.67
847.53	3146.09
847.71	3074.00
847.89	3153.46
848.07	2556.68
848.25	2962.18
848.44	2867.16
848.62	2938.02
848.80	2660.72
848.98	2833.16
849.16	3086.70
849.34	2960.13
849.52	2691.85
849.70	3100.22
849.89	3162.06
850.07	2788.92
850.25	2917.95
850.43	3035.91
850.61	3203.43
850.79	2566.51
850.97	2701.27
851.15	3215.72
851.33	3012.56
851.52	2649.66
851.70	3118.24
851.88	3238.25
852.06	2947.85
852.24	2607.06
852.42	2975.29
852.60	3318.12
852.78	3409.05
852.96	2774.18
853.14	2827.02
853.33	3383.65
853.51	3098.58
853.69	2953.17
853.87	2874.94
854.05	3019.53
854.23	2780.73
854.41	2659.49
854.59	2768.85
854.77	3191.55
854.95	3070.31
855.13	2697.17
855.31	2878.62
855.49	2963.00
855.68	2931.05
855.86	2709.87
856.04	3103.08
856.22	2854.05
856.40	2993.72
856.58	2649.66
856.76	2854.46
856.94	2882.31
857.12	3057.62
857.30	2455.92
857.48	2697.99
857.66	3079.74
857.84	3612.21
858.02	2729.94
858.20	3007.24
858.38	2933.10
858.56	3027.31
858.74	2509.17
858.92	2625.50
859.10	3046.15
859.29	3100.62
859.47	2593.55
859.65	3037.14
859.83	3049.02
860.01	2999.46
860.19	2666.05
860.37	2781.14
860.55	3204.25
860.73	2979.79
860.91	2610.75
861.09	3114.55
861.27	3057.21
861.45	3165.75
861.63	2641.47
861.81	3020.75
861.99	2998.64
862.17	2916.31
862.35	2549.72
862.53	2645.57
862.71	3344.33
862.89	2986.35
863.07	2654.58
863.25	2956.04
863.43	3137.90
863.61	3279.21
863.79	3001.50
863.97	2981.84
864.15	3109.64
864.33	2895.42
864.51	2694.31
864.69	2557.50
864.87	3153.46
865.05	2963.00
865.23	2756.98
865.41	2772.54
865.59	3277.16
865.77	3039.60
865.95	2845.86
866.13	2514.09
866.30	3015.84
866.48	2863.47
866.66	2784.01
866.84	2798.34
867.02	3003.55
867.20	2874.94
867.38	2667.68
867.56	2765.58
867.74	3301.74
867.92	3042.46
868.10	2755.34
868.28	2582.49
868.46	3110.05
868.64	3264.46
868.82	2705.37
869.00	2655.40
869.18	2908.12
869.36	3304.19
869.54	3037.96
869.72	3009.69
869.89	3025.26
870.07	2947.85
870.25	2691.85
870.43	2859.37
870.61	2869.61
870.79	3033.86
870.97	2675.88
871.15	2874.94
871.33	3545.85
871.51	2978.57
871.69	2908.12
871.87	2781.55
872.05	3221.05
872.22	3239.48
872.40	2584.54
872.58	2883.95
872.76	3203.02
872.94	3185.41
873.12	2810.22
873.30	2486.23
873.48	3133.39
873.66	3111.27
873.84	2870.02
874.01	2731.58
874.19	2994.54
874.37	2949.89
874.55	2576.75
874.73	2707.01
874.91	3373.41
875.09	2886.41
875.27	2599.28
875.45	2744.69
875.62	3116.19
875.80	2963.00
875.98	2653.76
876.16	2910.98
876.34	3219.82
876.52	2778.27
876.70	3164.11
876.88	2632.05
877.05	3220.23
877.23	3200.57
877.41	2748.37
877.59	3259.96
877.77	3176.40
877.95	2821.69
878.13	2596.41
878.30	2624.27
878.48	3058.85
878.66	3142.81
878.84	2953.58
879.02	2679.15
879.20	3110.45
879.37	3149.78
879.55	2887.64
879.73	2919.58
879.91	3090.79
880.09	3077.28
880.27	3253.81
880.45	2695.54
880.62	2988.81
880.80	2919.17
880.98	2812.27
881.16	2805.72
881.34	2990.44
881.51	2900.33
881.69	2761.07
881.87	2658.67
882.05	3066.63
882.23	2808.99
882.41	2624.68
882.58	2787.29
882.76	3051.47
882.94	2900.74
883.12	3016.66
883.30	2880.67
883.47	3273.47
883.65	3068.68
883.83	2947.44
884.01	2708.23
884.19	2994.95
884.36	2965.46
884.54	2456.33
884.72	2956.04
884.90	2959.72
885.08	3171.89
885.25	3661.77
885.43	2693.90
885.61	2923.68
885.79	3022.80
885.97	3003.96
886.14	2933.10
886.32	2977.34
886.50	3384.88
886.68	2707.01
886.85	2701.68
887.03	3263.64
887.21	3111.68
887.39	2859.37
887.56	3086.29
887.74	3002.73
887.92	3025.67
888.10	2830.29
888.27	2886.82
888.45	3273.06
888.63	3285.76
888.81	2753.29
888.99	2749.19
889.16	2938.43
889.34	2952.76
889.52	2545.63
889.69	2777.86
889.87	3290.27
890.05	3010.10
890.23	2853.23
890.40	2655.40
890.58	3023.21
890.76	3101.03
890.94	2764.76
891.11	2778.27
891.29	3036.73
891.47	2924.50
891.65	3033.86
891.82	3042.05
892.00	2793.84
892.18	3124.38
892.35	2842.58
892.53	2811.86
892.71	3320.99
892.89	3244.80
893.06	2845.86
893.24	2796.30
893.42	2776.64
893.59	2931.05
893.77	2647.20
893.95	2748.78
894.13	2731.58
894.30	3258.32
894.48	2735.68
894.66	3330.82
894.83	2903.20
895.01	3107.59
895.19	2998.23
895.36	2814.32
895.54	3291.50
895.72	3152.23
895.89	2680.79
896.07	2725.03
896.25	3163.29
896.43	2922.04
896.60	3085.88
896.78	2906.89
896.96	3262.41
897.13	3147.73
897.31	2708.64
897.49	2861.01
897.66	3305.01
897.84	3022.80
898.02	2994.13
898.19	2910.57
898.37	2911.80
898.55	3176.40
898.72	3016.66
898.90	2927.78
899.07	3048.20
899.25	3115.37
899.43	3035.91
899.60	3471.72
899.78	2919.58
899.96	2725.44
900.13	2623.45
900.31	2958.91
900.49	2973.65
900.66	3308.70
900.84	3044.10
901.02	3066.22
901.19	3167.39
901.37	2894.19
901.54	2909.34
901.72	2634.92
901.90	2974.47
902.07	3099.81
902.25	2794.25
902.43	2808.17
902.60	3279.21
902.78	2758.61
902.95	2833.57
903.13	2772.95
903.31	2947.03
903.48	3030.58
903.66	2824.97
903.83	2990.44
904.01	3128.07
904.19	2917.95
904.36	2855.28
904.54	2608.70
904.71	3181.31
904.89	2829.88
905.07	2825.38
905.24	2771.72
905.42	3102.26
905.59	3233.74
905.77	2993.72
905.95	2868.79
906.12	2870.43
906.30	3045.33
906.47	3004.37
906.65	3266.51
906.82	3309.93
907.00	3257.09
907.18	2499.75
907.35	2718.06
907.53	3176.81
907.70	3165.34
907.88	2783.19
908.05	3966.92
908.23	3157.56
908.41	3169.03
908.58	2860.19
908.76	2477.22
908.93	3311.57
909.11	3139.13
909.28	2738.95
909.46	2761.89
909.63	3201.79
909.81	3098.17
909.99	2942.11
910.16	2649.25
910.34	2900.33
910.51	3101.85
910.69	2979.38
910.86	2589.04
911.04	3094.89
911.21	2709.05
911.39	3357.44
911.56	2662.36
911.74	2994.13
911.91	3062.12
912.09	2718.88
912.26	2757.79
912.44	2759.84
912.62	2847.91
912.79	2797.53
912.97	2963.41
913.14	3299.28
913.32	3165.34
913.49	2819.23
913.67	2860.60
913.84	2667.68
914.02	2872.07
914.19	2719.29
914.37	2905.25
914.54	2906.07
914.72	2703.73
914.89	2695.54
915.07	3105.13
915.24	2892.14
915.42	2998.64
915.59	2769.67
915.77	3056.39
915.94	3373.82
916.12	3395.12
916.29	2768.44
916.46	2880.67
916.64	3085.88
916.81	3317.71
916.99	2927.37
917.16	2794.66
917.34	3344.74
917.51	3207.12
917.69	2701.68
917.86	2647.20
918.04	2973.24
918.21	3289.86
918.39	2964.64
918.56	2804.49
918.74	2818.41
918.91	3342.28
919.08	2578.80
919.26	3068.27
919.43	3120.69
919.61	3038.78
919.78	2824.97
919.96	3178.86
920.13	3298.46
920.31	3064.58
920.48	2982.25
920.65	2871.25
920.83	3282.48
921.00	3134.21
921.18	2767.62
921.35	2944.57
921.53	2965.05
921.70	2926.14
921.88	2777.46
922.05	2690.62
922.22	2837.26
922.40	2992.08
922.57	2789.33
922.75	2480.91
922.92	3036.73
923.09	3032.22
923.27	2763.94
923.44	3229.65
923.62	2867.16
923.79	3245.21
923.96	2793.02
924.14	2632.05
924.31	3239.07
924.49	3062.53
924.66	2755.34
924.83	2902.38
925.01	3000.27
925.18	3392.67
925.36	3069.91
925.53	2672.19
925.70	2938.43
925.88	2769.26
926.05	2996.18
926.23	2967.10
926.40	3126.84
926.57	3069.09
926.75	2886.00
926.92	2602.15
927.09	3087.11
927.27	2823.33
927.44	2926.55
927.62	2724.62
927.79	3277.98
927.96	2820.87
928.14	2661.54
928.31	2917.13
928.48	3360.72
928.66	2957.27
928.83	2623.04
929.00	2838.48
929.18	2976.93
929.35	3001.09
929.52	3041.64
929.70	2762.30
929.87	2893.37
930.05	2892.14
930.22	2819.23
930.39	2866.34
930.57	2896.65
930.74	3346.79
930.91	2735.68
931.09	3027.31
931.26	3033.45
931.43	3169.03
931.61	2532.11
931.78	2820.46
931.95	3019.53
932.12	3364.81
932.30	2643.11
932.47	3080.55
932.64	2813.09
932.82	2842.58
932.99	2859.78
933.16	2690.21
933.34	2942.52
933.51	3107.59
933.68	2713.15
933.86	3057.62
934.03	3022.80
934.20	2885.18
934.38	3072.36
934.55	2652.12
934.72	3472.54
934.89	3171.07
935.07	2782.78
935.24	2922.45
935.41	2981.02
935.59	3018.30
935.76	2802.85
935.93	2839.30
936.10	2932.69
936.28	3042.87
936.45	2819.64
936.62	2847.50
936.79	3271.83
936.97	2906.48
937.14	2818.82
937.31	2938.84
937.49	2836.85
937.66	3047.38
937.83	3103.90
938.00	3026.49
938.18	3292.72
938.35	3182.95
938.52	2822.10
938.69	2832.34
938.87	3022.39
939.04	2948.67
939.21	2837.67
939.38	2751.24
939.56	2958.09
939.73	2733.63
939.90	2853.64
940.07	2782.37
940.25	3002.73
940.42	3064.99
940.59	2905.25
940.76	2724.21
940.94	2845.86
941.11	2899.51
941.28	2871.66
941.45	2984.71
941.62	3091.61
941.80	2783.60
941.97	2986.76
942.14	2664.41
942.31	3320.58
942.48	2842.58
942.66	2837.67
942.83	3006.01
943.00	2621.40
943.17	3202.61
943.35	3032.22
943.52	2870.02
943.69	2771.72
943.86	2892.96
944.03	2618.53
944.21	3257.50
944.38	2994.13
944.55	2918.36
944.72	2818.82
944.89	2704.55
945.06	2954.40
945.24	2849.95
945.41	3282.48
945.58	2910.57
945.75	3054.75
945.92	2830.70
946.10	3212.44
946.27	2543.99
946.44	2925.73
946.61	2893.78
946.78	3157.15
946.95	2634.92
947.13	2798.75
947.30	2872.89
947.47	2809.40
947.64	2943.75
947.81	3137.90
947.98	2927.37
948.16	2908.53
948.33	2855.28
948.50	2869.61
948.67	2893.78
948.84	3094.48
949.01	2768.03
949.18	2999.86
949.36	3169.44
949.53	2857.74
949.70	2843.81
949.87	3059.67
950.04	2816.78
950.21	3011.74
950.38	2750.83
950.56	2917.13
950.73	2977.75
950.90	2880.67
951.07	2927.78
951.24	3043.28
951.41	2938.43
951.58	2853.64
951.75	2956.04
951.92	2864.70
952.10	2920.40
952.27	2659.49
952.44	2996.18
952.61	3648.25
952.78	2935.97
952.95	2601.33
953.12	2974.88
953.29	2983.89
953.46	2824.97
953.64	2992.90
953.81	2691.85
953.98	3110.45
954.15	2814.32
954.32	2856.51
954.49	2618.94
954.66	2941.70
954.83	2851.18
955.00	2700.45
955.17	2909.34
955.34	2875.35
955.51	2896.65
955.69	3463.12
955.86	2828.24
956.03	2900.33
956.20	3024.85
956.37	2925.73
956.54	2666.05
956.71	3038.78
956.88	2842.99
957.05	2798.34
957.22	2704.55
957.39	3118.65
957.56	2775.41
957.73	2701.27
957.90	2651.71
958.07	3197.29
958.24	3119.06
958.41	2639.01
958.59	2913.03
958.76	3117.01
958.93	3220.23
959.10	2878.22
959.27	2709.46
959.44	3201.79
959.61	2843.40
959.78	2964.23
959.95	2823.33
960.12	3215.72
960.29	3017.48
960.46	2720.52
960.63	2528.42
960.80	2968.33
960.97	3072.77
961.14	2619.76
961.31	2904.84
961.48	3275.52
961.65	3090.38
961.82	2884.36
961.99	2929.00
962.16	2873.71
962.33	3012.15
962.50	2968.74
962.67	2715.20
962.84	3034.68
963.01	2849.95
963.18	2667.68
963.35	2697.99
963.52	3146.50
963.69	2966.69
963.86	3131.34
964.03	2962.59
964.20	3385.70
964.37	3098.99
964.54	3109.64
964.71	2836.03
964.88	2941.29
965.05	2985.94
965.22	2804.08
965.39	2932.28
965.56	2867.57
965.73	2840.12
965.90	3103.49
966.07	2699.63
966.24	2924.91
966.41	2929.41
966.58	2834.80
966.74	3140.76
966.91	3386.93
967.08	3283.30
967.25	2727.89
967.42	2813.09
967.59	3182.13
967.76	2772.54
967.93	2967.92
968.10	2895.01
968.27	3019.12
968.44	2999.86
968.61	2821.69
968.78	2675.47
968.95	2913.44
969.12	2950.30
969.29	2984.71
969.46	2641.88
969.62	3307.06
969.79	2823.74
969.96	2661.95
970.13	2632.46
970.30	3083.42
970.47	3089.98
970.64	2999.46
970.81	2861.42
970.98	3048.61
971.15	2971.19
971.32	2516.54
971.49	3096.53
971.65	3204.66
971.82	3024.03
971.99	2925.32
972.16	3070.72
972.33	2985.53
972.50	2960.54
972.67	2918.77
972.84	2915.90
973.01	2831.52
973.17	3109.64
973.34	2969.96
973.51	3050.24
973.68	2993.31
973.85	2881.08
974.02	2901.15
974.19	2796.71
974.36	3112.09
974.53	3157.56
974.69	2916.72
974.86	2755.34
975.03	3287.81
975.20	2888.05
975.37	2982.66
975.54	2998.23
975.71	3128.07
975.87	2993.31
976.04	3027.72
976.21	2884.77
976.38	3074.82
976.55	2929.41
976.72	2687.75
976.89	3137.08
977.05	3110.45
977.22	3285.35
977.39	2615.67
977.56	2976.11
977.73	2964.23
977.90	2784.42
978.06	2959.31
978.23	2926.55
978.40	2817.60
978.57	3243.98
978.74	3083.01
978.91	3004.78
979.07	2928.19
979.24	3142.81
979.41	2827.02
979.58	2880.67
979.75	3241.93
979.91	2770.90
980.08	2543.99
980.25	2925.32
980.42	3111.27
980.59	2969.96
980.75	2728.71
980.92	2779.50
981.09	2972.83
981.26	3114.14
981.43	3101.03
981.59	2869.61
981.76	2911.39
981.93	2865.93
982.10	2784.01
982.27	2765.99
982.43	3108.41
982.60	2848.72
982.77	2688.57
982.94	2811.45
983.11	2854.87
983.27	2742.23
983.44	2907.30
983.61	2897.88
983.78	3324.26
983.94	3208.76
984.11	2741.82
984.28	2958.50
984.45	3262.82
984.61	2714.38
984.78	2746.33
984.95	2717.65
985.12	3034.27
985.28	3166.57
985.45	2723.39
985.62	2711.10
985.79	2944.16
985.95	2845.86
986.12	2581.26
986.29	2772.13
986.46	3214.08
986.62	3256.27
986.79	2910.16
986.96	2647.61
987.13	3010.51
987.29	3314.43
987.46	2842.17
987.63	2805.72
987.80	2780.73
987.96	3351.71
988.13	2741.41
988.30	2784.42
988.46	2924.09
988.63	3169.03
988.80	2292.50
988.97	2273.65
989.13	3030.99
989.30	3069.91
989.47	2202.80
989.63	2216.72
989.80	3319.35
989.97	3080.55
990.13	2465.75
990.30	2806.13
990.47	2923.68
990.64	2924.50
990.80	2231.06
990.97	2437.90
991.14	2876.58
991.30	2998.23
991.47	2325.67
991.64	2408.82
991.80	2988.81
991.97	2906.48
992.14	2266.28
992.30	2912.62
992.47	2843.40
992.64	3069.09
992.80	2334.27
992.97	2270.79
993.14	3400.86
993.30	3896.87
993.47	2343.70
993.64	2392.03
993.80	3263.64
993.97	3012.15
994.14	2474.36
994.30	2765.17
994.47	3133.80
994.64	2982.25
994.80	2558.73
994.97	2444.46
995.14	3180.50
995.30	3024.44
995.47	2499.75
995.63	2539.48
995.80	3002.32
995.97	3407.82
996.13	2405.13
996.30	2373.60
996.47	2964.64
996.63	3565.10
996.80	2908.12
996.97	2605.84
997.13	3106.36
997.30	3328.36
997.46	2328.95
997.63	2661.95
997.80	3257.91
997.96	3162.06
998.13	2394.89
998.29	2419.47
998.46	2981.02
998.63	2903.61
998.79	2290.86
998.96	2587.81
999.12	3243.98
999.29	2969.96
999.46	2454.70
999.62	2758.61
999.79	3131.34
999.95	3008.06
1000.12	2405.13
1000.29	2505.48
1000.45	3088.34
1000.62	3165.75
1000.78	2473.95
1000.95	2388.34
1001.11	3098.58
1001.28	3146.09
1001.45	2362.95
1001.61	2786.06
1001.78	3121.10
1001.94	3209.99
1002.11	2507.12
1002.27	2721.34
1002.44	3241.93
1002.61	3112.09
1002.77	2422.75
1002.94	2325.26
1003.10	3078.10
1003.27	3169.03
1003.43	2384.25
1003.60	2505.08
1003.76	2975.29
1003.93	3030.99
1004.10	2568.15
1004.26	2690.21
1004.43	3182.95
1004.59	3485.23
1004.76	2380.97
1004.92	2478.45
1005.09	3417.65
1005.25	3233.33
1005.42	2407.59
1005.58	2696.36
1005.75	3203.43
1005.91	3076.46
1006.08	2755.75
1006.24	2335.91
1006.41	3023.62
1006.57	3032.22
1006.74	2381.79
1006.90	2544.81
1007.07	2887.23
1007.23	3464.34
1007.40	2480.09
1007.56	2316.66
1007.73	2883.95
1007.89	3181.31
1008.06	2731.17
1008.22	2608.70
1008.39	3041.23
1008.55	3004.37
1008.72	2534.98
1008.88	2406.77
1009.05	2874.12
1009.21	3201.79
1009.38	2240.48
1009.54	2503.03
1009.71	3396.76
1009.87	3440.18
1010.04	2176.99
1010.20	2674.24
1010.37	2781.14
1010.53	3260.78
1010.70	2578.80
1010.86	2302.74
1011.03	2824.97
1011.19	2882.72
1011.35	2613.62
1011.52	2485.01
1011.68	2985.53
1011.85	2940.88
1012.01	2752.88
1012.18	2651.30
1012.34	2962.18
1012.51	2941.70
1012.67	2494.02
1012.83	2564.06
1013.00	3198.52
1013.16	2894.60
1013.33	2389.98
1013.49	2955.63
1013.66	3155.92
1013.82	3482.78
1013.99	2524.33
1014.15	2580.44
1014.31	3176.40
1014.48	3099.40
1014.64	2584.13
1014.81	2537.43
1014.97	2890.91
1015.13	3261.19
1015.30	2519.82
1015.46	2576.75
1015.63	2846.68
1015.79	2976.11
1015.95	2263.42
1016.12	2403.09
1016.28	2963.41
1016.45	3008.06
1016.61	2536.20
1016.77	2569.38
1016.94	2908.93
1017.10	3162.06
1017.27	2503.85
1017.43	2368.68
1017.59	2927.37
1017.76	3135.85
1017.92	2383.84
1018.09	2290.86
1018.25	3289.86
1018.41	3219.82
1018.58	2589.86
1018.74	2567.33
1018.90	2992.49
1019.07	3089.98
1019.23	2356.39
1019.40	2432.58
1019.56	3117.01
1019.72	2795.48
1019.89	2590.27
1020.05	3004.78
1020.21	3191.55
1020.38	3019.93
1020.54	2301.92
1020.70	2501.80
1020.87	3024.03
1021.03	3177.22
1021.19	2484.60
1021.36	2226.55
1021.52	3254.22
1021.68	3356.62
1021.85	3049.84
1022.01	2551.36
1022.17	3065.40
1022.34	3083.42
1022.50	2403.91
1022.66	2560.78
1022.83	3266.51
1022.99	3123.97
1023.15	2398.99
1023.32	2691.03
1023.48	3068.27
1023.64	2997.82
1023.81	2273.25
1023.97	2662.77
1024.13	3059.67
1024.30	2988.40
1024.46	2708.23
1024.62	2574.30
1024.79	3158.38
1024.95	3216.13
1025.11	2335.09
1025.27	2519.82
1025.44	2875.35
1025.60	2965.46
1025.76	2530.88
1025.93	2372.37
1026.09	3017.48
1026.25	3010.51
1026.41	2548.90
1026.58	2337.96
1026.74	2880.67
1026.90	3281.26
1027.07	2670.14
1027.23	2365.40
1027.39	2995.77
1027.55	3250.13
1027.72	2532.11
1027.88	2626.32
1028.04	3033.86
1028.20	3187.46
1028.37	2145.45
1028.53	2548.49
1028.69	2842.17
1028.85	3167.80
1029.02	2693.08
1029.18	2408.00
1029.34	2894.19
1029.50	3205.07
1029.67	2738.13
1029.83	2432.58
1029.99	3123.15
1030.15	3011.74
1030.32	2380.15
1030.48	2596.01
1030.64	3004.78
1030.80	3332.45
1030.97	2741.82
1031.13	2458.79
1031.29	3297.64
1031.45	3208.35
1031.61	2457.97
1031.78	2437.08
1031.94	3437.72
1032.10	3217.36
1032.26	2625.09
1032.42	2543.17
1032.59	3266.51
1032.75	2996.59
1032.91	2528.83
1033.07	2515.32
1033.24	2886.41
1033.40	3622.45
1033.56	2575.53
1033.72	2374.82
1033.88	3130.12
1034.04	3471.72
1034.21	2606.65
1034.37	2600.10
1034.53	3062.12
1034.69	2847.50
1034.85	2471.08
1035.02	2491.97
1035.18	2953.17
1035.34	3240.30
1035.50	2331.82
1035.66	2618.53
1035.82	3045.74
1035.99	3291.90
1036.15	2451.42
1036.31	2742.23
1036.47	3189.92
1036.63	3622.86
1036.79	2988.81
1036.96	2747.15
1037.12	3266.51
1037.28	2893.78
1037.44	2215.90
1037.60	2430.53
1037.76	3024.85
1037.92	3040.41
1038.09	2238.84
1038.25	2793.43
1038.41	3259.55
1038.57	3240.30
1038.73	2435.44
1038.89	2424.39
1039.05	3183.36
1039.22	3087.52
1039.38	2451.01
1039.54	2900.74
1039.70	3130.93
1039.86	3232.51
1040.02	2450.19
1040.18	2563.65
1040.34	3060.07
1040.51	3212.85
1040.67	3326.31
1040.83	2786.47
1040.99	3248.08
1041.15	3393.48
1041.31	2414.15
1041.47	2741.00
1041.63	3009.29
