345.74	1380.33
345.96	1380.33
346.17	1380.33
346.39	1343.47
346.60	1380.33
346.81	2365.40
347.03	2492.38
347.24	3200.98
347.46	3102.67
347.67	2562.01
347.89	2381.79
348.10	2985.94
348.32	2846.68
348.53	2461.66
348.75	2424.80
348.96	2805.72
349.18	3248.08
349.39	2465.75
349.61	2467.80
349.82	2992.08
350.04	3026.90
350.25	2373.60
350.47	2619.35
350.68	3078.10
350.90	3137.49
351.11	2371.55
351.32	2492.38
351.54	3178.45
351.75	3149.78
351.97	2496.47
352.18	2482.14
352.40	2832.34
352.61	3149.78
352.83	2621.40
353.04	2385.88
353.26	3104.72
353.47	2930.64
353.69	2473.95
353.90	2494.43
354.11	2723.80
354.33	3252.17
354.54	2213.85
354.76	2508.76
354.97	2850.77
355.19	3018.71
355.40	2351.07
355.62	2893.78
355.83	2920.40
356.04	2987.99
356.26	2398.17
356.47	2553.82
356.69	2811.86
356.90	3452.88
357.12	2414.56
357.33	2297.82
357.55	2775.00
357.76	2987.99
357.97	2215.90
358.19	2473.95
358.40	2691.03
358.62	3176.40
358.83	2471.90
359.05	2691.03
359.26	2807.77
359.47	2895.83
359.69	2531.29
359.90	2811.86
360.12	2756.57
360.33	2826.20
360.55	2346.97
360.76	2660.31
360.97	3039.19
361.19	3231.69
361.40	2392.03
361.62	2523.10
361.83	3153.87
362.04	3235.79
362.26	2480.09
362.47	2510.81
362.69	2899.92
362.90	2942.93
363.12	2293.72
363.33	2500.57
363.54	2938.84
363.76	3168.21
363.97	2512.86
364.19	2475.99
364.40	3258.32
364.61	2861.01
364.83	2310.11
365.04	2600.92
365.26	2932.69
365.47	3223.50
365.68	2473.95
365.90	2551.77
366.11	2961.36
366.33	3184.59
366.54	2375.64
366.75	2346.97
366.97	2721.75
367.18	2824.15
367.40	2543.58
367.61	2496.47
367.82	3008.47
368.04	3055.57
368.25	2496.47
368.46	2572.25
368.68	2912.21
368.89	3139.54
369.11	2512.86
369.32	2478.04
369.53	3231.69
369.75	2979.79
369.96	2815.96
370.18	2578.39
370.39	2908.12
370.60	2906.07
370.82	2480.09
371.03	2498.52
371.24	3299.28
371.46	2834.39
371.67	2547.67
371.88	2430.94
372.10	2727.89
372.31	2650.07
372.53	2306.01
372.74	2412.51
372.95	2783.19
373.17	2824.15
373.38	2701.27
373.59	2619.35
373.81	2899.92
374.02	3264.46
374.23	2420.70
374.45	2824.15
374.66	3014.61
374.88	3006.42
375.09	2389.98
375.30	2838.48
375.52	2899.92
375.73	3170.26
375.94	2363.36
376.16	2723.80
376.37	3129.30
376.58	3098.58
376.80	2525.15
377.01	2623.45
377.22	3370.96
377.44	3045.33
377.65	2498.52
377.86	2289.63
378.08	3022.80
378.29	2801.62
378.50	2537.43
378.72	2340.83
378.93	3340.24
379.14	3184.59
379.36	2854.87
379.57	2578.39
379.78	2617.30
380.00	3028.95
380.21	2303.96
380.42	2234.33
380.64	2605.02
380.85	2691.03
381.06	2617.30
381.28	2453.47
381.49	3348.43
381.70	2748.37
381.92	2373.60
382.13	2465.75
382.34	3356.62
382.56	3203.02
382.77	2555.86
382.98	2404.32
383.19	3037.14
383.41	2973.65
383.62	2430.94
383.83	2568.15
384.05	2867.16
384.26	3018.71
384.47	2562.01
384.69	2475.99
384.90	2979.79
385.11	3184.59
385.33	2414.56
385.54	2633.69
385.75	2756.57
385.96	3114.96
386.18	2879.44
386.39	2531.29
386.60	2809.81
386.82	3301.33
387.03	2605.02
387.24	2590.68
387.45	2858.96
387.67	2729.94
387.88	2635.74
388.09	2568.15
388.31	2777.05
388.52	2910.16
388.73	2815.96
388.94	2473.95
389.16	3162.06
389.37	2768.85
389.58	2580.44
389.80	2371.55
390.01	2871.25
390.22	3039.19
390.43	2594.78
390.65	2650.07
390.86	2875.35
391.07	2979.79
391.29	2553.82
391.50	2250.72
391.71	3139.54
391.92	3069.91
392.14	2580.44
392.35	2693.08
392.56	2693.08
392.77	2994.13
392.99	2623.45
393.20	2381.79
393.41	2840.53
393.62	2877.40
393.84	2408.41
394.05	2537.43
394.26	3086.29
394.47	3274.70
394.69	2711.51
394.90	2707.41
395.11	2987.99
395.32	2742.23
395.54	2486.23
395.75	2367.45
395.96	2815.96
396.17	3383.24
396.39	2826.20
396.60	2461.66
396.81	3006.42
397.02	2930.64
397.24	2693.08
397.45	2828.24
397.66	2883.54
397.87	3078.10
398.09	2621.40
398.30	2473.95
398.51	3102.67
398.72	2834.39
398.94	2486.23
399.15	2987.99
399.36	2957.27
399.57	3145.68
399.79	2652.12
400.00	2893.78
400.21	2670.55
400.42	3000.27
400.63	2500.57
400.85	2740.18
401.06	2899.92
401.27	3088.34
401.48	3094.48
401.70	2570.20
401.91	3403.72
402.12	3178.45
402.33	2793.43
402.54	2580.44
402.76	3059.67
402.97	3276.75
403.18	2478.04
403.39	2588.63
403.60	3039.19
403.82	2959.31
404.03	2220.00
404.24	2514.91
404.45	3098.58
404.66	3301.33
404.88	2363.36
405.09	2959.31
405.30	3092.43
405.51	2932.69
405.73	2408.41
405.94	2398.17
406.15	2924.50
406.36	2846.68
406.57	2645.98
406.78	2545.63
407.00	2979.79
407.21	3280.85
407.42	2430.94
407.63	2863.06
407.84	3108.82
408.06	3006.42
408.27	2451.42
408.48	2562.01
408.69	2977.75
408.90	2793.43
409.12	2459.61
409.33	2480.09
409.54	2762.71
409.75	2994.13
409.96	2572.25
410.17	2770.90
410.39	2789.33
410.60	3383.24
410.81	2611.16
411.02	2775.00
411.23	4480.96
411.44	2791.38
411.66	2660.31
411.87	3086.29
412.08	3334.09
412.29	2826.20
412.50	2562.01
412.71	2490.33
412.93	2885.59
413.14	2981.84
413.35	2736.09
413.56	2721.75
413.77	3000.27
413.98	3022.80
414.20	2586.58
414.41	2895.83
414.62	2994.13
414.83	2863.06
415.04	2633.69
415.25	2789.33
415.46	3364.81
415.68	3090.38
415.89	2594.78
416.10	2828.24
416.31	2850.77
416.52	3239.89
416.73	2750.42
416.94	2789.33
417.16	3139.54
417.37	3217.36
417.58	2930.64
417.79	2645.98
418.00	3145.68
418.21	3080.14
418.42	2981.84
418.64	2863.06
418.85	2899.92
419.06	3317.71
419.27	2779.09
419.48	3039.19
419.69	3366.86
419.90	3069.91
420.11	2856.92
420.33	2869.20
420.54	3805.13
420.75	3620.81
420.96	2793.43
421.17	3137.49
421.38	3506.12
421.59	3387.34
421.80	2944.98
422.02	3141.58
422.23	3557.32
422.44	3694.54
422.65	3137.49
422.86	3229.65
423.07	3399.63
423.28	3602.38
423.49	3014.61
423.70	3477.45
423.92	3637.19
424.13	4128.70
424.34	3334.09
424.55	3356.62
424.76	4179.90
424.97	4231.10
425.18	3387.34
425.39	3798.98
425.60	3893.19
425.81	4081.60
426.03	3923.91
426.24	3821.51
426.45	4300.73
426.66	4796.34
426.87	3973.06
427.08	4177.86
427.29	4573.11
427.50	4622.27
427.71	4079.55
427.92	4384.70
428.13	4534.20
428.34	4718.52
428.56	4609.98
428.77	4642.75
428.98	5568.43
429.19	5294.00
429.40	4835.25
429.61	4960.18
429.82	5449.64
430.03	5283.76
430.24	5193.65
430.45	5046.20
430.66	5949.35
430.87	5748.65
431.08	5535.66
431.30	5531.56
431.51	5996.45
431.72	6234.02
431.93	5992.36
432.14	5732.26
432.35	6475.68
432.56	7065.49
432.77	6377.37
432.98	6408.09
433.19	6971.29
433.40	7073.68
433.61	6713.24
433.82	7077.78
434.03	7157.65
434.24	7616.40
434.45	7825.29
434.66	7950.21
434.87	8109.96
435.09	8155.01
435.30	8238.98
435.51	8384.38
435.72	8890.23
435.93	8746.87
436.14	8705.92
436.35	9049.97
436.56	9535.34
436.77	9809.77
436.98	9211.76
437.19	9957.22
437.40	10415.97
437.61	10579.81
437.82	10467.17
438.03	10526.56
438.24	11239.25
438.45	11411.28
438.66	10807.13
438.87	11497.30
439.08	11841.36
439.29	12474.18
439.50	12324.68
439.71	12728.13
439.92	12648.26
440.13	13045.56
440.34	13467.44
440.55	13627.18
440.76	13969.19
440.97	14774.05
441.18	14161.70
441.39	14491.43
441.60	14917.40
441.81	15187.74
442.02	15243.03
442.23	15535.89
442.44	16277.26
442.65	15918.86
442.86	16520.96
443.07	16420.61
443.28	17096.44
443.49	17768.18
443.70	17571.57
443.91	17118.97
444.12	17989.36
444.33	18331.37
444.54	18290.41
444.75	18806.50
444.96	19703.51
445.17	19326.68
445.38	19676.88
445.59	19627.73
445.80	20244.17
446.01	19824.34
446.22	20793.03
446.43	20373.19
446.64	19928.78
446.85	21204.67
447.06	21515.96
447.27	22058.67
447.48	21989.04
447.69	21790.39
447.90	21841.59
448.11	21837.49
448.32	22425.26
448.53	22769.32
448.74	22494.89
448.95	22615.72
449.16	22257.32
449.37	22335.15
449.58	22404.78
449.79	22548.14
450.00	22671.01
450.21	22843.04
450.42	22896.29
450.63	22582.95
450.84	23058.08
451.05	22757.03
451.26	23299.74
451.47	22607.53
451.68	23053.98
451.89	23168.67
452.10	22658.73
452.30	22550.18
452.51	22478.50
452.72	22496.94
452.93	21892.79
453.14	22374.06
453.35	22199.98
453.56	22218.41
453.77	21132.99
453.98	21284.54
454.19	21616.31
454.40	20876.99
454.61	21057.21
454.82	20551.37
455.03	20393.67
455.24	20690.63
455.45	20485.83
455.66	19793.62
455.87	19697.36
456.07	19459.80
456.28	19384.02
456.49	19207.90
456.70	19119.84
456.91	18718.43
457.12	18188.01
457.33	18003.69
457.54	17645.30
457.75	17487.61
457.96	17495.80
458.17	17227.51
458.38	16811.78
458.59	16568.07
458.79	16383.75
459.00	15523.60
459.21	15892.24
459.42	15251.22
459.63	15609.62
459.84	15007.52
460.05	15929.10
460.26	14829.34
460.47	14362.40
460.68	14040.87
460.89	14161.70
461.09	14487.33
461.30	13725.49
461.51	13471.54
461.72	13330.23
461.93	13229.88
462.14	12791.61
462.35	12345.16
462.56	12687.17
462.77	12416.83
462.98	12320.58
463.18	12267.33
463.39	12148.55
463.60	12009.29
463.81	11677.52
464.02	11992.90
464.23	11851.60
464.44	11863.88
464.65	11149.14
464.86	10944.34
465.06	10854.23
465.27	10440.54
465.48	10485.60
465.69	10463.07
465.90	10405.73
466.11	10428.26
466.32	9891.69
466.53	9895.78
466.74	9881.45
466.94	9856.87
467.15	9736.04
467.36	9375.60
467.57	9836.39
467.78	9557.87
467.99	9445.23
468.20	9762.67
468.40	9086.84
468.61	9088.89
468.82	9088.89
469.03	9154.42
469.24	9305.97
469.45	8824.70
469.66	8834.94
469.86	8497.02
470.07	8843.13
470.28	8374.14
470.49	8073.09
470.70	7925.64
470.91	8204.16
471.12	8384.38
471.32	7956.36
471.53	8001.41
471.74	7919.50
471.95	7911.30
472.16	7634.83
472.37	7569.29
472.58	7643.02
472.78	7329.68
472.99	7258.00
473.20	7403.41
473.41	7321.49
473.62	7057.30
473.83	7401.36
474.03	7092.12
474.24	6854.55
474.45	7092.12
474.66	6674.33
474.87	6651.80
475.08	6625.18
475.28	6688.67
475.49	6829.98
475.70	6363.04
475.91	6608.80
476.12	6436.77
476.32	6225.82
476.53	6328.22
476.74	6373.28
476.95	6213.54
477.16	5912.49
477.37	6047.65
477.57	6125.47
477.78	5914.53
477.99	5627.82
478.20	5695.40
478.41	6006.69
478.61	5777.32
478.82	5803.94
479.03	5455.79
479.24	5687.21
479.45	5652.39
479.65	5351.34
479.86	5478.32
480.07	5445.55
480.28	5334.96
480.49	6213.54
480.69	5142.45
480.90	5263.28
481.11	5167.03
481.32	4736.95
481.53	5072.82
481.73	5087.15
481.94	4960.18
482.15	4857.78
482.36	4878.26
482.57	4913.08
482.77	5087.15
482.98	5062.58
483.19	4747.19
483.40	4822.97
483.60	4667.32
483.81	4700.09
484.02	4689.85
484.23	4632.51
484.44	4396.99
484.64	4546.49
484.85	4437.95
485.06	4585.40
485.27	4552.63
485.47	4392.89
485.68	4403.13
485.89	4536.25
486.10	4710.33
486.31	4487.10
486.51	4306.88
486.72	4323.26
486.93	4327.36
487.14	4227.01
487.34	4044.74
487.55	4267.97
487.76	4315.07
487.97	4208.58
488.17	3979.20
488.38	4151.23
488.59	4100.03
488.80	4265.92
489.00	3942.34
489.21	4143.04
489.42	3952.58
489.63	4046.79
489.83	3921.86
490.04	3841.99
490.25	3825.61
490.46	3829.70
490.66	3885.00
490.87	3887.04
491.08	3747.78
491.29	3667.91
491.49	3610.57
491.70	3622.86
491.91	3717.06
492.11	3786.69
492.32	3649.48
492.53	3416.01
492.74	3962.82
492.94	3776.45
493.15	3588.04
493.36	3694.54
493.57	3645.38
493.77	3469.26
493.98	3616.71
494.19	3790.79
494.39	3579.85
494.60	3260.37
494.81	3313.61
495.02	3721.16
495.22	3645.38
495.43	3170.26
495.64	3071.95
495.84	3323.85
496.05	3885.00
496.26	3424.20
496.47	3551.18
496.67	3706.82
496.88	3401.68
497.09	3385.29
497.29	2971.60
497.50	3186.64
497.71	3399.63
497.91	2985.94
498.12	3317.71
498.33	3219.41
498.54	3350.48
498.74	3155.92
498.95	3010.51
499.16	3303.37
499.36	3082.19
499.57	3051.47
499.78	2949.08
499.98	3125.20
500.19	3051.47
500.40	2965.46
500.60	3321.81
500.81	3160.02
501.02	3258.32
501.22	3624.90
501.43	2879.44
501.64	3190.74
501.85	3250.13
502.05	3510.22
502.26	2815.96
502.47	3579.85
502.67	2994.13
502.88	3055.57
503.09	3137.49
503.29	2848.72
503.50	3028.95
503.71	3252.17
503.91	2895.83
504.12	2967.51
504.33	2879.44
504.53	2949.08
504.74	2981.84
504.95	3268.56
505.15	2942.93
505.36	3110.86
505.56	2840.53
505.77	3454.92
505.98	2705.37
506.18	3198.93
506.39	2707.41
506.60	2791.38
506.80	3149.78
507.01	2901.97
507.22	2979.79
507.42	3170.26
507.63	2811.86
507.84	2987.99
508.04	2516.95
508.25	3133.39
508.45	3317.71
508.66	2848.72
508.87	2734.04
509.07	3014.61
509.28	2963.41
509.49	2842.58
509.69	3131.34
509.90	2897.88
510.11	2775.00
510.31	2734.04
510.52	2678.74
510.72	2883.54
510.93	2965.46
511.14	2658.26
511.34	2592.73
511.55	2783.19
511.76	3325.90
511.96	3235.79
512.17	2863.06
512.37	3071.95
512.58	2781.14
512.79	2648.02
512.99	2772.95
513.20	3000.27
513.40	3028.95
513.61	2889.68
513.82	2641.88
514.02	2637.78
514.23	2856.92
514.43	3194.83
514.64	2783.19
514.85	2949.08
515.05	3069.91
515.26	2815.96
515.46	2918.36
515.67	3076.05
515.88	2695.13
516.08	3268.56
516.29	2746.33
516.49	2934.74
516.70	2760.66
516.91	2754.52
517.11	2770.90
517.32	2881.49
517.52	2996.18
517.73	2721.75
517.93	2961.36
518.14	2959.31
518.35	2695.13
518.55	2533.34
518.76	2957.27
518.96	3108.82
519.17	2539.48
519.38	2734.04
519.58	2957.27
519.79	2777.05
519.99	2772.95
520.20	2693.08
520.40	2715.61
520.61	2871.25
520.82	3084.24
521.02	3092.43
521.23	2889.68
521.43	2942.93
521.64	2607.06
521.84	2590.68
522.05	2699.22
522.25	2570.20
522.46	2660.31
522.67	2693.08
522.87	2994.13
523.08	3147.73
523.28	2793.43
523.49	3180.50
523.69	2711.51
523.90	2818.00
524.10	2822.10
524.31	2672.60
524.51	2928.60
524.72	2916.31
524.93	2959.31
525.13	2676.70
525.34	2740.18
525.54	2791.38
525.75	3076.05
525.95	2447.32
526.16	2975.70
526.36	2883.54
526.57	3071.95
526.77	2394.08
526.98	3129.30
527.18	2695.13
527.39	2721.75
527.59	3018.71
527.80	2721.75
528.00	2940.88
528.21	2940.88
528.42	2844.63
528.62	2775.00
528.83	2779.09
529.03	3252.17
529.24	2842.58
529.44	2570.20
529.65	2957.27
529.85	2754.52
530.06	3176.40
530.26	2760.66
530.47	2936.79
530.67	3069.91
530.88	2523.10
531.08	2840.53
531.29	2682.84
531.49	2682.84
531.70	2801.62
531.90	2475.99
532.11	2717.65
532.31	2756.57
532.52	2734.04
532.72	2480.09
532.93	2807.77
533.13	2584.54
533.34	2621.40
533.54	2865.11
533.75	2547.67
533.95	2621.40
534.16	2584.54
534.36	2703.32
534.57	2842.58
534.77	3030.99
534.97	2916.31
535.18	2574.30
535.38	2756.57
535.59	2641.88
535.79	2703.32
536.00	2627.54
536.20	2764.76
536.41	2496.47
536.61	2734.04
536.82	2584.54
537.02	2686.94
537.23	2777.05
537.43	2924.50
537.64	2545.63
537.84	2936.79
538.05	2844.63
538.25	2922.45
538.45	2672.60
538.66	2822.10
538.86	2684.89
539.07	2523.10
539.27	2695.13
539.48	2664.41
539.68	2996.18
539.89	2686.94
540.09	3096.53
540.29	2932.69
540.50	2422.75
540.70	2760.66
540.91	2719.70
541.11	2877.40
541.32	2645.98
541.52	2727.89
541.73	2594.78
541.93	2566.10
542.13	2883.54
542.34	2498.52
542.54	2699.22
542.75	2813.91
542.95	3332.05
543.16	2768.85
543.36	2781.14
543.56	2701.27
543.77	2951.12
543.97	2848.72
544.18	2725.85
544.38	2785.24
544.59	2727.89
544.79	2635.74
544.99	3014.61
545.20	3094.48
545.40	2676.70
545.61	2629.59
545.81	2854.87
546.01	3102.67
546.22	2799.57
546.42	2670.55
546.63	2576.34
546.83	2901.97
547.04	2678.74
547.24	2738.13
547.44	2605.02
547.65	2875.35
547.85	2631.64
548.06	2539.48
548.26	2639.83
548.46	3262.41
548.67	2793.43
548.87	2703.32
549.08	2551.77
549.28	2594.78
549.48	2766.81
549.69	3006.42
549.89	2531.29
550.09	2963.41
550.30	3010.51
550.50	2492.38
550.71	2580.44
550.91	2813.91
551.11	2506.71
551.32	2990.03
551.52	2566.10
551.73	2881.49
551.93	2596.82
552.13	2973.65
552.34	3022.80
552.54	2523.10
552.74	2875.35
552.95	2715.61
553.15	2729.94
553.35	2791.38
553.56	2797.53
553.76	2996.18
553.97	2777.05
554.17	2863.06
554.37	2629.59
554.58	2856.92
554.78	2719.70
554.98	2742.23
555.19	2605.02
555.39	2744.28
555.59	2557.91
555.80	2842.58
556.00	2654.17
556.20	2809.81
556.41	2658.26
556.61	2670.55
556.82	2574.30
557.02	2781.14
557.22	2748.37
557.43	2537.43
557.63	2805.72
557.83	2660.31
558.04	3123.15
558.24	2711.51
558.44	2813.91
558.65	2584.54
558.85	2437.08
559.05	2686.94
559.26	2668.50
559.46	2580.44
559.66	2449.37
559.87	2674.65
560.07	2807.77
560.27	3012.56
560.48	3028.95
560.68	2793.43
560.88	2619.35
561.08	2854.87
561.29	2951.12
561.49	2588.63
561.69	2652.12
561.90	3059.67
562.10	2705.37
562.30	3258.32
562.51	2775.00
562.71	2688.98
562.91	3094.48
563.12	2686.94
563.32	2645.98
563.52	2918.36
563.72	2627.54
563.93	2748.37
564.13	2648.02
564.33	3028.95
564.54	2807.77
564.74	2645.98
564.94	2645.98
565.15	2633.69
565.35	2736.09
565.55	3000.27
565.75	2516.95
565.96	2785.24
566.16	2760.66
566.36	2629.59
566.57	2662.36
566.77	3160.02
566.97	2785.24
567.17	3016.66
567.38	2607.06
567.58	2684.89
567.78	2729.94
567.99	3121.10
568.19	2742.23
568.39	2875.35
568.59	2969.55
568.80	2922.45
569.00	2979.79
569.20	2875.35
569.40	2635.74
569.61	2924.50
569.81	2811.86
570.01	2713.56
570.21	2660.31
570.42	3135.44
570.62	2717.65
570.82	2562.01
571.02	2529.24
571.23	2611.16
571.43	3006.42
571.63	2617.30
571.84	2406.36
572.04	2596.82
572.24	2932.69
572.44	2916.31
572.64	2742.23
572.85	2740.18
573.05	2920.40
573.25	3104.72
573.45	2383.84
573.66	3297.23
573.86	2598.87
574.06	2727.89
574.26	2959.31
574.47	2750.42
574.67	3033.04
574.87	2514.91
575.07	2709.46
575.28	2596.82
575.48	2727.89
575.68	2740.18
575.88	2605.02
576.08	2990.03
576.29	2772.95
576.49	2842.58
576.69	2873.30
576.89	2670.55
577.10	2777.05
577.30	2928.60
577.50	2731.99
577.70	2562.01
577.90	2934.74
578.11	3026.90
578.31	2584.54
578.51	2910.16
578.71	2504.67
578.91	2858.96
579.12	2908.12
579.32	2877.40
579.52	4390.84
579.72	2676.70
579.92	2654.17
580.13	2906.07
580.33	2998.23
580.53	2881.49
580.73	2611.16
580.93	2832.34
581.14	2731.99
581.34	2973.65
581.54	2557.91
581.74	2877.40
581.94	2682.84
582.15	3008.47
582.35	2619.35
582.55	2813.91
582.75	3274.70
582.95	2815.96
583.15	3061.71
583.36	3012.56
583.56	2768.85
583.76	2688.98
583.96	2803.67
584.16	2897.88
584.37	2768.85
584.57	2879.44
584.77	2506.71
584.97	2840.53
585.17	2865.11
585.37	2791.38
585.57	2838.48
585.78	2469.85
585.98	2711.51
586.18	2713.56
586.38	2619.35
586.58	2422.75
586.78	2691.03
586.99	2613.21
587.19	2899.92
587.39	2701.27
587.59	2535.39
587.79	2682.84
587.99	2906.07
588.19	2748.37
588.40	2867.16
588.60	2555.86
588.80	3160.02
589.00	2596.82
589.20	2924.50
589.40	3055.57
589.60	2615.26
589.81	2795.48
590.01	2766.81
590.21	3153.87
590.41	2570.20
590.61	2805.72
590.81	2611.16
591.01	3106.77
591.22	2676.70
591.42	3217.36
591.62	2944.98
591.82	2797.53
592.02	2787.29
592.22	2797.53
592.42	3313.61
592.62	2865.11
592.82	2770.90
593.03	3004.37
593.23	2725.85
593.43	2944.98
593.63	2682.84
593.83	2744.28
594.03	2961.36
594.23	2897.88
594.43	2570.20
594.63	2719.70
594.84	2727.89
595.04	3008.47
595.24	2883.54
595.44	2559.96
595.64	2883.54
595.84	2957.27
596.04	2955.22
596.24	2838.48
596.44	2746.33
596.64	2635.74
596.84	2813.91
597.05	2822.10
597.25	2904.02
597.45	2975.70
597.65	2516.95
597.85	2719.70
598.05	2871.25
598.25	2635.74
598.45	2605.02
598.65	2680.79
598.85	2703.32
599.05	3186.64
599.25	2775.00
599.46	2457.56
599.66	2994.13
599.86	2707.41
600.06	2801.62
600.26	2703.32
600.46	2736.09
600.66	2983.89
600.86	2883.54
601.06	2760.66
601.26	2686.94
601.46	2996.18
601.66	2703.32
601.86	2596.82
602.06	2840.53
602.26	2582.49
602.46	2525.15
602.66	2697.17
602.87	2666.46
603.07	2940.88
603.27	2746.33
603.47	2662.36
603.67	3164.11
603.87	3043.28
604.07	2799.57
604.27	2916.31
604.47	2703.32
604.67	2664.41
604.87	2760.66
605.07	2727.89
605.27	2731.99
605.47	2580.44
605.67	2824.15
605.87	2627.54
606.07	3045.33
606.27	2691.03
606.47	2676.70
606.67	2531.29
606.87	2613.21
607.07	2742.23
607.27	2668.50
607.47	2805.72
607.67	2721.75
607.87	2578.39
608.07	2891.73
608.27	2889.68
608.47	2602.97
608.67	3059.67
608.87	2785.24
609.07	2973.65
609.27	2643.93
609.47	2881.49
609.67	2762.71
609.87	2797.53
610.07	2813.91
610.27	4937.65
610.47	2623.45
610.67	2904.02
610.87	2680.79
611.07	3135.44
611.27	2707.41
611.47	2811.86
611.67	2924.50
611.87	2678.74
612.07	2652.12
612.27	2713.56
612.47	2588.63
612.67	2777.05
612.87	2811.86
613.07	2639.83
613.27	2731.99
613.47	2813.91
613.67	2768.85
613.87	2824.15
614.07	2711.51
614.27	2588.63
614.47	2705.37
614.67	2824.15
614.87	2693.08
615.07	2602.97
615.27	2621.40
615.47	2725.85
615.67	2906.07
615.87	2621.40
616.07	2822.10
616.27	2785.24
616.47	2605.02
616.67	2590.68
616.87	2678.74
617.07	2596.82
617.27	2793.43
617.47	2641.88
617.66	2756.57
617.86	2762.71
618.06	2594.78
618.26	2580.44
618.46	2772.95
618.66	3022.80
618.86	2934.74
619.06	2744.28
619.26	2883.54
619.46	2684.89
619.66	2975.70
619.86	2895.83
620.06	2818.00
620.26	2942.93
620.46	3624.90
620.66	3301.33
620.85	2947.03
621.05	3090.38
621.25	2813.91
621.45	2648.02
621.65	2895.83
621.85	2719.70
622.05	2998.23
622.25	2633.69
622.45	2617.30
622.65	2783.19
622.85	2564.06
623.05	2877.40
623.25	2799.57
623.44	3006.42
623.64	2416.60
623.84	2719.70
624.04	2553.82
624.24	2856.92
624.44	2840.53
624.64	2848.72
624.84	2727.89
625.04	2660.31
625.24	2607.06
625.43	2682.84
625.63	3057.62
625.83	2781.14
626.03	2557.91
626.23	2824.15
626.43	2664.41
626.63	2629.59
626.83	2875.35
627.03	2918.36
627.22	2641.88
627.42	2815.96
627.62	2541.53
627.82	2787.29
628.02	2621.40
628.22	2588.63
628.42	2605.02
628.62	2383.84
628.82	2652.12
629.01	3170.26
629.21	2633.69
629.41	3033.04
629.61	2885.59
629.81	2875.35
630.01	2926.55
630.21	3088.34
630.40	2908.12
630.60	2918.36
630.80	2873.30
631.00	2957.27
631.20	2930.64
631.40	2824.15
631.60	2809.81
631.79	2568.15
631.99	2809.81
632.19	2822.10
632.39	2768.85
632.59	2873.30
632.79	2793.43
632.99	4675.51
633.18	2734.04
633.38	2670.55
633.58	2768.85
633.78	2723.80
633.98	2701.27
634.18	2688.98
634.37	3327.95
634.57	2840.53
634.77	3751.88
634.97	2756.57
635.17	2924.50
635.37	3172.30
635.56	2699.22
635.76	2924.50
635.96	2676.70
636.16	2791.38
636.36	2727.89
636.56	2621.40
636.75	2772.95
636.95	2813.91
637.15	2746.33
637.35	2797.53
637.55	2891.73
637.74	2834.39
637.94	2582.49
638.14	2793.43
638.34	2818.00
638.54	2410.46
638.73	2818.00
638.93	2965.46
639.13	2889.68
639.33	2895.83
639.53	2637.78
639.73	2586.58
639.92	2789.33
640.12	2574.30
640.32	2570.20
640.52	2893.78
640.71	2523.10
640.91	2781.14
641.11	2729.94
641.31	2645.98
641.51	2658.26
641.70	2867.16
641.90	2867.16
642.10	2791.38
642.30	2781.14
642.50	2787.29
642.69	2768.85
642.89	2627.54
643.09	2856.92
643.29	2895.83
643.48	2815.96
643.68	2910.16
643.88	3022.80
644.08	2416.60
644.28	2891.73
644.47	2858.96
644.67	2512.86
644.87	2535.39
645.07	2809.81
645.26	2742.23
645.46	2553.82
645.66	2727.89
645.86	2830.29
646.05	3039.19
646.25	2809.81
646.45	2881.49
646.65	2801.62
646.84	2955.22
647.04	2580.44
647.24	2703.32
647.44	2781.14
647.63	2713.56
647.83	2813.91
648.03	2981.84
648.23	2738.13
648.42	2736.09
648.62	2562.01
648.82	2437.08
649.02	2719.70
649.21	2865.11
649.41	3067.86
649.61	3008.47
649.80	2514.91
650.00	3135.44
650.20	2744.28
650.40	2717.65
650.59	2987.99
650.79	2674.65
650.99	3246.03
651.18	2731.99
651.38	2543.58
651.58	2869.20
651.78	2791.38
651.97	2764.76
652.17	2721.75
652.37	2918.36
652.56	2867.16
652.76	2834.39
652.96	2516.95
653.16	2879.44
653.35	2899.92
653.55	3010.51
653.75	2484.19
653.94	2934.74
654.14	2707.41
654.34	2777.05
654.54	2555.86
654.73	2983.89
654.93	2738.13
655.13	2971.60
655.32	2793.43
655.52	2824.15
655.72	2832.34
655.91	2715.61
656.11	2457.56
656.31	2932.69
656.50	2815.96
656.70	2703.32
656.90	2555.86
657.09	2895.83
657.29	2785.24
657.49	2645.98
657.68	2398.17
657.88	2797.53
658.08	2703.32
658.27	3033.04
658.47	2797.53
658.67	2881.49
658.86	2707.41
659.06	2801.62
659.26	2645.98
659.45	2631.64
659.65	2705.37
659.85	2736.09
660.04	2723.80
660.24	2639.83
660.44	2699.22
660.63	2781.14
660.83	2867.16
661.03	2969.55
661.22	2676.70
661.42	2924.50
661.62	2703.32
661.81	2871.25
662.01	2510.81
662.21	2539.48
662.40	2586.58
662.60	3174.35
662.79	2537.43
662.99	3037.14
663.19	2686.94
663.38	2873.30
663.58	2854.87
663.78	2990.03
663.97	2717.65
664.17	2873.30
664.36	2666.46
664.56	2863.06
664.76	2475.99
664.95	2725.85
665.15	2877.40
665.35	2854.87
665.54	3051.47
665.74	3030.99
665.93	3184.59
666.13	2760.66
666.33	2760.66
666.52	2783.19
666.72	2901.97
666.91	2570.20
667.11	2586.58
667.31	2916.31
667.50	2619.35
667.70	2926.55
667.89	2783.19
668.09	2990.03
668.29	2754.52
668.48	2707.41
668.68	3325.90
668.87	2740.18
669.07	2598.87
669.27	2924.50
669.46	2496.47
669.66	2662.36
669.85	2412.51
670.05	2953.17
670.25	2588.63
670.44	2639.83
670.64	2695.13
670.83	3045.33
671.03	2801.62
671.22	2793.43
671.42	2885.59
671.62	2564.06
671.81	2600.92
672.01	2873.30
672.20	2633.69
672.40	2697.17
672.59	3047.38
672.79	2824.15
672.99	2566.10
673.18	2875.35
673.38	2793.43
673.57	2967.51
673.77	2832.34
673.96	2615.26
674.16	2703.32
674.36	2944.98
674.55	2707.41
674.75	2924.50
674.94	2629.59
675.14	2887.64
675.33	2852.82
675.53	2887.64
675.72	2639.83
675.92	3168.21
676.11	2865.11
676.31	2635.74
676.50	2693.08
676.70	2908.12
676.90	2662.36
677.09	2842.58
677.29	2750.42
677.48	2756.57
677.68	2897.88
677.87	2613.21
678.07	2748.37
678.26	2871.25
678.46	2787.29
678.65	2725.85
678.85	2633.69
679.04	3018.71
679.24	2654.17
679.43	2701.27
679.63	2445.27
679.82	3155.92
680.02	3203.02
680.21	2848.72
680.41	2478.04
680.60	2963.41
680.80	3317.71
680.99	2881.49
681.19	2973.65
681.38	2914.26
681.58	2670.55
681.77	2969.55
681.97	2654.17
682.16	3018.71
682.36	3080.14
682.55	2842.58
682.75	2549.72
682.94	2949.08
683.14	2842.58
683.33	2404.32
683.53	3026.90
683.72	3006.42
683.92	2809.81
684.11	3026.90
684.31	2592.73
684.50	2793.43
684.70	2652.12
684.89	2631.64
685.09	2371.55
685.28	2648.02
685.48	2740.18
685.67	2725.85
685.87	2600.92
686.06	2861.01
686.26	2818.00
686.45	2691.03
686.64	2510.81
686.84	2619.35
687.03	2883.54
687.23	2674.65
687.42	2813.91
687.62	2660.31
687.81	2838.48
688.01	2772.95
688.20	2775.00
688.40	3135.44
688.59	2985.94
688.78	2865.11
688.98	2809.81
689.17	3076.05
689.37	2668.50
689.56	2688.98
689.76	2826.20
689.95	3084.24
690.15	2572.25
690.34	2936.79
690.53	2672.60
690.73	2760.66
690.92	2637.78
691.12	2752.47
691.31	2949.08
691.51	2955.22
691.70	3010.51
691.89	2666.46
692.09	2539.48
692.28	2858.96
692.48	2779.09
692.67	2914.26
692.87	2723.80
693.06	2738.13
693.25	2744.28
693.45	2695.13
693.64	2801.62
693.84	2932.69
694.03	2760.66
694.22	2703.32
694.42	2527.19
694.61	2736.09
694.81	4065.22
695.00	2660.31
695.19	2668.50
695.39	3004.37
695.58	2789.33
695.78	2731.99
695.97	2641.88
696.16	3241.93
696.36	3004.37
696.55	2674.65
696.75	2568.15
696.94	2645.98
697.13	3014.61
697.33	2678.74
697.52	2748.37
697.71	2809.81
697.91	2861.01
698.10	3176.40
698.30	2555.86
698.49	3018.71
698.68	2641.88
698.88	2666.46
699.07	2627.54
699.26	3323.85
699.46	2756.57
699.65	2908.12
699.85	2760.66
700.04	2682.84
700.23	2504.67
700.43	2809.81
700.62	2637.78
700.81	2889.68
701.01	2639.83
701.20	2797.53
701.39	2654.17
701.59	2820.05
701.78	2711.51
701.98	2680.79
702.17	2621.40
702.36	2901.97
702.56	2998.23
702.75	2701.27
702.94	2756.57
703.14	4222.91
703.33	2818.00
703.52	6004.64
703.72	2584.54
703.91	2863.06
704.10	2668.50
704.30	2545.63
704.49	2502.62
704.68	2760.66
704.88	3200.98
705.07	3028.95
705.26	2652.12
705.46	2701.27
705.65	2748.37
705.84	2592.73
706.03	2670.55
706.23	2707.41
706.42	2666.46
706.61	2756.57
706.81	2963.41
707.00	2990.03
707.19	2678.74
707.39	2938.84
707.58	2486.23
707.77	2719.70
707.97	3055.57
708.16	2818.00
708.35	2719.70
708.55	2734.04
708.74	2752.47
708.93	3071.95
709.12	2754.52
709.32	2854.87
709.51	3028.95
709.70	2858.96
709.90	2785.24
710.09	2754.52
710.28	2822.10
710.47	2543.58
710.67	2660.31
710.86	3135.44
711.05	2564.06
711.25	2551.77
711.44	2389.98
711.63	2834.39
711.82	2992.08
712.02	3360.72
712.21	2723.80
712.40	2775.00
712.59	2998.23
712.79	3039.19
712.98	2703.32
713.17	3071.95
713.37	2764.76
713.56	2691.03
713.75	2539.48
713.94	2850.77
714.14	2633.69
714.33	2932.69
714.52	2588.63
714.71	2697.17
714.91	2838.48
715.10	3006.42
715.29	2547.67
715.48	2723.80
715.68	2979.79
715.87	2686.94
716.06	2863.06
716.25	2824.15
716.45	2875.35
716.64	2742.23
716.83	2748.37
717.02	3094.48
717.21	2871.25
717.41	3137.49
717.60	3024.85
717.79	2609.11
717.98	2678.74
718.18	2793.43
718.37	2590.68
718.56	3248.08
718.75	3121.10
718.94	2807.77
719.14	2557.91
719.33	2947.03
719.52	2858.96
719.71	2598.87
719.91	2514.91
720.10	3119.06
720.29	2895.83
720.48	2609.11
720.67	2877.40
720.87	3256.27
721.06	2672.60
721.25	2926.55
721.44	2494.43
721.63	2934.74
721.83	3149.78
722.02	2553.82
722.21	2775.00
722.40	2836.44
722.59	2979.79
722.79	2815.96
722.98	2846.68
723.17	2602.97
723.36	2686.94
723.55	2484.19
723.74	2418.65
723.94	2854.87
724.13	2697.17
724.32	2627.54
724.51	2691.03
724.70	2897.88
724.90	2719.70
725.09	3008.47
725.28	2783.19
725.47	2756.57
725.66	2785.24
725.85	2621.40
726.05	2826.20
726.24	2891.73
726.43	2744.28
726.62	2910.16
726.81	2545.63
727.00	2695.13
727.20	2926.55
727.39	2824.15
727.58	2521.05
727.77	2707.41
727.96	2721.75
728.15	3010.51
728.34	2758.61
728.54	2799.57
728.73	2940.88
728.92	2666.46
729.11	2684.89
729.30	2676.70
729.49	2916.31
729.68	2889.68
729.88	2672.60
730.07	2465.75
730.26	2557.91
730.45	3112.91
730.64	3131.34
730.83	2645.98
731.02	2416.60
731.21	2963.41
731.41	2863.06
731.60	2312.16
731.79	2693.08
731.98	3131.34
732.17	3008.47
732.36	2424.80
732.55	2314.20
732.74	3182.54
732.93	2871.25
733.13	2508.76
733.32	2543.58
733.51	2889.68
733.70	3217.36
733.89	2658.26
734.08	2529.24
734.27	2752.47
734.46	3039.19
734.65	2539.48
734.85	2672.60
735.04	2787.29
735.23	3121.10
735.42	2631.64
735.61	2138.08
735.80	2863.06
735.99	3020.75
736.18	3135.44
736.37	2275.29
736.56	3037.14
736.75	2752.47
736.94	2531.29
737.14	2371.55
737.33	2826.20
737.52	2752.47
737.71	2633.69
737.90	2572.25
738.09	3112.91
738.28	2777.05
738.47	2643.93
738.66	2621.40
738.85	3112.91
739.04	2830.29
739.23	2691.03
739.42	2203.61
739.61	2932.69
739.80	2680.79
740.00	2424.80
740.19	2394.08
740.38	2834.39
740.57	2684.89
740.76	2422.75
740.95	2512.86
741.14	3180.50
741.33	3315.66
741.52	2576.34
741.71	2383.84
741.90	3004.37
742.09	3123.15
742.28	2422.75
742.47	2201.57
742.66	2772.95
742.85	2670.55
743.04	2357.21
743.23	2564.06
743.42	2971.60
743.61	2744.28
743.80	2361.31
743.99	2285.53
744.18	3006.42
744.37	2873.30
744.56	2416.60
744.75	2289.63
744.94	3053.52
745.13	2883.54
745.32	2070.50
745.51	2432.99
745.71	2891.73
745.90	2834.39
746.09	2435.03
746.28	2541.53
746.47	2850.77
746.66	3059.67
746.85	2580.44
747.04	2441.18
747.23	2770.90
747.42	3098.58
747.61	2269.15
747.80	2691.03
747.99	2971.60
748.18	2643.93
748.36	2256.86
748.55	2752.47
748.74	3133.39
748.93	3059.67
749.12	2389.98
749.31	2492.38
749.50	2770.90
749.69	3024.85
749.88	2420.70
750.07	2199.52
750.26	3143.63
750.45	2711.51
750.64	2164.70
750.83	2398.17
751.02	2818.00
751.21	2998.23
751.40	2562.01
751.59	2562.01
751.78	2990.03
751.97	3092.43
752.16	2656.22
752.35	2531.29
752.54	3055.57
752.73	2865.11
752.92	2381.79
753.11	2674.65
753.30	2693.08
753.49	2498.52
753.68	2559.96
753.87	2584.54
754.05	3088.34
754.24	2805.72
754.43	2686.94
754.62	2322.40
754.81	3549.13
755.00	3061.71
755.19	2414.56
755.38	2723.80
755.57	2987.99
755.76	2924.50
755.95	2531.29
756.14	2283.49
756.33	3121.10
756.52	2877.40
756.70	2537.43
756.89	2488.28
757.08	3084.24
757.27	3004.37
757.46	2502.62
757.65	2275.29
757.84	3114.96
758.03	2662.36
758.22	2422.75
758.41	2443.23
758.60	2686.94
758.79	2791.38
758.97	2594.78
759.16	2723.80
759.35	2912.21
759.54	2879.44
759.73	2367.45
759.92	2328.54
760.11	2709.46
760.30	2805.72
760.49	2457.56
760.67	2439.13
760.86	3026.90
761.05	3162.06
761.24	2463.71
761.43	2166.75
761.62	2955.22
761.81	2901.97
762.00	2514.91
762.19	2338.78
762.37	3121.10
762.56	3106.77
762.75	2170.85
762.94	2420.70
763.13	2648.02
763.32	2828.24
763.51	2211.81
763.70	2203.61
763.88	3233.74
764.07	2879.44
764.26	2441.18
764.45	2269.15
764.64	3049.43
764.83	3174.35
765.02	2432.99
765.20	2602.97
765.39	2957.27
765.58	3203.02
765.77	2664.41
765.96	2879.44
766.15	2836.44
766.33	2899.92
766.52	2568.15
766.71	2416.60
766.90	3250.13
767.09	2840.53
767.28	2150.37
767.46	2500.57
767.65	2799.57
767.84	2875.35
768.03	2453.47
768.22	2244.57
768.41	2600.92
768.59	2873.30
768.78	2385.88
768.97	2410.46
769.16	3145.68
769.35	2762.71
769.54	2426.84
769.72	2342.88
769.91	2840.53
770.10	3217.36
770.29	2363.36
770.48	2545.63
770.66	2981.84
770.85	2920.40
771.04	2529.24
771.23	2267.10
771.42	3207.12
771.60	3155.92
771.79	2414.56
771.98	2545.63
772.17	3006.42
772.36	3043.28
772.54	2351.07
772.73	2494.43
772.92	3110.86
773.11	2676.70
773.30	2523.10
773.48	2244.57
773.67	2799.57
773.86	2744.28
774.05	2389.98
774.23	2584.54
774.42	3047.38
774.61	3026.90
774.80	2424.80
774.99	2320.35
775.17	3041.23
775.36	2783.19
775.55	2494.43
775.74	2402.27
775.92	3035.09
776.11	2777.05
776.30	2789.33
776.49	2306.01
776.67	2881.49
776.86	2539.48
777.05	2326.49
777.24	2189.28
777.42	2951.12
777.61	2756.57
777.80	2635.74
777.99	2385.88
778.17	2793.43
778.36	2912.21
778.55	2465.75
778.74	2516.95
778.92	2758.61
779.11	3110.86
779.30	2463.71
779.49	2432.99
779.67	2987.99
779.86	2863.06
780.05	2267.10
780.24	2265.05
780.42	2938.84
780.61	2940.88
780.80	2430.94
780.98	2197.47
781.17	2828.24
781.36	2797.53
781.55	2605.02
781.73	2330.59
781.92	2883.54
782.11	2873.30
782.29	2349.02
782.48	2453.47
782.67	3123.15
782.86	3033.04
783.04	2441.18
783.23	2492.38
783.42	3069.91
783.60	3004.37
783.79	2349.02
783.98	2275.29
784.16	3039.19
784.35	2887.64
784.54	2506.71
784.73	2379.74
784.91	2908.12
785.10	2740.18
785.29	2424.80
785.47	2693.08
785.66	2959.31
785.85	2717.65
786.03	2420.70
786.22	2306.01
786.41	3108.82
786.59	2955.22
786.78	2213.85
786.97	2285.53
787.15	2996.18
787.34	2828.24
787.53	2365.40
787.71	2502.62
787.90	2775.00
788.09	2908.12
788.27	2670.55
788.46	2365.40
788.65	2918.36
788.83	2858.96
789.02	2213.85
789.21	2267.10
789.39	2760.66
789.58	2932.69
789.77	2480.09
789.95	2246.62
790.14	3266.51
790.33	2725.85
790.51	2129.89
790.70	2629.59
790.88	2899.92
791.07	2834.39
791.26	2863.06
791.44	2392.03
791.63	2785.24
791.82	2994.13
792.00	2230.24
792.19	2490.33
792.38	3235.79
792.56	2820.05
792.75	2490.33
792.93	2475.99
793.12	3030.99
793.31	2783.19
793.49	2711.51
793.68	2396.12
793.86	2772.95
794.05	3114.96
794.24	2457.56
794.42	2453.47
794.61	2873.30
794.80	2803.67
794.98	2824.15
795.17	2430.94
795.35	3076.05
795.54	2856.92
795.73	2502.62
795.91	3074.00
796.10	3071.95
796.28	2938.84
796.47	2318.30
796.66	2299.87
796.84	3291.09
797.03	2899.92
797.21	2199.52
797.40	2443.23
797.58	3168.21
797.77	2840.53
797.96	2688.98
798.14	2899.92
798.33	3170.26
798.51	2985.94
798.70	2303.96
798.88	2525.15
799.07	2861.01
799.26	2848.72
799.44	2533.34
799.63	2508.76
799.81	2699.22
800.00	2807.77
800.18	2693.08
800.37	2615.26
800.56	2775.00
800.74	2785.24
800.93	2367.45
801.11	2484.19
801.30	3039.19
801.48	2883.54
801.67	2637.78
801.85	2535.39
802.04	2951.12
802.22	2891.73
802.41	2512.86
802.60	2643.93
802.78	3018.71
802.97	2676.70
803.15	2566.10
803.34	2506.71
803.52	2895.83
803.71	3084.24
803.89	2234.33
804.08	2779.09
804.26	3139.54
804.45	2795.48
804.63	2602.97
804.82	2529.24
805.00	2828.24
805.19	3243.98
805.37	2353.12
805.56	2447.32
805.74	3233.74
805.93	2842.58
806.11	2658.26
806.30	2279.39
806.48	2815.96
806.67	3016.66
806.85	2609.11
807.04	2441.18
807.22	2740.18
807.41	2840.53
807.59	2801.62
807.78	2383.84
807.96	3137.49
808.15	2901.97
808.33	2693.08
808.52	2783.19
808.70	3170.26
808.89	2981.84
809.07	3037.14
809.26	2545.63
809.44	2901.97
809.63	3129.30
809.81	2828.24
810.00	2629.59
810.18	2922.45
810.37	2899.92
810.55	2619.35
810.74	2576.34
810.92	3106.77
811.11	3196.88
811.29	2162.66
811.48	2498.52
811.66	2752.47
811.84	2713.56
812.03	2674.65
812.21	2697.17
812.40	2820.05
812.58	2596.82
812.77	2785.24
812.95	2416.60
813.14	2842.58
813.32	2719.70
813.51	2514.91
813.69	2572.25
813.87	2768.85
814.06	2981.84
814.24	2650.07
814.43	2250.72
814.61	2961.36
814.80	3020.75
814.98	2392.03
815.16	2324.44
815.35	3102.67
815.53	3303.37
815.72	2502.62
815.90	2435.03
816.09	2844.63
816.27	2981.84
816.45	2668.50
816.64	2510.81
816.82	3186.64
817.01	2736.09
817.19	2396.12
817.37	2662.36
817.56	3088.34
817.74	2678.74
817.93	2777.05
818.11	2533.34
818.30	2852.82
818.48	2635.74
818.66	2652.12
818.85	2533.34
819.03	2914.26
819.21	2731.99
819.40	2654.17
819.58	3006.42
819.77	2875.35
819.95	2850.77
820.13	2863.06
820.32	2289.63
820.50	3110.86
820.69	3184.59
820.87	2469.85
821.05	2318.30
821.24	2873.30
821.42	2985.94
821.60	2510.81
821.79	2783.19
821.97	3030.99
822.16	3200.98
822.34	2559.96
822.52	2619.35
822.71	3276.75
822.89	2928.60
823.07	2686.94
823.26	2420.70
823.44	2801.62
823.62	2723.80
823.81	2668.50
823.99	2308.06
824.18	3030.99
824.36	2721.75
824.54	2707.41
824.73	2736.09
824.91	3246.03
825.09	3069.91
825.28	2867.16
825.46	2707.41
825.64	3178.45
825.83	2873.30
826.01	2656.22
826.19	2521.05
826.38	2858.96
826.56	2885.59
826.74	2441.18
826.93	2580.44
827.11	2924.50
827.29	2891.73
827.48	2566.10
827.66	2516.95
827.84	2990.03
828.03	2865.11
828.21	2291.68
828.39	2256.86
828.57	3117.01
828.76	3045.33
828.94	2428.89
829.12	2807.77
829.31	2879.44
829.49	2801.62
829.67	2365.40
829.86	2351.07
830.04	2852.82
830.22	3037.14
830.40	2586.58
830.59	2617.30
830.77	3004.37
830.95	2924.50
831.14	2912.21
831.32	2418.65
831.50	2748.37
831.69	2877.40
831.87	2813.91
832.05	2621.40
832.23	2926.55
832.42	3155.92
832.60	2402.27
832.78	2414.56
832.96	4157.38
833.15	3080.14
833.33	2508.76
833.51	2822.10
833.70	3059.67
833.88	2893.78
834.06	2768.85
834.24	2605.02
834.43	3184.59
834.61	2957.27
834.79	2703.32
834.97	2867.16
835.16	3037.14
835.34	2750.42
835.52	2729.94
835.70	2465.75
835.89	2949.08
836.07	3080.14
836.25	2723.80
836.43	2471.90
836.62	2838.48
836.80	3100.62
836.98	2500.57
837.16	2404.32
837.34	2799.57
837.53	3071.95
837.71	2691.03
837.89	2764.76
838.07	3022.80
838.26	3067.86
838.44	2609.11
838.62	3063.76
838.80	2973.65
838.99	3008.47
839.17	2488.28
839.35	2600.92
839.53	2922.45
839.71	3127.25
839.90	2359.26
840.08	2648.02
840.26	3037.14
840.44	3020.75
840.62	2787.29
840.81	2334.68
840.99	3258.32
841.17	2897.88
841.35	2668.50
841.53	2437.08
841.72	3110.86
841.90	2930.64
842.08	2435.03
842.26	2428.89
842.44	2932.69
842.63	3194.83
842.81	2856.92
842.99	2615.26
843.17	2942.93
843.35	2963.41
843.53	2824.15
843.72	2568.15
843.90	2965.46
844.08	2809.81
844.26	2519.00
844.44	2643.93
844.62	3149.78
844.81	2963.41
844.99	2834.39
845.17	2621.40
845.35	2904.02
845.53	2842.58
845.71	4323.26
845.90	2566.10
846.08	2940.88
846.26	2752.47
846.44	2400.22
846.62	2562.01
846.80	2914.26
846.98	2703.32
847.17	3530.70
847.35	2873.30
847.53	2973.65
847.71	2863.06
847.89	2918.36
848.07	2484.19
848.25	2881.49
848.44	2785.24
848.62	2789.33
848.80	2541.53
848.98	2742.23
849.16	2906.07
849.34	2838.48
849.52	2598.87
849.70	2965.46
849.89	3014.61
850.07	2623.45
850.25	2764.76
850.43	2891.73
850.61	3053.52
850.79	2420.70
850.97	2570.20
851.15	3090.38
851.33	2955.22
851.52	2555.86
851.70	2906.07
851.88	3055.57
852.06	2813.91
852.24	2484.19
852.42	2791.38
852.60	3162.06
852.78	3153.87
852.96	2639.83
853.14	2705.37
853.33	3178.45
853.51	2996.18
853.69	2777.05
853.87	2779.09
854.05	2832.34
854.23	2678.74
854.41	2514.91
854.59	2572.25
854.77	3010.51
854.95	2957.27
855.13	2492.38
855.31	2658.26
855.49	2807.77
855.68	2779.09
855.86	2557.91
856.04	2883.54
856.22	2670.55
856.40	2770.90
856.58	2566.10
856.76	2748.37
856.94	2695.13
857.12	2938.84
857.30	2367.45
857.48	2584.54
857.66	2977.75
857.84	3354.57
858.02	2602.97
858.20	2803.67
858.38	2731.99
858.56	2918.36
858.74	2406.36
858.92	2492.38
859.10	2893.78
859.29	2865.11
859.47	2408.41
859.65	2891.73
859.83	2916.31
860.01	2899.92
860.19	2553.82
860.37	2654.17
860.55	3018.71
860.73	2875.35
860.91	2519.00
861.09	3035.09
861.27	2871.25
861.45	3041.23
861.63	2473.95
861.81	2850.77
861.99	2865.11
862.17	2815.96
862.35	2432.99
862.53	2658.26
862.71	3112.91
862.89	2877.40
863.07	2557.91
863.25	2766.81
863.43	2930.64
863.61	3020.75
863.79	2850.77
863.97	2770.90
864.15	2963.41
864.33	2809.81
864.51	2621.40
864.69	2408.41
864.87	3057.62
865.05	2799.57
865.23	2645.98
865.41	2672.60
865.59	3160.02
865.77	2969.55
865.95	2705.37
866.13	2396.12
866.30	2805.72
866.48	2695.13
866.66	2713.56
866.84	2699.22
867.02	2813.91
867.20	2760.66
867.38	2566.10
867.56	2580.44
867.74	3200.98
867.92	2877.40
868.10	2627.54
868.28	2553.82
868.46	2987.99
868.64	3117.01
868.82	2600.92
869.00	2457.56
869.18	2858.96
869.36	3059.67
869.54	2875.35
869.72	2758.61
869.89	2883.54
870.07	2801.62
870.25	2643.93
870.43	2793.43
870.61	2703.32
870.79	2879.44
870.97	2600.92
871.15	2789.33
871.33	3375.05
871.51	2871.25
871.69	2721.75
871.87	2592.73
872.05	3035.09
872.22	3237.84
872.40	2463.71
872.58	2803.67
872.76	3145.68
872.94	3053.52
873.12	2699.22
873.30	2389.98
873.48	3037.14
873.66	3002.32
873.84	2670.55
874.01	2662.36
874.19	2861.01
874.37	2842.58
874.55	2482.14
874.73	2549.72
874.91	3194.83
875.09	2801.62
875.27	2512.86
875.45	2594.78
875.62	2969.55
875.80	2873.30
875.98	2547.67
876.16	2779.09
876.34	3080.14
876.52	2707.41
876.70	3096.53
876.88	2498.52
877.05	3063.76
877.23	2996.18
877.41	2666.46
877.59	3143.63
877.77	3030.99
877.95	2781.14
878.13	2480.09
878.30	2461.66
878.48	2942.93
878.66	3110.86
878.84	2815.96
879.02	2574.30
879.20	3039.19
879.37	3004.37
879.55	2680.79
879.73	2867.16
879.91	3014.61
880.09	2912.21
880.27	3121.10
880.45	2527.19
880.62	2826.20
880.80	2832.34
880.98	2635.74
881.16	2727.89
881.34	2967.51
881.51	2744.28
881.69	2693.08
881.87	2504.67
882.05	2885.59
882.23	2650.07
882.41	2521.05
882.58	2750.42
882.76	2996.18
882.94	2766.81
883.12	2861.01
883.30	2838.48
883.47	3039.19
883.65	2867.16
883.83	2793.43
884.01	2680.79
884.19	2893.78
884.36	2801.62
884.54	2373.60
884.72	2901.97
884.90	2889.68
885.08	3020.75
885.25	3475.40
885.43	2613.21
885.61	2834.39
885.79	2924.50
885.97	2867.16
886.14	2826.20
886.32	2863.06
886.50	3264.46
886.68	2633.69
886.85	2582.49
887.03	3112.91
887.21	3020.75
887.39	2768.85
887.56	2965.46
887.74	2893.78
887.92	2863.06
888.10	2772.95
888.27	2799.57
888.45	3172.30
888.63	3090.38
888.81	2590.68
888.99	2596.82
889.16	2815.96
889.34	2879.44
889.52	2398.17
889.69	2621.40
889.87	3139.54
890.05	2850.77
890.23	2795.48
890.40	2578.39
890.58	2818.00
890.76	2967.51
890.94	2654.17
891.11	2637.78
891.29	2897.88
891.47	2777.05
891.65	2957.27
891.82	2920.40
892.00	2742.23
892.18	2983.89
892.35	2662.36
892.53	2641.88
892.71	3125.20
892.89	3037.14
893.06	2707.41
893.24	2666.46
893.42	2633.69
893.59	2779.09
893.77	2545.63
893.95	2674.65
894.13	2731.99
894.30	3010.51
894.48	2652.12
894.66	3186.64
894.83	2895.83
895.01	2914.26
895.19	2826.20
895.36	2652.12
895.54	3112.91
895.72	2985.94
895.89	2498.52
896.07	2703.32
896.25	3086.29
896.43	2760.66
896.60	2889.68
896.78	2711.51
896.96	3168.21
897.13	3020.75
897.31	2541.53
897.49	2682.84
897.66	3172.30
897.84	2863.06
898.02	2783.19
898.19	2842.58
898.37	2799.57
898.55	3080.14
898.72	2906.07
898.90	2727.89
899.07	2934.74
899.25	2977.75
899.43	2865.11
899.60	3276.75
899.78	2832.34
899.96	2645.98
900.13	2621.40
900.31	2793.43
900.49	2914.26
900.66	3121.10
900.84	2910.16
901.02	2895.83
901.19	2985.94
901.37	2832.34
901.54	2658.26
901.72	2588.63
901.90	2908.12
902.07	2920.40
902.25	2695.13
902.43	2617.30
902.60	3080.14
902.78	2662.36
902.95	2750.42
903.13	2605.02
903.31	2785.24
903.48	2867.16
903.66	2744.28
903.83	2832.34
904.01	3016.66
904.19	2736.09
904.36	2766.81
904.54	2486.23
904.71	3026.90
904.89	2777.05
905.07	2652.12
905.24	2678.74
905.42	2899.92
905.59	3047.38
905.77	2840.53
905.95	2719.70
906.12	2748.37
906.30	2879.44
906.47	2934.74
906.65	3051.47
906.82	3112.91
907.00	3112.91
907.18	2424.80
907.35	2617.30
907.53	3045.33
907.70	3039.19
907.88	2695.13
908.05	3684.30
908.23	3051.47
908.41	2977.75
908.58	2695.13
908.76	2363.36
908.93	3106.77
909.11	2953.17
909.28	2727.89
909.46	2510.81
909.63	3104.72
909.81	2942.93
909.99	2742.23
910.16	2508.76
910.34	2789.33
910.51	2922.45
910.69	2734.04
910.86	2486.23
911.04	2961.36
911.21	2627.54
911.39	3186.64
911.56	2559.96
911.74	2775.00
911.91	2951.12
912.09	2621.40
912.26	2621.40
912.44	2654.17
912.62	2727.89
912.79	2658.26
912.97	2848.72
913.14	3194.83
913.32	3004.37
913.49	2701.27
913.67	2764.76
913.84	2621.40
914.02	2736.09
914.19	2627.54
914.37	2797.53
914.54	2748.37
914.72	2531.29
914.89	2605.02
915.07	2965.46
915.24	2799.57
915.42	2838.48
915.59	2621.40
915.77	2840.53
915.94	3137.49
916.12	3219.41
916.29	2668.50
916.46	2826.20
916.64	2955.22
916.81	3186.64
916.99	2707.41
917.16	2705.37
917.34	3200.98
917.51	3051.47
917.69	2562.01
917.86	2602.97
918.04	2924.50
918.21	3147.73
918.39	2826.20
918.56	2658.26
918.74	2688.98
918.91	3237.84
919.08	2432.99
919.26	2879.44
919.43	2959.31
919.61	2858.96
919.78	2686.94
919.96	2981.84
920.13	3112.91
920.31	2998.23
920.48	2885.59
920.65	2676.70
920.83	3162.06
921.00	2987.99
921.18	2676.70
921.35	2858.96
921.53	2885.59
921.70	2815.96
921.88	2627.54
922.05	2486.23
922.22	2709.46
922.40	2875.35
922.57	2703.32
922.75	2336.73
922.92	2840.53
923.09	2795.48
923.27	2674.65
923.44	3008.47
923.62	2750.42
923.79	3102.67
923.96	2678.74
924.14	2531.29
924.31	3006.42
924.49	2887.64
924.66	2682.84
924.83	2709.46
925.01	2908.12
925.18	3178.45
925.36	2963.41
925.53	2553.82
925.70	2873.30
925.88	2709.46
926.05	2815.96
926.23	2877.40
926.40	2996.18
926.57	2990.03
926.75	2760.66
926.92	2506.71
927.09	2912.21
927.27	2742.23
927.44	2799.57
927.62	2617.30
927.79	3037.14
927.96	2639.83
928.14	2572.25
928.31	2742.23
928.48	3196.88
928.66	2781.14
928.83	2539.48
929.00	2744.28
929.18	2797.53
929.35	2818.00
929.52	2987.99
929.70	2596.82
929.87	2752.47
930.05	2754.52
930.22	2746.33
930.39	2775.00
930.57	2848.72
930.74	3268.56
930.91	2588.63
931.09	2848.72
931.26	2867.16
931.43	3020.75
931.61	2357.21
931.78	2695.13
931.95	2916.31
932.12	3225.55
932.30	2588.63
932.47	2928.60
932.64	2686.94
932.82	2734.04
932.99	2725.85
933.16	2627.54
933.34	2793.43
933.51	2973.65
933.68	2521.05
933.86	2947.03
934.03	2858.96
934.20	2766.81
934.38	2969.55
934.55	2539.48
934.72	3348.43
934.89	3004.37
935.07	2619.35
935.24	2906.07
935.41	2815.96
935.59	2887.64
935.76	2619.35
935.93	2662.36
936.10	2901.97
936.28	2899.92
936.45	2678.74
936.62	2639.83
936.79	3078.10
936.97	2752.47
937.14	2748.37
937.31	2748.37
937.49	2789.33
937.66	2926.55
937.83	2938.84
938.00	2887.64
938.18	3119.06
938.35	3059.67
938.52	2760.66
938.69	2688.98
938.87	2867.16
939.04	2828.24
939.21	2727.89
939.38	2656.22
939.56	2834.39
939.73	2543.58
939.90	2787.29
940.07	2609.11
940.25	2854.87
940.42	2895.83
940.59	2824.15
940.76	2656.22
940.94	2678.74
941.11	2768.85
941.28	2818.00
941.45	2822.10
941.62	2861.01
941.80	2701.27
941.97	2738.13
942.14	2480.09
942.31	3190.74
942.48	2791.38
942.66	2670.55
942.83	2858.96
943.00	2562.01
943.17	3092.43
943.35	2934.74
943.52	2684.89
943.69	2594.78
943.86	2736.09
944.03	2432.99
944.21	3024.85
944.38	2815.96
944.55	2766.81
944.72	2695.13
944.89	2527.19
945.06	2850.77
945.24	2809.81
945.41	3045.33
945.58	2752.47
945.75	2899.92
945.92	2635.74
946.10	2949.08
946.27	2449.37
946.44	2762.71
946.61	2719.70
946.78	2957.27
946.95	2605.02
947.13	2686.94
947.30	2721.75
947.47	2703.32
947.64	2797.53
947.81	2981.84
947.98	2807.77
948.16	2738.13
948.33	2703.32
948.50	2699.22
948.67	2748.37
948.84	2963.41
949.01	2691.03
949.18	2805.72
949.36	2934.74
949.53	2697.17
949.70	2635.74
949.87	3024.85
950.04	2680.79
950.21	2846.68
950.38	2650.07
950.56	2832.34
950.73	2912.21
950.90	2684.89
951.07	2838.48
951.24	2805.72
951.41	2809.81
951.58	2670.55
951.75	2801.62
951.92	2766.81
952.10	2822.10
952.27	2504.67
952.44	2840.53
952.61	3452.88
952.78	2826.20
952.95	2586.58
953.12	2867.16
953.29	2922.45
953.46	2721.75
953.64	2871.25
953.81	2586.58
953.98	2967.51
954.15	2719.70
954.32	2693.08
954.49	2514.91
954.66	2754.52
954.83	2725.85
955.00	2498.52
955.17	2779.09
955.34	2719.70
955.51	2799.57
955.69	3342.28
955.86	2662.36
956.03	2799.57
956.20	2885.59
956.37	2768.85
956.54	2510.81
956.71	2865.11
956.88	2627.54
957.05	2660.31
957.22	2531.29
957.39	2949.08
957.56	2643.93
957.73	2631.64
957.90	2613.21
958.07	2965.46
958.24	3010.51
958.41	2512.86
958.59	2705.37
958.76	2883.54
958.93	3127.25
959.10	2734.04
959.27	2611.16
959.44	3071.95
959.61	2818.00
959.78	2865.11
959.95	2676.70
960.12	3076.05
960.29	2867.16
960.46	2568.15
960.63	2418.65
960.80	2891.73
960.97	3051.47
961.14	2498.52
961.31	2768.85
961.48	3016.66
961.65	2899.92
961.82	2791.38
961.99	2795.48
962.16	2736.09
962.33	2852.82
962.50	2848.72
962.67	2523.10
962.84	2858.96
963.01	2676.70
963.18	2611.16
963.35	2609.11
963.52	3000.27
963.69	2873.30
963.86	2891.73
964.03	2799.57
964.20	3186.64
964.37	2981.84
964.54	2922.45
964.71	2709.46
964.88	2809.81
965.05	2850.77
965.22	2641.88
965.39	2846.68
965.56	2768.85
965.73	2674.65
965.90	3016.66
966.07	2566.10
966.24	2891.73
966.41	2764.76
966.58	2777.05
966.74	2987.99
966.91	3162.06
967.08	3061.71
967.25	2672.60
967.42	2619.35
967.59	3010.51
967.76	2643.93
967.93	2762.71
968.10	2764.76
968.27	2834.39
968.44	2895.83
968.61	2709.46
968.78	2457.56
968.95	2772.95
969.12	2815.96
969.29	2809.81
969.46	2541.53
969.62	3170.26
969.79	2648.02
969.96	2578.39
970.13	2559.96
970.30	2879.44
970.47	2957.27
970.64	2772.95
970.81	2705.37
970.98	2975.70
971.15	2764.76
971.32	2512.86
971.49	2996.18
971.65	3112.91
971.82	2949.08
971.99	2772.95
972.16	2998.23
972.33	2926.55
972.50	2797.53
972.67	2858.96
972.84	2772.95
973.01	2731.99
973.17	3065.81
973.34	2936.79
973.51	2850.77
973.68	2891.73
973.85	2736.09
974.02	2793.43
974.19	2572.25
974.36	2904.02
974.53	2961.36
974.69	2879.44
974.86	2619.35
975.03	3153.87
975.20	2711.51
975.37	2793.43
975.54	2871.25
975.71	2967.51
975.87	2787.29
976.04	2971.60
976.21	2709.46
976.38	2871.25
976.55	2785.24
976.72	2617.30
976.89	2955.22
977.05	3004.37
977.22	3053.52
977.39	2523.10
977.56	2799.57
977.73	2826.20
977.90	2594.78
978.06	2832.34
978.23	2789.33
978.40	2791.38
978.57	2981.84
978.74	2914.26
978.91	2916.31
979.07	2858.96
979.24	2987.99
979.41	2686.94
979.58	2742.23
979.75	3086.29
979.91	2699.22
980.08	2459.61
980.25	2752.47
980.42	2944.98
980.59	2813.91
980.75	2578.39
980.92	2619.35
981.09	2840.53
981.26	2818.00
981.43	2985.94
981.59	2748.37
981.76	2795.48
981.93	2777.05
982.10	2629.59
982.27	2658.26
982.43	2863.06
982.60	2666.46
982.77	2525.15
982.94	2658.26
983.11	2789.33
983.27	2617.30
983.44	2664.41
983.61	2785.24
983.78	3184.59
983.94	3069.91
984.11	2625.50
984.28	2805.72
984.45	3180.50
984.61	2701.27
984.78	2596.82
984.95	2605.02
985.12	2918.36
985.28	3061.71
985.45	2625.50
985.62	2654.17
985.79	2781.14
985.95	2734.04
986.12	2467.80
986.29	2664.41
986.46	3057.62
986.62	3090.38
986.79	2736.09
986.96	2508.76
987.13	2803.67
987.29	3149.78
987.46	2715.61
987.63	2629.59
987.80	2676.70
987.96	3092.43
988.13	2613.21
988.30	2635.74
988.46	2783.19
988.63	2998.23
988.80	2209.76
988.97	2109.41
989.13	2865.11
989.30	3014.61
989.47	2080.74
989.63	2168.80
989.80	3162.06
989.97	2846.68
990.13	2375.64
990.30	2674.65
990.47	2789.33
990.64	2777.05
990.80	2121.70
990.97	2310.11
991.14	2740.18
991.30	2875.35
991.47	2140.13
991.64	2310.11
991.80	2895.83
991.97	2799.57
992.14	2193.37
992.30	2645.98
992.47	2799.57
992.64	2938.84
992.80	2260.96
992.97	2174.94
993.14	3160.02
993.30	3743.69
993.47	2250.72
993.64	2246.62
993.80	3131.34
993.97	2928.60
994.14	2361.31
994.30	2578.39
994.47	2930.64
994.64	2883.54
994.80	2490.33
994.97	2326.49
995.14	3133.39
995.30	2957.27
995.47	2349.02
995.63	2439.13
995.80	2852.82
995.97	3268.56
996.13	2287.58
996.30	2263.01
996.47	2838.48
996.63	3422.16
996.80	2766.81
996.97	2408.41
997.13	3096.53
997.30	3153.87
997.46	2172.89
997.63	2469.85
997.80	3108.82
997.96	2985.94
998.13	2287.58
998.29	2363.36
998.46	2867.16
998.63	2709.46
998.79	2170.85
998.96	2383.84
999.12	3055.57
999.29	2813.91
999.46	2363.36
999.62	2572.25
999.79	3010.51
999.95	2926.55
1000.12	2260.96
1000.29	2398.17
1000.45	2973.65
1000.62	3055.57
1000.78	2353.12
1000.95	2344.92
1001.11	2975.70
1001.28	3020.75
1001.45	2252.77
1001.61	2539.48
1001.78	3004.37
1001.94	3080.14
1002.11	2422.75
1002.27	2541.53
1002.44	3131.34
1002.61	3028.95
1002.77	2273.25
1002.94	2195.42
1003.10	3012.56
1003.27	3010.51
1003.43	2336.73
1003.60	2383.84
1003.76	2889.68
1003.93	2858.96
1004.10	2471.90
1004.26	2473.95
1004.43	3051.47
1004.59	3276.75
1004.76	2217.95
1004.92	2342.88
1005.09	3127.25
1005.25	3004.37
1005.42	2236.38
1005.58	2514.91
1005.75	3110.86
1005.91	2922.45
1006.08	2531.29
1006.24	2193.37
1006.41	2861.01
1006.57	2955.22
1006.74	2279.39
1006.90	2480.09
1007.07	2772.95
1007.23	3420.11
1007.40	2355.16
1007.56	2236.38
1007.73	2783.19
1007.89	3002.32
1008.06	2609.11
1008.22	2453.47
1008.39	2961.36
1008.55	2834.39
1008.72	2420.70
1008.88	2314.20
1009.05	2789.33
1009.21	3055.57
1009.38	2150.37
1009.54	2293.72
1009.71	3162.06
1009.87	3332.05
1010.04	2088.93
1010.20	2531.29
1010.37	2645.98
1010.53	3143.63
1010.70	2416.60
1010.86	2283.49
1011.03	2758.61
1011.19	2793.43
1011.35	2441.18
1011.52	2336.73
1011.68	2793.43
1011.85	2889.68
1012.01	2623.45
1012.18	2502.62
1012.34	2848.72
1012.51	2789.33
1012.67	2412.51
1012.83	2461.66
1013.00	3049.43
1013.16	2727.89
1013.33	2295.77
1013.49	2678.74
1013.66	3006.42
1013.82	3370.96
1013.99	2351.07
1014.15	2375.64
1014.31	3028.95
1014.48	2928.60
1014.64	2463.71
1014.81	2379.74
1014.97	2785.24
1015.13	3151.82
1015.30	2392.03
1015.46	2418.65
1015.63	2742.23
1015.79	2883.54
1015.95	2211.81
1016.12	2252.77
1016.28	2818.00
1016.45	2885.59
1016.61	2375.64
1016.77	2553.82
1016.94	2818.00
1017.10	3080.14
1017.27	2342.88
1017.43	2289.63
1017.59	2846.68
1017.76	3012.56
1017.92	2226.14
1018.09	2203.61
1018.25	3180.50
1018.41	3092.43
1018.58	2490.33
1018.74	2451.42
1018.90	2940.88
1019.07	2942.93
1019.23	2238.43
1019.40	2324.44
1019.56	2918.36
1019.72	2731.99
1019.89	2451.42
1020.05	2848.72
1020.21	3018.71
1020.38	2914.26
1020.54	2117.60
1020.70	2457.56
1020.87	2928.60
1021.03	3028.95
1021.19	2400.22
1021.36	2176.99
1021.52	3090.38
1021.68	3157.97
1021.85	2758.61
1022.01	2408.41
1022.17	2924.50
1022.34	3065.81
1022.50	2306.01
1022.66	2457.56
1022.83	3125.20
1022.99	3030.99
1023.15	2258.91
1023.32	2551.77
1023.48	2971.60
1023.64	2842.58
1023.81	2213.85
1023.97	2523.10
1024.13	2899.92
1024.30	2873.30
1024.46	2584.54
1024.62	2398.17
1024.79	2983.89
1024.95	3119.06
1025.11	2107.36
1025.27	2392.03
1025.44	2736.09
1025.60	2844.63
1025.76	2461.66
1025.93	2324.44
1026.09	2895.83
1026.25	2875.35
1026.41	2406.36
1026.58	2226.14
1026.74	2764.76
1026.90	3213.26
1027.07	2598.87
1027.23	2326.49
1027.39	2904.02
1027.55	3149.78
1027.72	2412.51
1027.88	2455.51
1028.04	2772.95
1028.20	3039.19
1028.37	2136.03
1028.53	2359.26
1028.69	2609.11
1028.85	2930.64
1029.02	2586.58
1029.18	2299.87
1029.34	2797.53
1029.50	2969.55
1029.67	2578.39
1029.83	2383.84
1029.99	3055.57
1030.15	2875.35
1030.32	2248.67
1030.48	2463.71
1030.64	2887.64
1030.80	3227.60
1030.97	2570.20
1031.13	2260.96
1031.29	3129.30
1031.45	3026.90
1031.61	2263.01
1031.78	2291.68
1031.94	3282.89
1032.10	3037.14
1032.26	2463.71
1032.42	2342.88
1032.59	3153.87
1032.75	2850.77
1032.91	2306.01
1033.07	2437.08
1033.24	2762.71
1033.40	3395.53
1033.56	2408.41
1033.72	2217.95
1033.88	3018.71
1034.04	3375.05
1034.21	2435.03
1034.37	2488.28
1034.53	3057.62
1034.69	2779.09
1034.85	2361.31
1035.02	2398.17
1035.18	2871.25
1035.34	3203.02
1035.50	2211.81
1035.66	2459.61
1035.82	2928.60
1035.99	3219.41
1036.15	2318.30
1036.31	2580.44
1036.47	3092.43
1036.63	3375.05
1036.79	2871.25
1036.96	2617.30
1037.12	3170.26
1037.28	2746.33
1037.44	2152.42
1037.60	2277.34
1037.76	2865.11
1037.92	2932.69
1038.09	2179.04
1038.25	2668.50
1038.41	3121.10
1038.57	3143.63
1038.73	2293.72
1038.89	2230.24
1039.05	3030.99
1039.22	3020.75
1039.38	2381.79
1039.54	2727.89
1039.70	3018.71
1039.86	3147.73
1040.02	2342.88
1040.18	2445.27
1040.34	2961.36
1040.51	3198.93
1040.67	3145.68
1040.83	2678.74
1040.99	3119.06
1041.15	3309.52
1041.31	2287.58
1041.47	2592.73
1041.63	2910.16
