345.74	1286.12
345.96	1286.12
346.17	1286.12
346.39	1327.08
346.60	1392.62
346.81	2398.17
347.03	2424.80
347.24	3127.25
347.46	3104.72
347.67	2543.58
347.89	2521.05
348.10	3008.47
348.32	2895.83
348.53	2422.75
348.75	2533.34
348.96	2742.23
349.18	3123.15
349.39	2430.94
349.61	2478.04
349.82	2965.46
350.04	3002.32
350.25	2449.37
350.47	2570.20
350.68	3047.38
350.90	3203.02
351.11	2426.84
351.32	2473.95
351.54	3170.26
351.75	3243.98
351.97	2504.67
352.18	2398.17
352.40	2801.62
352.61	3276.75
352.83	2559.96
353.04	2306.01
353.26	3102.67
353.47	2936.79
353.69	2416.60
353.90	2389.98
354.11	2764.76
354.33	3303.37
354.54	2220.00
354.76	2605.02
354.97	2799.57
355.19	3125.20
355.40	2367.45
355.62	2916.31
355.83	2951.12
356.04	2969.55
356.26	2334.68
356.47	2543.58
356.69	2809.81
356.90	3393.48
357.12	2482.14
357.33	2314.20
357.55	2875.35
357.76	2891.73
357.97	2342.88
358.19	2553.82
358.40	2815.96
358.62	3241.93
358.83	2398.17
359.05	2588.63
359.26	2858.96
359.47	2965.46
359.69	2537.43
359.90	2830.29
360.12	2842.58
360.33	2899.92
360.55	2344.92
360.76	2643.93
360.97	2998.23
361.19	3235.79
361.40	2410.46
361.62	2547.67
361.83	3305.42
362.04	3266.51
362.26	2410.46
362.47	2531.29
362.69	2865.11
362.90	3055.57
363.12	2406.36
363.33	2482.14
363.54	2916.31
363.76	3174.35
363.97	2582.49
364.19	2457.56
364.40	3233.74
364.61	2949.08
364.83	2242.53
365.04	2627.54
365.26	2891.73
365.47	3196.88
365.68	2441.18
365.90	2625.50
366.11	2867.16
366.33	3260.37
366.54	2439.13
366.75	2320.35
366.97	2711.51
367.18	2893.78
367.40	2607.06
367.61	2435.03
367.82	2987.99
368.04	3157.97
368.25	2633.69
368.46	2594.78
368.68	2826.20
368.89	3246.03
369.11	2502.62
369.32	2615.26
369.53	3153.87
369.75	3030.99
369.96	2754.52
370.18	2760.66
370.39	2838.48
370.60	2924.50
370.82	2404.32
371.03	2457.56
371.24	3243.98
371.46	2887.64
371.67	2617.30
371.88	2473.95
372.10	2715.61
372.31	2697.17
372.53	2303.96
372.74	2422.75
372.95	2670.55
373.17	2768.85
373.38	2662.36
373.59	2566.10
373.81	2959.31
374.02	3313.61
374.23	2404.32
374.45	2797.53
374.66	3063.76
374.88	3055.57
375.09	2432.99
375.30	2736.09
375.52	2953.17
375.73	3106.77
375.94	2351.07
376.16	2691.03
376.37	3135.44
376.58	3143.63
376.80	2639.83
377.01	2682.84
377.22	3495.88
377.44	3162.06
377.65	2574.30
377.86	2281.44
378.08	2996.18
378.29	2758.61
378.50	2566.10
378.72	2373.60
378.93	3397.58
379.14	3147.73
379.36	2893.78
379.57	2580.44
379.78	2680.79
380.00	3037.14
380.21	2308.06
380.42	2258.91
380.64	2674.65
380.85	2711.51
381.06	2586.58
381.28	2432.99
381.49	3340.24
381.70	2830.29
381.92	2383.84
382.13	2602.97
382.34	3346.38
382.56	3227.60
382.77	2529.24
382.98	2525.15
383.19	3065.81
383.41	3045.33
383.62	2480.09
383.83	2596.82
384.05	2979.79
384.26	3022.80
384.47	2648.02
384.69	2602.97
384.90	2930.64
385.11	3270.61
385.33	2426.84
385.54	2674.65
385.75	2777.05
385.96	3186.64
386.18	3012.56
386.39	2602.97
386.60	2891.73
386.82	3305.42
387.03	2525.15
387.24	2523.10
387.45	2820.05
387.67	2858.96
387.88	2660.31
388.09	2533.34
388.31	2734.04
388.52	2934.74
388.73	2887.64
388.94	2416.60
389.16	3160.02
389.37	2789.33
389.58	2555.86
389.80	2533.34
390.01	2871.25
390.22	3069.91
390.43	2684.89
390.65	2623.45
390.86	2947.03
391.07	3076.05
391.29	2521.05
391.50	2232.29
391.71	3094.48
391.92	3078.10
392.14	2621.40
392.35	2611.16
392.56	2725.85
392.77	3030.99
392.99	2617.30
393.20	2437.08
393.41	2838.48
393.62	2957.27
393.84	2430.94
394.05	2656.22
394.26	3004.37
394.47	3184.59
394.69	2815.96
394.90	2834.39
395.11	2983.89
395.32	2920.40
395.54	2494.43
395.75	2365.40
395.96	2783.19
396.17	3268.56
396.39	2887.64
396.60	2484.19
396.81	3004.37
397.02	2940.88
397.24	2793.43
397.45	2856.92
397.66	2883.54
397.87	3176.40
398.09	2650.07
398.30	2359.26
398.51	3172.30
398.72	2744.28
398.94	2533.34
399.15	2934.74
399.36	3110.86
399.57	3217.36
399.79	2711.51
400.00	2777.05
400.21	2674.65
400.42	2994.13
400.63	2535.39
400.85	2783.19
401.06	2924.50
401.27	3018.71
401.48	3080.14
401.70	2580.44
401.91	3344.33
402.12	3100.62
402.33	2750.42
402.54	2514.91
402.76	2957.27
402.97	3321.81
403.18	2531.29
403.39	2537.43
403.60	3219.41
403.82	2908.12
404.03	2252.77
404.24	2562.01
404.45	3137.49
404.66	3233.74
404.88	2383.84
405.09	2932.69
405.30	3059.67
405.51	2947.03
405.73	2473.95
405.94	2349.02
406.15	2861.01
406.36	2916.31
406.57	2537.43
406.78	2482.14
407.00	2940.88
407.21	3145.68
407.42	2283.49
407.63	2826.20
407.84	3065.81
408.06	2975.70
408.27	2447.32
408.48	2521.05
408.69	2875.35
408.90	2850.77
409.12	2400.22
409.33	2514.91
409.54	2703.32
409.75	2875.35
409.96	2568.15
410.17	2715.61
410.39	2846.68
410.60	3270.61
410.81	2637.78
411.02	2768.85
411.23	4497.34
411.44	2668.50
411.66	2586.58
411.87	2867.16
412.08	3313.61
412.29	2793.43
412.50	2506.71
412.71	2469.85
412.93	2830.29
413.14	2949.08
413.35	2680.79
413.56	2551.77
413.77	2983.89
413.98	2965.46
414.20	2449.37
414.41	2699.22
414.62	2963.41
414.83	2758.61
415.04	2475.99
415.25	2633.69
415.46	3266.51
415.68	2891.73
415.89	2375.64
416.10	2588.63
416.31	2705.37
416.52	3069.91
416.73	2602.97
416.94	2547.67
417.16	2914.26
417.37	3043.28
417.58	2662.36
417.79	2404.32
418.00	2957.27
418.21	2826.20
418.42	2588.63
418.64	2428.89
418.85	2670.55
419.06	3004.37
419.27	2389.98
419.48	2707.41
419.69	2957.27
419.90	2719.70
420.11	2430.94
420.33	2478.04
420.54	3260.37
420.75	3110.86
420.96	2330.59
421.17	2660.31
421.38	2932.69
421.59	2854.87
421.80	2363.36
422.02	2523.10
422.23	2889.68
422.44	3143.63
422.65	2453.47
422.86	2529.24
423.07	2775.00
423.28	2914.26
423.49	2336.73
423.70	2605.02
423.92	2686.94
424.13	3256.27
424.34	2387.93
424.55	2471.90
424.76	3151.82
424.97	3162.06
425.18	2422.75
425.39	2703.32
425.60	2758.61
425.81	2836.44
426.03	2615.26
426.24	2473.95
426.45	2914.26
426.66	3352.52
426.87	2555.86
427.08	2842.58
427.29	3002.32
427.50	3022.80
427.71	2432.99
427.92	2584.54
428.13	2840.53
428.34	2865.11
428.56	2822.10
428.77	2709.46
428.98	3510.22
429.19	3088.34
429.40	2693.08
429.61	2592.73
429.82	3045.33
430.03	2910.16
430.24	2725.85
430.45	2340.83
430.66	3133.39
430.87	2910.16
431.08	2580.44
431.30	2457.56
431.51	3063.76
431.72	2969.55
431.93	2731.99
432.14	2514.91
432.35	3104.72
432.56	3301.33
432.77	2535.39
432.98	2605.02
433.19	3110.86
433.40	3012.56
433.61	2502.62
433.82	2617.30
434.03	2858.96
434.24	2994.13
434.45	3100.62
434.66	3110.86
434.87	3237.84
435.09	3043.28
435.30	2742.23
435.51	2893.78
435.72	3119.06
435.93	2863.06
436.14	2809.81
436.35	2752.47
436.56	3180.50
436.77	3090.38
436.98	2707.41
437.19	2914.26
437.40	3506.12
437.61	3151.82
437.82	2764.76
438.03	2668.50
438.24	3178.45
438.45	3219.41
438.66	2635.74
438.87	2682.84
439.08	3102.67
439.29	3088.34
439.50	3065.81
439.71	3172.30
439.92	2953.17
440.13	2998.23
440.34	2856.92
440.55	3074.00
440.76	3047.38
440.97	3452.88
441.18	3084.24
441.39	2955.22
441.60	3166.16
441.81	3196.88
442.02	3022.80
442.23	3016.66
442.44	3454.92
442.65	3235.79
442.86	3223.50
443.07	3360.72
443.28	3334.09
443.49	3430.35
443.70	3399.63
443.91	3084.24
444.12	3389.39
444.33	3440.59
444.54	3297.23
444.75	3354.57
444.96	3755.97
445.17	3825.61
445.38	3590.09
445.59	3444.68
445.80	3762.12
446.01	3426.25
446.22	3887.04
446.43	3430.35
446.64	3489.74
446.85	3676.10
447.06	3600.33
447.27	3657.67
447.48	4087.75
447.69	3907.52
447.90	3807.17
448.11	3381.20
448.32	4059.07
448.53	3997.64
448.74	4011.97
448.95	3866.56
449.16	3968.96
449.37	4136.90
449.58	3878.85
449.79	3907.52
450.00	4007.87
450.21	4145.09
450.42	4243.39
450.63	4134.85
450.84	4317.12
451.05	4179.90
451.26	4337.60
451.47	4333.50
451.68	4882.36
451.89	4702.14
452.10	4532.15
452.30	4835.25
452.51	4767.67
452.72	4710.33
452.93	4880.31
453.14	5011.38
453.35	5101.49
453.56	5171.12
453.77	5046.20
453.98	4995.00
454.19	5558.19
454.40	5263.28
454.61	5431.21
454.82	5294.00
455.03	5269.42
455.24	5658.54
455.45	5650.35
455.66	5873.57
455.87	5822.38
456.07	5808.04
456.28	5957.54
456.49	6043.56
456.70	6494.11
456.91	6535.07
457.12	6297.50
457.33	6373.28
457.54	6789.02
457.75	7102.36
457.96	6991.77
458.17	7090.07
458.38	7081.88
458.59	7135.12
458.79	7227.28
459.00	7051.16
459.21	7669.64
459.42	7612.30
459.63	7720.84
459.84	7806.86
460.05	9060.21
460.26	8499.07
460.47	8327.04
460.68	8400.77
460.89	9269.11
461.09	9400.18
461.30	9289.59
461.51	9351.03
461.72	9803.63
461.93	9881.45
462.14	9924.46
462.35	9850.73
462.56	10360.67
462.77	10241.89
462.98	10768.22
463.18	11011.93
463.39	11296.60
463.60	11679.57
463.81	11673.42
464.02	12343.11
464.23	12560.19
464.44	13276.98
464.65	12615.49
464.86	12939.07
465.06	13236.02
465.27	13197.11
465.48	13516.59
465.69	13508.40
465.90	14274.34
466.11	14753.57
466.32	14368.55
466.53	15044.38
466.74	15355.67
466.94	15595.28
467.15	16035.60
467.36	15945.48
467.57	16989.95
467.78	17129.21
467.99	17110.78
468.20	18247.40
468.40	17643.25
468.61	18185.96
468.82	18740.96
469.03	19148.51
469.24	19996.37
469.45	19793.62
469.66	19687.12
469.86	19693.27
470.07	21065.41
470.28	20625.09
470.49	20995.78
470.70	21182.14
470.91	21837.49
471.12	22724.26
471.32	22564.52
471.53	22705.83
471.74	22910.63
471.95	23096.99
472.16	23238.30
472.37	23422.62
472.58	23836.31
472.78	23404.19
472.99	23797.40
473.20	24651.40
473.41	24755.85
473.62	24632.97
473.83	25419.39
474.03	25353.85
474.24	25452.16
474.45	25472.64
474.66	25220.74
474.87	25413.24
475.08	25824.89
475.28	26187.38
475.49	26625.64
475.70	26058.35
475.91	26758.76
476.12	26015.35
476.32	26246.77
476.53	26310.25
476.74	26359.41
476.95	26082.93
477.16	25702.01
477.37	26353.26
477.57	26072.69
477.78	26201.71
477.99	26185.33
478.20	25603.71
478.41	26013.30
478.61	25716.34
478.82	25572.99
479.03	25091.71
479.24	25491.07
479.45	25296.51
479.65	24835.72
479.86	24970.88
480.07	24692.36
480.28	24241.81
480.49	25163.39
480.69	23731.86
480.90	23703.19
481.11	23658.14
481.32	22578.86
481.53	22941.35
481.73	22879.91
481.94	22433.45
482.15	22187.69
482.36	22062.77
482.57	21798.58
482.77	21982.90
482.98	21368.51
483.19	21116.61
483.40	21028.54
483.60	20494.02
483.81	20076.24
484.02	20291.27
484.23	19887.82
484.44	19533.53
484.64	19373.78
484.85	19025.63
485.06	19136.22
485.27	18648.80
485.47	18728.67
485.68	18026.22
485.89	18347.75
486.10	18165.48
486.31	18083.56
486.51	17426.17
486.72	17368.82
486.93	17112.83
487.14	16748.29
487.34	16314.12
487.55	16733.95
487.76	16369.41
487.97	16434.95
488.17	15951.63
488.38	16002.83
488.59	15535.89
488.80	15656.72
489.00	15308.57
489.21	15310.61
489.42	14597.92
489.63	14743.33
489.83	14434.08
490.04	14292.77
490.25	14092.07
490.46	13858.60
490.66	14081.83
490.87	13891.37
491.08	13399.86
491.29	13076.28
491.49	12959.55
491.70	13080.38
491.91	12953.40
492.11	12857.15
492.32	12683.07
492.53	12093.26
492.74	12576.58
492.94	12169.03
493.15	12134.21
493.36	11941.71
493.57	11665.23
493.77	11595.60
493.98	11554.64
494.19	11462.48
494.39	11396.95
494.60	10735.45
494.81	10723.16
495.02	11048.79
495.22	10778.46
495.43	10434.40
495.64	10090.34
495.84	10092.39
496.05	10606.43
496.26	10033.00
496.47	10065.77
496.67	10139.49
496.88	9635.69
497.09	9301.87
497.29	9054.07
497.50	9011.06
497.71	9486.19
497.91	8824.70
498.12	9082.74
498.33	8787.83
498.54	8824.70
498.74	8652.67
498.95	8224.64
499.16	8525.69
499.36	8152.96
499.57	7790.47
499.78	7753.61
499.98	7905.16
500.19	7761.80
500.40	7593.87
500.60	7784.33
500.81	7747.47
501.02	7659.40
501.22	7716.75
501.43	6967.19
501.64	7364.50
501.85	7290.77
502.05	7585.68
502.26	6733.72
502.47	7315.34
502.67	6903.70
502.88	6643.61
503.09	6573.98
503.29	6315.94
503.50	6571.93
503.71	6698.91
503.91	6264.74
504.12	6209.44
504.33	6174.63
504.53	6039.46
504.74	6123.43
504.95	6365.09
505.15	5965.73
505.36	6008.74
505.56	5767.08
505.77	6328.22
505.98	5672.87
506.18	5939.11
506.39	5449.64
506.60	5388.21
506.80	5814.18
507.01	5447.60
507.22	5427.12
507.42	5570.48
507.63	5234.61
507.84	5234.61
508.04	4972.47
508.25	5640.11
508.45	5593.00
508.66	5162.93
508.87	4913.08
509.07	5130.16
509.28	5048.24
509.49	4812.73
509.69	5203.89
509.90	4915.12
510.11	4726.71
510.31	4685.75
510.52	4607.93
510.72	4747.19
510.93	4739.00
511.14	4431.80
511.34	4333.50
511.55	4437.95
511.76	4995.00
511.96	4919.22
512.17	4468.67
512.37	4687.80
512.58	4380.61
512.79	4181.95
512.99	4345.79
513.20	4437.95
513.40	4429.76
513.61	4249.54
513.82	4179.90
514.02	4204.48
514.23	4136.90
514.43	4607.93
514.64	4026.31
514.85	4278.21
515.05	4399.04
515.26	4030.40
515.46	4089.79
515.67	4169.66
515.88	3936.20
516.08	4306.88
516.29	3856.33
516.49	3991.49
516.70	3956.68
516.91	3833.80
517.11	3833.80
517.32	3874.76
517.52	4050.88
517.73	3805.13
517.93	3948.48
518.14	3860.42
518.35	3610.57
518.55	3407.82
518.76	3864.52
518.96	3993.54
519.17	3493.83
519.38	3614.66
519.58	3788.74
519.79	3643.34
519.99	3643.34
520.20	3596.23
520.40	3438.54
520.61	3661.77
520.82	3858.37
521.02	3712.97
521.23	3571.66
521.43	3645.38
521.64	3362.76
521.84	3299.28
522.05	3354.57
522.25	3227.60
522.46	3268.56
522.67	3383.24
522.87	3575.75
523.08	3667.91
523.28	3364.81
523.49	3639.24
523.69	3301.33
523.90	3375.05
524.10	3530.70
524.31	3291.09
524.51	3448.78
524.72	3456.97
524.93	3403.72
525.13	3192.78
525.34	3153.87
525.54	3305.42
525.75	3456.97
525.95	2940.88
526.16	3420.11
526.36	3325.90
526.57	3430.35
526.77	2904.02
526.98	3497.93
527.18	3110.86
527.39	3133.39
527.59	3416.01
527.80	3188.69
528.00	3416.01
528.21	3254.22
528.42	3164.11
528.62	3055.57
528.83	3086.29
529.03	3553.23
529.24	3172.30
529.44	3018.71
529.65	3215.31
529.85	3112.91
530.06	3473.36
530.26	3104.72
530.47	3250.13
530.67	3235.79
530.88	2885.59
531.08	3168.21
531.29	3055.57
531.49	3061.71
531.70	3117.01
531.90	2691.03
532.11	2940.88
532.31	3127.25
532.52	3035.09
532.72	2688.98
532.93	3127.25
533.13	2818.00
533.34	2815.96
533.54	3047.38
533.75	2785.24
533.95	2824.15
534.16	2899.92
534.36	2924.50
534.57	2985.94
534.77	3246.03
534.97	3112.91
535.18	2820.05
535.38	3049.43
535.59	2873.30
535.79	2787.29
536.00	2842.58
536.20	2871.25
536.41	2650.07
536.61	2842.58
536.82	2760.66
537.02	2789.33
537.23	3010.51
537.43	2996.18
537.64	2670.55
537.84	3080.14
538.05	2967.51
538.25	3004.37
538.45	2795.48
538.66	3026.90
538.86	2922.45
539.07	2682.84
539.27	2836.44
539.48	2852.82
539.68	3090.38
539.89	2805.72
540.09	3252.17
540.29	2977.75
540.50	2662.36
540.70	3106.77
540.91	2779.09
541.11	3061.71
541.32	2752.47
541.52	2916.31
541.73	2846.68
541.93	2789.33
542.13	2983.89
542.34	2719.70
542.54	2867.16
542.75	2914.26
542.95	3495.88
543.16	2840.53
543.36	2897.88
543.56	2873.30
543.77	2916.31
543.97	2996.18
544.18	2750.42
544.38	3008.47
544.59	2775.00
544.79	2643.93
544.99	3080.14
545.20	3348.43
545.40	2775.00
545.61	2813.91
545.81	2957.27
546.01	3235.79
546.22	2916.31
546.42	2912.21
546.63	2713.56
546.83	2959.31
547.04	2813.91
547.24	2854.87
547.44	2691.03
547.65	2916.31
547.85	2668.50
548.06	2691.03
548.26	2691.03
548.46	3313.61
548.67	2848.72
548.87	2822.10
549.08	2777.05
549.28	2744.28
549.48	2793.43
549.69	3020.75
549.89	2613.21
550.09	3178.45
550.30	3127.25
550.50	2584.54
550.71	2699.22
550.91	2858.96
551.11	2607.06
551.32	2949.08
551.52	2670.55
551.73	2908.12
551.93	2643.93
552.13	3043.28
552.34	3102.67
552.54	2650.07
552.74	2922.45
552.95	2705.37
553.15	2678.74
553.35	2901.97
553.56	2854.87
553.76	2926.55
553.97	2842.58
554.17	2856.92
554.37	2729.94
554.58	2924.50
554.78	2764.76
554.98	2852.82
555.19	2631.64
555.39	2828.24
555.59	2662.36
555.80	2910.16
556.00	2717.65
556.20	2801.62
556.41	2766.81
556.61	2709.46
556.82	2660.31
557.02	2965.46
557.22	2785.24
557.43	2545.63
557.63	2834.39
557.83	2707.41
558.04	3133.39
558.24	2797.53
558.44	2889.68
558.65	2691.03
558.85	2447.32
559.05	2766.81
559.26	2803.67
559.46	2643.93
559.66	2547.67
559.87	2699.22
560.07	2912.21
560.27	3182.54
560.48	3037.14
560.68	2901.97
560.88	2654.17
561.08	2981.84
561.29	2910.16
561.49	2594.78
561.69	2662.36
561.90	3102.67
562.10	2709.46
562.30	3186.64
562.51	2815.96
562.71	2815.96
562.91	3071.95
563.12	2695.13
563.32	2670.55
563.52	2887.64
563.72	2678.74
563.93	2693.08
564.13	2660.31
564.33	3094.48
564.54	2818.00
564.74	2719.70
564.94	2752.47
565.15	2660.31
565.35	2797.53
565.55	3051.47
565.75	2580.44
565.96	2828.24
566.16	2836.44
566.36	2674.65
566.57	2721.75
566.77	3112.91
566.97	2858.96
567.17	2979.79
567.38	2627.54
567.58	2799.57
567.78	2836.44
567.99	3235.79
568.19	2740.18
568.39	2922.45
568.59	3018.71
568.80	2875.35
569.00	2985.94
569.20	2871.25
569.40	2621.40
569.61	3043.28
569.81	2854.87
570.01	2752.47
570.21	2613.21
570.42	3160.02
570.62	2635.74
570.82	2562.01
571.02	2627.54
571.23	2621.40
571.43	2992.08
571.63	2580.44
571.84	2582.49
572.04	2605.02
572.24	2916.31
572.44	2832.34
572.64	2818.00
572.85	2703.32
573.05	2953.17
573.25	3153.87
573.45	2424.80
573.66	3241.93
573.86	2633.69
574.06	2836.44
574.26	2914.26
574.47	2764.76
574.67	2883.54
574.87	2527.19
575.07	2764.76
575.28	2754.52
575.48	2938.84
575.68	2846.68
575.88	2674.65
576.08	3059.67
576.29	2787.29
576.49	2832.34
576.69	2916.31
576.89	2645.98
577.10	2848.72
577.30	2998.23
577.50	2793.43
577.70	2594.78
577.90	2987.99
578.11	2973.65
578.31	2559.96
578.51	2916.31
578.71	2519.00
578.91	2865.11
579.12	2973.65
579.32	2840.53
579.52	4407.23
579.72	2756.57
579.92	2684.89
580.13	2865.11
580.33	3117.01
580.53	2865.11
580.73	2639.83
580.93	2867.16
581.14	2734.04
581.34	2994.13
581.54	2516.95
581.74	2899.92
581.94	2666.46
582.15	3076.05
582.35	2621.40
582.55	2869.20
582.75	3205.07
582.95	2826.20
583.15	3002.32
583.36	3010.51
583.56	2826.20
583.76	2766.81
583.96	2947.03
584.16	2953.17
584.37	2781.14
584.57	2832.34
584.77	2637.78
584.97	2822.10
585.17	2844.63
585.37	2863.06
585.57	2932.69
585.78	2555.86
585.98	2783.19
586.18	2752.47
586.38	2684.89
586.58	2523.10
586.78	2736.09
586.99	2701.27
587.19	2899.92
587.39	2736.09
587.59	2662.36
587.79	2775.00
587.99	2912.21
588.19	2797.53
588.40	2912.21
588.60	2568.15
588.80	3110.86
589.00	2680.79
589.20	2916.31
589.40	3104.72
589.60	2611.16
589.81	2725.85
590.01	2723.80
590.21	3125.20
590.41	2619.35
590.61	2807.77
590.81	2676.70
591.01	3088.34
591.22	2783.19
591.42	3299.28
591.62	2916.31
591.82	2928.60
592.02	2897.88
592.22	2869.20
592.42	3393.48
592.62	2834.39
592.82	2852.82
593.03	2957.27
593.23	2813.91
593.43	2930.64
593.63	2729.94
593.83	2703.32
594.03	3071.95
594.23	2930.64
594.43	2609.11
594.63	2801.62
594.84	2729.94
595.04	3063.76
595.24	2826.20
595.44	2658.26
595.64	2801.62
595.84	2846.68
596.04	2920.40
596.24	2766.81
596.44	2789.33
596.64	2621.40
596.84	2775.00
597.05	2764.76
597.25	3012.56
597.45	3004.37
597.65	2531.29
597.85	2797.53
598.05	2854.87
598.25	2621.40
598.45	2600.92
598.65	2809.81
598.85	2736.09
599.05	3153.87
599.25	2770.90
599.46	2521.05
599.66	2938.84
599.86	2650.07
600.06	2908.12
600.26	2707.41
600.46	2813.91
600.66	3008.47
600.86	2973.65
601.06	2766.81
601.26	2668.50
601.46	2834.39
601.66	2760.66
601.86	2592.73
602.06	2824.15
602.26	2598.87
602.46	2553.82
602.66	2697.17
602.87	2768.85
603.07	2910.16
603.27	2846.68
603.47	2691.03
603.67	3342.28
603.87	3063.76
604.07	2701.27
604.27	3002.32
604.47	2791.38
604.67	2688.98
604.87	2813.91
605.07	2818.00
605.27	2793.43
605.47	2619.35
605.67	2768.85
605.87	2758.61
606.07	3096.53
606.27	2695.13
606.47	2637.78
606.67	2586.58
606.87	2570.20
607.07	2838.48
607.27	2660.31
607.47	2785.24
607.67	2842.58
607.87	2641.88
608.07	2893.78
608.27	2840.53
608.47	2588.63
608.67	2990.03
608.87	2740.18
609.07	2875.35
609.27	2777.05
609.47	2901.97
609.67	2858.96
609.87	2944.98
610.07	2834.39
610.27	4822.97
610.47	2715.61
610.67	2908.12
610.87	2705.37
611.07	3143.63
611.27	2711.51
611.47	2799.57
611.67	3030.99
611.87	2697.17
612.07	2654.17
612.27	2711.51
612.47	2713.56
612.67	2813.91
612.87	2840.53
613.07	2633.69
613.27	2660.31
613.47	2858.96
613.67	2836.44
613.87	2775.00
614.07	2734.04
614.27	2684.89
614.47	2813.91
614.67	2842.58
614.87	2723.80
615.07	2744.28
615.27	2633.69
615.47	2738.13
615.67	2879.44
615.87	2619.35
616.07	2787.29
616.27	2768.85
616.47	2654.17
616.67	2596.82
616.87	2746.33
617.07	2594.78
617.27	2797.53
617.47	2783.19
617.66	2660.31
617.86	2678.74
618.06	2670.55
618.26	2539.48
618.46	2785.24
618.66	3039.19
618.86	2985.94
619.06	2852.82
619.26	2858.96
619.46	2695.13
619.66	3004.37
619.86	2867.16
620.06	2799.57
620.26	2969.55
620.46	3690.44
620.66	3295.18
620.85	2971.60
621.05	3149.78
621.25	2770.90
621.45	2721.75
621.65	2971.60
621.85	2731.99
622.05	2963.41
622.25	2617.30
622.45	2717.65
622.65	2748.37
622.85	2506.71
623.05	2811.86
623.25	2818.00
623.44	3080.14
623.64	2590.68
623.84	2789.33
624.04	2562.01
624.24	2834.39
624.44	2916.31
624.64	2756.57
624.84	2811.86
625.04	2680.79
625.24	2731.99
625.43	2783.19
625.63	3000.27
625.83	2807.77
626.03	2617.30
626.23	2709.46
626.43	2641.88
626.63	2594.78
626.83	2760.66
627.03	2881.49
627.22	2709.46
627.42	2811.86
627.62	2576.34
627.82	2783.19
628.02	2713.56
628.22	2652.12
628.42	2715.61
628.62	2504.67
628.82	2707.41
629.01	3188.69
629.21	2611.16
629.41	2998.23
629.61	2850.77
629.81	2949.08
630.01	2904.02
630.21	3166.16
630.40	2879.44
630.60	2883.54
630.80	2846.68
631.00	2932.69
631.20	2936.79
631.40	2785.24
631.60	2760.66
631.79	2662.36
631.99	2875.35
632.19	2822.10
632.39	2799.57
632.59	2873.30
632.79	2807.77
632.99	4509.63
633.18	2697.17
633.38	2807.77
633.58	2848.72
633.78	2637.78
633.98	2607.06
634.18	2678.74
634.37	3340.24
634.57	2764.76
634.77	3540.94
634.97	2754.52
635.17	2891.73
635.37	3200.98
635.56	2723.80
635.76	2971.60
635.96	2742.23
636.16	2783.19
636.36	2643.93
636.56	2605.02
636.75	2670.55
636.95	2820.05
637.15	2654.17
637.35	2680.79
637.55	2912.21
637.74	2983.89
637.94	2686.94
638.14	2799.57
638.34	2897.88
638.54	2408.41
638.73	2887.64
638.93	2940.88
639.13	2897.88
639.33	2797.53
639.53	2668.50
639.73	2635.74
639.92	2711.51
640.12	2588.63
640.32	2627.54
640.52	2895.83
640.71	2588.63
640.91	2758.61
641.11	2674.65
641.31	2750.42
641.51	2643.93
641.70	2789.33
641.90	3004.37
642.10	2768.85
642.30	2867.16
642.50	2940.88
642.69	2820.05
642.89	2652.12
643.09	2813.91
643.29	2883.54
643.48	2873.30
643.68	2897.88
643.88	3069.91
644.08	2422.75
644.28	2815.96
644.47	2906.07
644.67	2496.47
644.87	2652.12
645.07	2801.62
645.26	2666.46
645.46	2658.26
645.66	2678.74
645.86	2830.29
646.05	3053.52
646.25	2793.43
646.45	2961.36
646.65	2842.58
646.84	2873.30
647.04	2738.13
647.24	2836.44
647.44	2766.81
647.63	2807.77
647.83	2897.88
648.03	2901.97
648.23	2734.04
648.42	2852.82
648.62	2447.32
648.82	2459.61
649.02	2719.70
649.21	2717.65
649.41	2969.55
649.61	2983.89
649.80	2584.54
650.00	3096.53
650.20	2719.70
650.40	2707.41
650.59	3055.57
650.79	2654.17
650.99	3225.55
651.18	2670.55
651.38	2645.98
651.58	2871.25
651.78	2908.12
651.97	2768.85
652.17	2674.65
652.37	3041.23
652.56	2891.73
652.76	2840.53
652.96	2607.06
653.16	2949.08
653.35	2914.26
653.55	2965.46
653.75	2605.02
653.94	2998.23
654.14	2758.61
654.34	2836.44
654.54	2541.53
654.73	2983.89
654.93	2781.14
655.13	3057.62
655.32	2867.16
655.52	2863.06
655.72	2736.09
655.91	2666.46
656.11	2580.44
656.31	2832.34
656.50	2844.63
656.70	2686.94
656.90	2539.48
657.09	2912.21
657.29	2742.23
657.49	2750.42
657.68	2482.14
657.88	2762.71
658.08	2725.85
658.27	3051.47
658.47	2781.14
658.67	2887.64
658.86	2781.14
659.06	2809.81
659.26	2703.32
659.45	2654.17
659.65	2717.65
659.85	2818.00
660.04	2736.09
660.24	2705.37
660.44	2635.74
660.63	2803.67
660.83	2809.81
661.03	2990.03
661.22	2600.92
661.42	2955.22
661.62	2711.51
661.81	2852.82
662.01	2539.48
662.21	2559.96
662.40	2568.15
662.60	3080.14
662.79	2516.95
662.99	2987.99
663.19	2727.89
663.38	2901.97
663.58	2815.96
663.78	2924.50
663.97	2693.08
664.17	2990.03
664.36	2676.70
664.56	2971.60
664.76	2559.96
664.95	2619.35
665.15	2897.88
665.35	2873.30
665.54	3051.47
665.74	2944.98
665.93	3110.86
666.13	2750.42
666.33	2645.98
666.52	2807.77
666.72	2863.06
666.91	2627.54
667.11	2580.44
667.31	2867.16
667.50	2596.82
667.70	2887.64
667.89	2738.13
668.09	3055.57
668.29	2787.29
668.48	2633.69
668.68	3270.61
668.87	2760.66
669.07	2566.10
669.27	2899.92
669.46	2496.47
669.66	2658.26
669.85	2504.67
670.05	2910.16
670.25	2674.65
670.44	2670.55
670.64	2838.48
670.83	2953.17
671.03	2703.32
671.22	2799.57
671.42	2914.26
671.62	2584.54
671.81	2660.31
672.01	2938.84
672.20	2645.98
672.40	2789.33
672.59	3022.80
672.79	2916.31
672.99	2703.32
673.18	2994.13
673.38	2858.96
673.57	3106.77
673.77	2850.77
673.96	2707.41
674.16	2707.41
674.36	2996.18
674.55	2715.61
674.75	2904.02
674.94	2656.22
675.14	2910.16
675.33	2940.88
675.53	2807.77
675.72	2553.82
675.92	3246.03
676.11	2875.35
676.31	2768.85
676.50	2748.37
676.70	3059.67
676.90	2785.24
677.09	2848.72
677.29	2695.13
677.48	2754.52
677.68	2836.44
677.87	2588.63
678.07	2697.17
678.26	2979.79
678.46	2713.56
678.65	2826.20
678.85	2725.85
679.04	2998.23
679.24	2562.01
679.43	2662.36
679.63	2449.37
679.82	3137.49
680.02	3227.60
680.21	2854.87
680.41	2486.23
680.60	2985.94
680.80	3102.67
680.99	2951.12
681.19	3057.62
681.38	2998.23
681.58	2645.98
681.77	3102.67
681.97	2654.17
682.16	3110.86
682.36	2992.08
682.55	2727.89
682.75	2562.01
682.94	2815.96
683.14	2793.43
683.33	2490.33
683.53	3000.27
683.72	3030.99
683.92	2799.57
684.11	3020.75
684.31	2600.92
684.50	2697.17
684.70	2764.76
684.89	2643.93
685.09	2389.98
685.28	2643.93
685.48	2662.36
685.67	2772.95
685.87	2537.43
686.06	2914.26
686.26	2920.40
686.45	2711.51
686.64	2498.52
686.84	2637.78
687.03	2975.70
687.23	2701.27
687.42	2840.53
687.62	2756.57
687.81	2955.22
688.01	2775.00
688.20	2723.80
688.40	3160.02
688.59	2969.55
688.78	2842.58
688.98	2818.00
689.17	3049.43
689.37	2772.95
689.56	2766.81
689.76	2889.68
689.95	3035.09
690.15	2670.55
690.34	3026.90
690.53	2785.24
690.73	2686.94
690.92	2645.98
691.12	2666.46
691.31	2883.54
691.51	3053.52
691.70	2947.03
691.89	2656.22
692.09	2549.72
692.28	2826.20
692.48	2758.61
692.67	2883.54
692.87	2729.94
693.06	2707.41
693.25	2693.08
693.45	2742.23
693.64	2809.81
693.84	2979.79
694.03	2793.43
694.22	2588.63
694.42	2594.78
694.61	2740.18
694.81	4134.85
695.00	2693.08
695.19	2641.88
695.39	3033.04
695.58	2867.16
695.78	2807.77
695.97	2721.75
696.16	3137.49
696.36	3088.34
696.55	2781.14
696.75	2609.11
696.94	2523.10
697.13	3135.44
697.33	2713.56
697.52	2697.17
697.71	2832.34
697.91	3006.42
698.10	3186.64
698.30	2512.86
698.49	3022.80
698.68	2627.54
698.88	2641.88
699.07	2768.85
699.26	3289.04
699.46	2811.86
699.65	2852.82
699.85	2752.47
700.04	2684.89
700.23	2473.95
700.43	2727.89
700.62	2617.30
700.81	2906.07
701.01	2658.26
701.20	2787.29
701.39	2707.41
701.59	2764.76
701.78	2748.37
701.98	2676.70
702.17	2648.02
702.36	2809.81
702.56	2889.68
702.75	2674.65
702.94	2842.58
703.14	4257.73
703.33	2844.63
703.52	6141.86
703.72	2609.11
703.91	2969.55
704.10	2711.51
704.30	2654.17
704.49	2537.43
704.68	2760.66
704.88	3157.97
705.07	3022.80
705.26	2705.37
705.46	2734.04
705.65	2658.26
705.84	2529.24
706.03	2709.46
706.23	2746.33
706.42	2717.65
706.61	2727.89
706.81	3043.28
707.00	2963.41
707.19	2717.65
707.39	2936.79
707.58	2514.91
707.77	2764.76
707.97	3227.60
708.16	2799.57
708.35	2781.14
708.55	2721.75
708.74	2742.23
708.93	3088.34
709.12	2752.47
709.32	2856.92
709.51	3092.43
709.70	2942.93
709.90	2807.77
710.09	2793.43
710.28	2744.28
710.47	2564.06
710.67	2678.74
710.86	3061.71
711.05	2568.15
711.25	2533.34
711.44	2408.41
711.63	2863.06
711.82	2932.69
712.02	3297.23
712.21	2701.27
712.40	2887.64
712.59	3129.30
712.79	2932.69
712.98	2643.93
713.17	2922.45
713.37	2770.90
713.56	2645.98
713.75	2539.48
713.94	2828.24
714.14	2662.36
714.33	2963.41
714.52	2523.10
714.71	2840.53
714.91	2731.99
715.10	2926.55
715.29	2514.91
715.48	2719.70
715.68	3086.29
715.87	2684.89
716.06	2793.43
716.25	2809.81
716.45	2844.63
716.64	2809.81
716.83	2799.57
717.02	3147.73
717.21	2977.75
717.41	3235.79
717.60	2893.78
717.79	2643.93
717.98	2744.28
718.18	2785.24
718.37	2633.69
718.56	3235.79
718.75	3104.72
718.94	2793.43
719.14	2537.43
719.33	2944.98
719.52	2838.48
719.71	2588.63
719.91	2521.05
720.10	3170.26
720.29	2842.58
720.48	2656.22
720.67	2875.35
720.87	3213.26
721.06	2572.25
721.25	2969.55
721.44	2539.48
721.63	2957.27
721.83	3024.85
722.02	2527.19
722.21	2731.99
722.40	2734.04
722.59	2918.36
722.79	2818.00
722.98	2856.92
723.17	2684.89
723.36	2623.45
723.55	2576.34
723.74	2465.75
723.94	2858.96
724.13	2701.27
724.32	2662.36
724.51	2822.10
724.70	2877.40
724.90	2768.85
725.09	3002.32
725.28	2834.39
725.47	2830.29
725.66	2887.64
725.85	2674.65
726.05	2775.00
726.24	2846.68
726.43	2793.43
726.62	2766.81
726.81	2564.06
727.00	2799.57
727.20	2893.78
727.39	2901.97
727.58	2639.83
727.77	2758.61
727.96	2768.85
728.15	3004.37
728.34	2717.65
728.54	2799.57
728.73	3030.99
728.92	2705.37
729.11	2705.37
729.30	2654.17
729.49	2916.31
729.68	2830.29
729.88	2709.46
730.07	2529.24
730.26	2564.06
730.45	3078.10
730.64	3168.21
730.83	2625.50
731.02	2285.53
731.21	3006.42
731.41	2953.17
731.60	2351.07
731.79	2654.17
731.98	3135.44
732.17	3033.04
732.36	2332.64
732.55	2308.06
732.74	3190.74
732.93	2897.88
733.13	2611.16
733.32	2533.34
733.51	2867.16
733.70	3256.27
733.89	2570.20
734.08	2588.63
734.27	2867.16
734.46	3004.37
734.65	2488.28
734.85	2658.26
735.04	2783.19
735.23	3086.29
735.42	2519.00
735.61	2183.13
735.80	2842.58
735.99	3119.06
736.18	3260.37
736.37	2269.15
736.56	3102.67
736.75	2807.77
736.94	2484.19
737.14	2365.40
737.33	2887.64
737.52	2754.52
737.71	2602.97
737.90	2656.22
738.09	2994.13
738.28	2912.21
738.47	2592.73
738.66	2605.02
738.85	3166.16
739.04	2791.38
739.23	2676.70
739.42	2240.48
739.61	2932.69
739.80	2777.05
740.00	2482.14
740.19	2357.21
740.38	2822.10
740.57	2768.85
740.76	2420.70
740.95	2512.86
741.14	3190.74
741.33	3274.70
741.52	2652.12
741.71	2351.07
741.90	3012.56
742.09	3067.86
742.28	2412.51
742.47	2293.72
742.66	2781.14
742.85	2717.65
743.04	2430.94
743.23	2572.25
743.42	2858.96
743.61	2785.24
743.80	2414.56
743.99	2248.67
744.18	3012.56
744.37	2854.87
744.56	2410.46
744.75	2340.83
744.94	3133.39
745.13	2924.50
745.32	2144.22
745.51	2410.46
745.71	2944.98
745.90	2797.53
746.09	2543.58
746.28	2492.38
746.47	2842.58
746.66	2932.69
746.85	2613.21
747.04	2439.13
747.23	2699.22
747.42	3147.73
747.61	2211.81
747.80	2697.17
747.99	3035.09
748.18	2691.03
748.36	2281.44
748.55	2787.29
748.74	3203.02
748.93	3014.61
749.12	2406.36
749.31	2471.90
749.50	2836.44
749.69	3024.85
749.88	2410.46
750.07	2228.19
750.26	3078.10
750.45	2723.80
750.64	2279.39
750.83	2297.82
751.02	2793.43
751.21	2975.70
751.40	2553.82
751.59	2502.62
751.78	3102.67
751.97	3080.14
752.16	2668.50
752.35	2545.63
752.54	3016.66
752.73	2975.70
752.92	2410.46
753.11	2727.89
753.30	2740.18
753.49	2549.72
753.68	2584.54
753.87	2465.75
754.05	3094.48
754.24	2871.25
754.43	2701.27
754.62	2295.77
754.81	3534.79
755.00	3104.72
755.19	2457.56
755.38	2715.61
755.57	2981.84
755.76	3108.82
755.95	2666.46
756.14	2324.44
756.33	3028.95
756.52	2854.87
756.70	2512.86
756.89	2545.63
757.08	3153.87
757.27	2998.23
757.46	2514.91
757.65	2263.01
757.84	3080.14
758.03	2664.41
758.22	2375.64
758.41	2504.67
758.60	2639.83
758.79	2887.64
758.97	2645.98
759.16	2764.76
759.35	2944.98
759.54	2891.73
759.73	2336.73
759.92	2435.03
760.11	2635.74
760.30	2842.58
760.49	2453.47
760.67	2377.69
760.86	3014.61
761.05	3297.23
761.24	2459.61
761.43	2240.48
761.62	2965.46
761.81	2869.20
762.00	2455.51
762.19	2375.64
762.37	3110.86
762.56	3149.78
762.75	2244.57
762.94	2469.85
763.13	2635.74
763.32	2863.06
763.51	2273.25
763.70	2273.25
763.88	3176.40
764.07	2830.29
764.26	2361.31
764.45	2250.72
764.64	3043.28
764.83	3141.58
765.02	2519.00
765.20	2590.68
765.39	2928.60
765.58	3282.89
765.77	2668.50
765.96	3008.47
766.15	2842.58
766.33	2793.43
766.52	2545.63
766.71	2449.37
766.90	3327.95
767.09	2869.20
767.28	2310.11
767.46	2490.33
767.65	2777.05
767.84	2914.26
768.03	2490.33
768.22	2277.34
768.41	2592.73
768.59	2820.05
768.78	2457.56
768.97	2383.84
769.16	3131.34
769.35	2789.33
769.54	2457.56
769.72	2408.41
769.91	2899.92
770.10	3280.85
770.29	2351.07
770.48	2594.78
770.66	2981.84
770.85	2854.87
771.04	2533.34
771.23	2306.01
771.42	3166.16
771.60	3080.14
771.79	2510.81
771.98	2435.03
772.17	2981.84
772.36	3049.43
772.54	2357.21
772.73	2486.23
772.92	3045.33
773.11	2799.57
773.30	2506.71
773.48	2283.49
773.67	2815.96
773.86	2822.10
774.05	2400.22
774.23	2664.41
774.42	3108.82
774.61	3211.22
774.80	2490.33
774.99	2195.42
775.17	2996.18
775.36	2858.96
775.55	2471.90
775.74	2529.24
775.92	3008.47
776.11	2844.63
776.30	2824.15
776.49	2207.71
776.67	2846.68
776.86	2551.77
777.05	2428.89
777.24	2283.49
777.42	2901.97
777.61	2746.33
777.80	2727.89
777.99	2316.25
778.17	2768.85
778.36	2920.40
778.55	2359.26
778.74	2580.44
778.92	2891.73
779.11	3018.71
779.30	2490.33
779.49	2506.71
779.67	2983.89
779.86	2885.59
780.05	2285.53
780.24	2256.86
780.42	2901.97
780.61	2863.06
780.80	2500.57
780.98	2162.66
781.17	2957.27
781.36	2762.71
781.55	2602.97
781.73	2336.73
781.92	2985.94
782.11	2944.98
782.29	2424.80
782.48	2349.02
782.67	3147.73
782.86	3047.38
783.04	2430.94
783.23	2459.61
783.42	2963.41
783.60	3063.76
783.79	2379.74
783.98	2310.11
784.16	3112.91
784.35	2895.83
784.54	2545.63
784.73	2273.25
784.91	2987.99
785.10	2742.23
785.29	2420.70
785.47	2650.07
785.66	3061.71
785.85	2699.22
786.03	2389.98
786.22	2351.07
786.41	3090.38
786.59	2942.93
786.78	2273.25
786.97	2353.12
787.15	2908.12
787.34	2799.57
787.53	2426.84
787.71	2463.71
787.90	2922.45
788.09	2947.03
788.27	2641.88
788.46	2383.84
788.65	2910.16
788.83	2887.64
789.02	2232.29
789.21	2252.77
789.39	2693.08
789.58	3008.47
789.77	2355.16
789.95	2312.16
790.14	3194.83
790.33	2779.09
790.51	2269.15
790.70	2645.98
790.88	2885.59
791.07	2944.98
791.26	2830.29
791.44	2324.44
791.63	2793.43
791.82	2930.64
792.00	2209.76
792.19	2473.95
792.38	3100.62
792.56	2797.53
792.75	2506.71
792.93	2510.81
793.12	3030.99
793.31	2877.40
793.49	2715.61
793.68	2346.97
793.86	2750.42
794.05	3137.49
794.24	2555.86
794.42	2521.05
794.61	2893.78
794.80	2768.85
794.98	2750.42
795.17	2555.86
795.35	3137.49
795.54	2858.96
795.73	2555.86
795.91	3018.71
796.10	3026.90
796.28	3039.19
796.47	2318.30
796.66	2275.29
796.84	3373.00
797.03	2783.19
797.21	2256.86
797.40	2549.72
797.58	3117.01
797.77	2867.16
797.96	2727.89
798.14	2877.40
798.33	3162.06
798.51	3010.51
798.70	2236.38
798.88	2508.76
799.07	2932.69
799.26	2858.96
799.44	2437.08
799.63	2473.95
799.81	2688.98
800.00	2895.83
800.18	2815.96
800.37	2551.77
800.56	2791.38
800.74	2881.49
800.93	2408.41
801.11	2471.90
801.30	3024.85
801.48	2887.64
801.67	2600.92
801.85	2635.74
802.04	2998.23
802.22	2764.76
802.41	2396.12
802.60	2693.08
802.78	3061.71
802.97	2744.28
803.15	2662.36
803.34	2504.67
803.52	2897.88
803.71	3020.75
803.89	2336.73
804.08	2760.66
804.26	3137.49
804.45	2834.39
804.63	2570.20
804.82	2490.33
805.00	2879.44
805.19	3278.80
805.37	2453.47
805.56	2383.84
805.74	3243.98
805.93	2799.57
806.11	2619.35
806.30	2416.60
806.48	2883.54
806.67	3008.47
806.85	2631.64
807.04	2420.70
807.22	2768.85
807.41	2899.92
807.59	2809.81
807.78	2367.45
807.96	3168.21
808.15	2887.64
808.33	2695.13
808.52	2779.09
808.70	3157.97
808.89	2953.17
809.07	3137.49
809.26	2498.52
809.44	2846.68
809.63	3063.76
809.81	2848.72
810.00	2588.63
810.18	3020.75
810.37	2914.26
810.55	2627.54
810.74	2600.92
810.92	3102.67
811.11	3160.02
811.29	2195.42
811.48	2414.56
811.66	2789.33
811.84	2717.65
812.03	2629.59
812.21	2637.78
812.40	2883.54
812.58	2600.92
812.77	2691.03
812.95	2496.47
813.14	2797.53
813.32	2787.29
813.51	2519.00
813.69	2551.77
813.87	2736.09
814.06	2904.02
814.24	2627.54
814.43	2271.20
814.61	2930.64
814.80	2940.88
814.98	2406.36
815.16	2447.32
815.35	3153.87
815.53	3305.42
815.72	2447.32
815.90	2486.23
816.09	2850.77
816.27	2944.98
816.45	2723.80
816.64	2521.05
816.82	3186.64
817.01	2662.36
817.19	2367.45
817.37	2658.26
817.56	3108.82
817.74	2666.46
817.93	2725.85
818.11	2609.11
818.30	2906.07
818.48	2670.55
818.66	2594.78
818.85	2473.95
819.03	2838.48
819.21	2752.47
819.40	2625.50
819.58	2996.18
819.77	2940.88
819.95	2938.84
820.13	2850.77
820.32	2342.88
820.50	3112.91
820.69	3080.14
820.87	2582.49
821.05	2453.47
821.24	2881.49
821.42	2990.03
821.60	2463.71
821.79	2721.75
821.97	2947.03
822.16	3143.63
822.34	2504.67
822.52	2588.63
822.71	3217.36
822.89	2928.60
823.07	2703.32
823.26	2445.27
823.44	2789.33
823.62	2766.81
823.81	2699.22
823.99	2265.05
824.18	3051.47
824.36	2801.62
824.54	2674.65
824.73	2654.17
824.91	3190.74
825.09	2969.55
825.28	2797.53
825.46	2711.51
825.64	3067.86
825.83	2858.96
826.01	2625.50
826.19	2496.47
826.38	2850.77
826.56	2940.88
826.74	2451.42
826.93	2621.40
827.11	2916.31
827.29	2899.92
827.48	2523.10
827.66	2533.34
827.84	3020.75
828.03	2811.86
828.21	2330.59
828.39	2254.81
828.57	3160.02
828.76	2990.03
828.94	2529.24
829.12	2844.63
829.31	2944.98
829.49	2854.87
829.67	2426.84
829.86	2469.85
830.04	2824.15
830.22	2998.23
830.40	2482.14
830.59	2619.35
830.77	2975.70
830.95	3069.91
831.14	2793.43
831.32	2437.08
831.50	2785.24
831.69	2891.73
831.87	2815.96
832.05	2602.97
832.23	2965.46
832.42	3078.10
832.60	2359.26
832.78	2514.91
832.96	4110.27
833.15	3055.57
833.33	2418.65
833.51	2729.94
833.70	3030.99
833.88	2920.40
834.06	2707.41
834.24	2519.00
834.43	3235.79
834.61	2908.12
834.79	2725.85
834.97	2889.68
835.16	3006.42
835.34	2846.68
835.52	2793.43
835.70	2496.47
835.89	2879.44
836.07	3180.50
836.25	2785.24
836.43	2488.28
836.62	2949.08
836.80	3061.71
836.98	2443.23
837.16	2357.21
837.34	2736.09
837.53	3092.43
837.71	2521.05
837.89	2731.99
838.07	2938.84
838.26	3030.99
838.44	2605.02
838.62	3026.90
838.80	2973.65
838.99	3039.19
839.17	2480.09
839.35	2719.70
839.53	2998.23
839.71	3141.58
839.90	2398.17
840.08	2713.56
840.26	3117.01
840.44	3055.57
840.62	2736.09
840.81	2342.88
840.99	3342.28
841.17	2842.58
841.35	2629.59
841.53	2549.72
841.72	3127.25
841.90	2987.99
842.08	2539.48
842.26	2482.14
842.44	2887.64
842.63	3207.12
842.81	2846.68
842.99	2664.41
843.17	2990.03
843.35	2975.70
843.53	2865.11
843.72	2639.83
843.90	3041.23
844.08	2961.36
844.26	2566.10
844.44	2643.93
844.62	3172.30
844.81	3149.78
844.99	2883.54
845.17	2506.71
845.35	2987.99
845.53	2924.50
845.71	4472.76
845.90	2592.73
846.08	2858.96
846.26	2824.15
846.44	2502.62
846.62	2529.24
846.80	2863.06
846.98	2631.64
847.17	3710.92
847.35	2922.45
847.53	3051.47
847.71	2901.97
847.89	3057.62
848.07	2408.41
848.25	2891.73
848.44	2826.20
848.62	2754.52
848.80	2508.76
848.98	2818.00
849.16	2930.64
849.34	2811.86
849.52	2494.43
849.70	3022.80
849.89	3047.38
850.07	2633.69
850.25	2832.34
850.43	2883.54
850.61	3088.34
850.79	2383.84
850.97	2598.87
851.15	3069.91
851.33	2938.84
851.52	2576.34
851.70	2965.46
851.88	3084.24
852.06	2867.16
852.24	2525.15
852.42	2858.96
852.60	3153.87
852.78	3186.64
852.96	2578.39
853.14	2723.80
853.33	3223.50
853.51	3024.85
853.69	2766.81
853.87	2678.74
854.05	2883.54
854.23	2682.84
854.41	2553.82
854.59	2699.22
854.77	3067.86
854.95	2932.69
855.13	2523.10
855.31	2832.34
855.49	2820.05
855.68	2813.91
855.86	2539.48
856.04	2930.64
856.22	2707.41
856.40	2875.35
856.58	2578.39
856.76	2688.98
856.94	2783.19
857.12	2963.41
857.30	2351.07
857.48	2576.34
857.66	2959.31
857.84	3409.87
858.02	2609.11
858.20	2850.77
858.38	2766.81
858.56	2893.78
858.74	2471.90
858.92	2543.58
859.10	2813.91
859.29	2883.54
859.47	2508.76
859.65	2842.58
859.83	2879.44
860.01	2891.73
860.19	2627.54
860.37	2727.89
860.55	3129.30
860.73	2875.35
860.91	2555.86
861.09	3076.05
861.27	2959.31
861.45	2912.21
861.63	2514.91
861.81	2895.83
861.99	2924.50
862.17	2791.38
862.35	2418.65
862.53	2584.54
862.71	3248.08
862.89	2801.62
863.07	2555.86
863.25	2719.70
863.43	3043.28
863.61	3137.49
863.79	2834.39
863.97	2904.02
864.15	2922.45
864.33	2723.80
864.51	2666.46
864.69	2437.08
864.87	3053.52
865.05	2856.92
865.23	2613.21
865.41	2576.34
865.59	3112.91
865.77	3030.99
865.95	2781.14
866.13	2387.93
866.30	2863.06
866.48	2731.99
866.66	2662.36
866.84	2707.41
867.02	2891.73
867.20	2775.00
867.38	2514.91
867.56	2607.06
867.74	3076.05
867.92	2971.60
868.10	2566.10
868.28	2541.53
868.46	2949.08
868.64	3055.57
868.82	2637.78
869.00	2516.95
869.18	2897.88
869.36	3246.03
869.54	2793.43
869.72	2873.30
869.89	3018.71
870.07	2826.20
870.25	2684.89
870.43	2654.17
870.61	2748.37
870.79	2930.64
870.97	2502.62
871.15	2752.47
871.33	3389.39
871.51	2899.92
871.69	2779.09
871.87	2643.93
872.05	3114.96
872.22	3096.53
872.40	2484.19
872.58	2803.67
872.76	3045.33
872.94	2979.79
873.12	2658.26
873.30	2455.51
873.48	3123.15
873.66	2906.07
873.84	2717.65
874.01	2602.97
874.19	2850.77
874.37	2893.78
874.55	2365.40
874.73	2578.39
874.91	3268.56
875.09	2746.33
875.27	2496.47
875.45	2637.78
875.62	3006.42
875.80	2885.59
875.98	2613.21
876.16	2920.40
876.34	3055.57
876.52	2703.32
876.70	2973.65
876.88	2549.72
877.05	3174.35
877.23	3033.04
877.41	2635.74
877.59	3059.67
877.77	3033.04
877.95	2748.37
878.13	2498.52
878.30	2514.91
878.48	2944.98
878.66	2961.36
878.84	2844.63
879.02	2633.69
879.20	3028.95
879.37	3014.61
879.55	2768.85
879.73	2824.15
879.91	2944.98
880.09	2879.44
880.27	3092.43
880.45	2602.97
880.62	2926.55
880.80	2803.67
880.98	2744.28
881.16	2635.74
881.34	2871.25
881.51	2807.77
881.69	2572.25
881.87	2543.58
882.05	2981.84
882.23	2703.32
882.41	2525.15
882.58	2770.90
882.76	2891.73
882.94	2805.72
883.12	2965.46
883.30	2772.95
883.47	3110.86
883.65	2867.16
883.83	2731.99
884.01	2691.03
884.19	2877.40
884.36	2867.16
884.54	2340.83
884.72	2889.68
884.90	2904.02
885.08	3092.43
885.25	3524.55
885.43	2658.26
885.61	2797.53
885.79	2901.97
885.97	2848.72
886.14	2838.48
886.32	2881.49
886.50	3190.74
886.68	2602.97
886.85	2531.29
887.03	3112.91
887.21	3000.27
887.39	2713.56
887.56	2875.35
887.74	2959.31
887.92	2873.30
888.10	2725.85
888.27	2756.57
888.45	3137.49
888.63	3059.67
888.81	2637.78
888.99	2543.58
889.16	2891.73
889.34	2854.87
889.52	2453.47
889.69	2617.30
889.87	3051.47
890.05	2838.48
890.23	2775.00
890.40	2525.15
890.58	2963.41
890.76	2955.22
890.94	2629.59
891.11	2648.02
891.29	2928.60
891.47	2818.00
891.65	2918.36
891.82	2910.16
892.00	2703.32
892.18	2951.12
892.35	2668.50
892.53	2611.16
892.71	3137.49
892.89	3080.14
893.06	2703.32
893.24	2660.31
893.42	2564.06
893.59	2869.20
893.77	2514.91
893.95	2731.99
894.13	2727.89
894.30	3026.90
894.48	2613.21
894.66	3151.82
894.83	2807.77
895.01	2973.65
895.19	2848.72
895.36	2699.22
895.54	3088.34
895.72	3012.56
895.89	2594.78
896.07	2666.46
896.25	3071.95
896.43	2752.47
896.60	2891.73
896.78	2766.81
896.96	3188.69
897.13	3018.71
897.31	2490.33
897.49	2717.65
897.66	3168.21
897.84	2854.87
898.02	2768.85
898.19	2793.43
898.37	2815.96
898.55	3006.42
898.72	2861.01
898.90	2822.10
899.07	2846.68
899.25	2983.89
899.43	2930.64
899.60	3330.00
899.78	2832.34
899.96	2617.30
900.13	2572.25
900.31	2822.10
900.49	2873.30
900.66	3176.40
900.84	2904.02
901.02	2875.35
901.19	2953.17
901.37	2818.00
901.54	2715.61
901.72	2531.29
901.90	2899.92
902.07	2928.60
902.25	2684.89
902.43	2744.28
902.60	3192.78
902.78	2756.57
902.95	2686.94
903.13	2574.30
903.31	2856.92
903.48	2949.08
903.66	2740.18
903.83	2852.82
904.01	3030.99
904.19	2799.57
904.36	2645.98
904.54	2469.85
904.71	3043.28
904.89	2684.89
905.07	2662.36
905.24	2645.98
905.42	2969.55
905.59	3198.93
905.77	2838.48
905.95	2770.90
906.12	2740.18
906.30	2836.44
906.47	2947.03
906.65	3147.73
906.82	3127.25
907.00	3110.86
907.18	2432.99
907.35	2590.68
907.53	2979.79
907.70	3043.28
907.88	2678.74
908.05	3825.61
908.23	3059.67
908.41	2891.73
908.58	2750.42
908.76	2346.97
908.93	3164.11
909.11	2990.03
909.28	2725.85
909.46	2645.98
909.63	3098.58
909.81	2922.45
909.99	2834.39
910.16	2494.43
910.34	2828.24
910.51	2994.13
910.69	2879.44
910.86	2500.57
911.04	2965.46
911.21	2555.86
911.39	3233.74
911.56	2594.78
911.74	2783.19
911.91	3020.75
912.09	2633.69
912.26	2645.98
912.44	2719.70
912.62	2668.50
912.79	2693.08
912.97	2869.20
913.14	3178.45
913.32	3043.28
913.49	2693.08
913.67	2744.28
913.84	2678.74
914.02	2686.94
914.19	2555.86
914.37	2777.05
914.54	2703.32
914.72	2568.15
914.89	2633.69
915.07	2940.88
915.24	2871.25
915.42	2856.92
915.59	2637.78
915.77	2887.64
915.94	3256.27
916.12	3207.12
916.29	2734.04
916.46	2729.94
916.64	2953.17
916.81	3205.07
916.99	2813.91
917.16	2654.17
917.34	3178.45
917.51	3088.34
917.69	2625.50
917.86	2547.67
918.04	2820.05
918.21	3168.21
918.39	2805.72
918.56	2621.40
918.74	2680.79
918.91	3252.17
919.08	2457.56
919.26	2932.69
919.43	2969.55
919.61	2955.22
919.78	2652.12
919.96	3037.14
920.13	3114.96
920.31	2940.88
920.48	2928.60
920.65	2801.62
920.83	3217.36
921.00	3045.33
921.18	2676.70
921.35	2885.59
921.53	2834.39
921.70	2793.43
921.88	2619.35
922.05	2609.11
922.22	2678.74
922.40	2850.77
922.57	2633.69
922.75	2453.47
922.92	2957.27
923.09	2877.40
923.27	2670.55
923.44	2971.60
923.62	2850.77
923.79	3162.06
923.96	2660.31
924.14	2547.67
924.31	3069.91
924.49	2922.45
924.66	2654.17
924.83	2713.56
925.01	2918.36
925.18	3215.31
925.36	2899.92
925.53	2498.52
925.70	2832.34
925.88	2650.07
926.05	2850.77
926.23	2877.40
926.40	3082.19
926.57	3016.66
926.75	2793.43
926.92	2424.80
927.09	3010.51
927.27	2703.32
927.44	2770.90
927.62	2588.63
927.79	3069.91
927.96	2721.75
928.14	2609.11
928.31	2805.72
928.48	3182.54
928.66	2875.35
928.83	2506.71
929.00	2713.56
929.18	2883.54
929.35	2928.60
929.52	2842.58
929.70	2523.10
929.87	2818.00
930.05	2658.26
930.22	2731.99
930.39	2727.89
930.57	2764.76
930.74	3278.80
930.91	2654.17
931.09	2791.38
931.26	2824.15
931.43	3012.56
931.61	2441.18
931.78	2756.57
931.95	2906.07
932.12	3168.21
932.30	2584.54
932.47	2940.88
932.64	2707.41
932.82	2643.93
932.99	2633.69
933.16	2684.89
933.34	2908.12
933.51	3000.27
933.68	2621.40
933.86	3035.09
934.03	2875.35
934.20	2789.33
934.38	2928.60
934.55	2506.71
934.72	3233.74
934.89	3082.19
935.07	2672.60
935.24	2801.62
935.41	2815.96
935.59	2899.92
935.76	2637.78
935.93	2713.56
936.10	2717.65
936.28	2944.98
936.45	2693.08
936.62	2729.94
936.79	3112.91
936.97	2668.50
937.14	2742.23
937.31	2805.72
937.49	2723.80
937.66	2932.69
937.83	2928.60
938.00	3055.57
938.18	3166.16
938.35	3000.27
938.52	2740.18
938.69	2691.03
938.87	2873.30
939.04	2777.05
939.21	2645.98
939.38	2684.89
939.56	2842.58
939.73	2590.68
939.90	2729.94
940.07	2684.89
940.25	2906.07
940.42	2938.84
940.59	2840.53
940.76	2629.59
940.94	2779.09
941.11	2820.05
941.28	2783.19
941.45	2904.02
941.62	2990.03
941.80	2748.37
941.97	2932.69
942.14	2568.15
942.31	3200.98
942.48	2789.33
942.66	2727.89
942.83	2887.64
943.00	2590.68
943.17	3069.91
943.35	2842.58
943.52	2705.37
943.69	2678.74
943.86	2758.61
944.03	2523.10
944.21	3125.20
944.38	2932.69
944.55	2815.96
944.72	2736.09
944.89	2547.67
945.06	2840.53
945.24	2731.99
945.41	3096.53
945.58	2699.22
945.75	2865.11
945.92	2639.83
946.10	2990.03
946.27	2461.66
946.44	2707.41
946.61	2699.22
946.78	2990.03
946.95	2545.63
947.13	2688.98
947.30	2744.28
947.47	2705.37
947.64	2815.96
947.81	2973.65
947.98	2820.05
948.16	2770.90
948.33	2650.07
948.50	2713.56
948.67	2779.09
948.84	2969.55
949.01	2598.87
949.18	2916.31
949.36	2983.89
949.53	2672.60
949.70	2731.99
949.87	2908.12
950.04	2744.28
950.21	2875.35
950.38	2613.21
950.56	2987.99
950.73	2840.53
950.90	2736.09
951.07	2799.57
951.24	2975.70
951.41	2768.85
951.58	2615.26
951.75	2861.01
951.92	2713.56
952.10	2731.99
952.27	2588.63
952.44	2770.90
952.61	3424.20
952.78	2807.77
952.95	2490.33
953.12	2893.78
953.29	2867.16
953.46	2713.56
953.64	2846.68
953.81	2592.73
953.98	2985.94
954.15	2723.80
954.32	2717.65
954.49	2480.09
954.66	2879.44
954.83	2750.42
955.00	2637.78
955.17	2791.38
955.34	2742.23
955.51	2740.18
955.69	3282.89
955.86	2734.04
956.03	2797.53
956.20	2889.68
956.37	2815.96
956.54	2541.53
956.71	2912.21
956.88	2697.17
957.05	2713.56
957.22	2605.02
957.39	3035.09
957.56	2637.78
957.73	2607.06
957.90	2480.09
958.07	3057.62
958.24	3018.71
958.41	2559.96
958.59	2713.56
958.76	2944.98
958.93	3016.66
959.10	2736.09
959.27	2684.89
959.44	3020.75
959.61	2684.89
959.78	2824.15
959.95	2709.46
960.12	3082.19
960.29	2926.55
960.46	2703.32
960.63	2443.23
960.80	2879.44
960.97	2947.03
961.14	2496.47
961.31	2731.99
961.48	3022.80
961.65	2959.31
961.82	2813.91
961.99	2865.11
962.16	2695.13
962.33	2914.26
962.50	2932.69
962.67	2637.78
962.84	2787.29
963.01	2670.55
963.18	2615.26
963.35	2576.34
963.52	3002.32
963.69	2832.34
963.86	3053.52
964.03	2914.26
964.20	3246.03
964.37	2916.31
964.54	2932.69
964.71	2799.57
964.88	2885.59
965.05	2856.92
965.22	2645.98
965.39	2820.05
965.56	2736.09
965.73	2727.89
965.90	2891.73
966.07	2605.02
966.24	2916.31
966.41	2811.86
966.58	2836.44
966.74	3061.71
966.91	3223.50
967.08	3104.72
967.25	2674.65
967.42	2643.93
967.59	2996.18
967.76	2686.94
967.93	2940.88
968.10	2725.85
968.27	2949.08
968.44	2863.06
968.61	2756.57
968.78	2568.15
968.95	2750.42
969.12	2846.68
969.29	2809.81
969.46	2463.71
969.62	3243.98
969.79	2738.13
969.96	2547.67
970.13	2506.71
970.30	2932.69
970.47	2965.46
970.64	2893.78
970.81	2750.42
970.98	2893.78
971.15	2770.90
971.32	2471.90
971.49	2973.65
971.65	3051.47
971.82	2971.60
971.99	2783.19
972.16	2924.50
972.33	2871.25
972.50	2826.20
972.67	2801.62
972.84	2834.39
973.01	2772.95
973.17	3018.71
973.34	2957.27
973.51	2834.39
973.68	2908.12
973.85	2717.65
974.02	2713.56
974.19	2752.47
974.36	2908.12
974.53	3067.86
974.69	2842.58
974.86	2559.96
975.03	3117.01
975.20	2684.89
975.37	2799.57
975.54	2873.30
975.71	3030.99
975.87	2822.10
976.04	2940.88
976.21	2703.32
976.38	2922.45
976.55	2863.06
976.72	2662.36
976.89	2863.06
977.05	3033.04
977.22	3043.28
977.39	2570.20
977.56	2842.58
977.73	2877.40
977.90	2676.70
978.06	2850.77
978.23	2764.76
978.40	2791.38
978.57	3069.91
978.74	2987.99
978.91	2871.25
979.07	2785.24
979.24	2994.13
979.41	2717.65
979.58	2756.57
979.75	3145.68
979.91	2695.13
980.08	2428.89
980.25	2775.00
980.42	3002.32
980.59	2838.48
980.75	2572.25
980.92	2633.69
981.09	2873.30
981.26	3006.42
981.43	2848.72
981.59	2772.95
981.76	2787.29
981.93	2680.79
982.10	2605.02
982.27	2629.59
982.43	3010.51
982.60	2785.24
982.77	2607.06
982.94	2662.36
983.11	2686.94
983.27	2584.54
983.44	2768.85
983.61	2727.89
983.78	3174.35
983.94	3094.48
984.11	2547.67
984.28	2818.00
984.45	3065.81
984.61	2557.91
984.78	2607.06
984.95	2572.25
985.12	3006.42
985.28	3008.47
985.45	2672.60
985.62	2688.98
985.79	2809.81
985.95	2713.56
986.12	2529.24
986.29	2605.02
986.46	3082.19
986.62	3104.72
986.79	2783.19
986.96	2455.51
987.13	2938.84
987.29	3157.97
987.46	2723.80
987.63	2645.98
987.80	2629.59
987.96	3268.56
988.13	2652.12
988.30	2625.50
988.46	2727.89
988.63	3018.71
988.80	2150.37
988.97	2217.95
989.13	2869.20
989.30	2983.89
989.47	2164.70
989.63	2185.18
989.80	3110.86
989.97	2965.46
990.13	2381.79
990.30	2590.68
990.47	2772.95
990.64	2838.48
990.80	2179.04
990.97	2330.59
991.14	2768.85
991.30	2920.40
991.47	2226.14
991.64	2308.06
991.80	2897.88
991.97	2858.96
992.14	2113.50
992.30	2736.09
992.47	2760.66
992.64	2949.08
992.80	2168.80
992.97	2193.37
993.14	3194.83
993.30	3790.79
993.47	2228.19
993.64	2297.82
993.80	3178.45
993.97	2869.20
994.14	2344.92
994.30	2695.13
994.47	2998.23
994.64	2840.53
994.80	2480.09
994.97	2402.27
995.14	3026.90
995.30	2875.35
995.47	2400.22
995.63	2482.14
995.80	2863.06
995.97	3231.69
996.13	2271.20
996.30	2330.59
996.47	2914.26
996.63	3401.68
996.80	2772.95
996.97	2482.14
997.13	2973.65
997.30	3178.45
997.46	2236.38
997.63	2521.05
997.80	3174.35
997.96	3022.80
998.13	2314.20
998.29	2258.91
998.46	2891.73
998.63	2756.57
998.79	2203.61
998.96	2482.14
999.12	3071.95
999.29	2789.33
999.46	2291.68
999.62	2635.74
999.79	3033.04
999.95	2879.44
1000.12	2277.34
1000.29	2357.21
1000.45	2918.36
1000.62	3041.23
1000.78	2375.64
1000.95	2318.30
1001.11	2879.44
1001.28	3026.90
1001.45	2275.29
1001.61	2629.59
1001.78	2990.03
1001.94	3071.95
1002.11	2412.51
1002.27	2650.07
1002.44	3053.52
1002.61	3082.19
1002.77	2293.72
1002.94	2295.77
1003.10	2973.65
1003.27	3043.28
1003.43	2318.30
1003.60	2361.31
1003.76	2811.86
1003.93	2906.07
1004.10	2408.41
1004.26	2574.30
1004.43	3094.48
1004.59	3356.62
1004.76	2232.29
1004.92	2334.68
1005.09	3213.26
1005.25	3102.67
1005.42	2375.64
1005.58	2568.15
1005.75	3053.52
1005.91	2957.27
1006.08	2621.40
1006.24	2183.13
1006.41	2926.55
1006.57	2936.79
1006.74	2285.53
1006.90	2512.86
1007.07	2830.29
1007.23	3209.17
1007.40	2392.03
1007.56	2265.05
1007.73	2691.03
1007.89	3078.10
1008.06	2564.06
1008.22	2445.27
1008.39	2977.75
1008.55	2863.06
1008.72	2439.13
1008.88	2250.72
1009.05	2777.05
1009.21	3047.38
1009.38	2181.09
1009.54	2379.74
1009.71	3223.50
1009.87	3307.47
1010.04	2052.06
1010.20	2527.19
1010.37	2656.22
1010.53	3088.34
1010.70	2369.50
1010.86	2228.19
1011.03	2695.13
1011.19	2723.80
1011.35	2523.10
1011.52	2336.73
1011.68	2891.73
1011.85	2848.72
1012.01	2574.30
1012.18	2463.71
1012.34	2899.92
1012.51	2762.71
1012.67	2359.26
1012.83	2379.74
1013.00	3076.05
1013.16	2818.00
1013.33	2291.68
1013.49	2824.15
1013.66	3061.71
1013.82	3393.48
1013.99	2349.02
1014.15	2457.56
1014.31	3076.05
1014.48	2942.93
1014.64	2506.71
1014.81	2383.84
1014.97	2727.89
1015.13	3145.68
1015.30	2334.68
1015.46	2482.14
1015.63	2723.80
1015.79	2881.49
1015.95	2125.79
1016.12	2306.01
1016.28	2815.96
1016.45	2906.07
1016.61	2398.17
1016.77	2455.51
1016.94	2795.48
1017.10	3065.81
1017.27	2402.27
1017.43	2244.57
1017.59	2748.37
1017.76	3110.86
1017.92	2242.53
1018.09	2207.71
1018.25	3149.78
1018.41	3033.04
1018.58	2502.62
1018.74	2510.81
1018.90	2920.40
1019.07	2996.18
1019.23	2250.72
1019.40	2248.67
1019.56	3022.80
1019.72	2691.03
1019.89	2430.94
1020.05	2924.50
1020.21	2963.41
1020.38	2916.31
1020.54	2211.81
1020.70	2410.46
1020.87	2936.79
1021.03	3047.38
1021.19	2396.12
1021.36	2193.37
1021.52	3182.54
1021.68	3252.17
1021.85	2846.68
1022.01	2365.40
1022.17	2924.50
1022.34	3043.28
1022.50	2260.96
1022.66	2473.95
1022.83	3149.78
1022.99	2983.89
1023.15	2310.11
1023.32	2533.34
1023.48	2936.79
1023.64	2901.97
1023.81	2260.96
1023.97	2590.68
1024.13	2875.35
1024.30	2848.72
1024.46	2596.82
1024.62	2359.26
1024.79	3020.75
1024.95	3162.06
1025.11	2226.14
1025.27	2389.98
1025.44	2682.84
1025.60	2783.19
1025.76	2406.36
1025.93	2295.77
1026.09	2951.12
1026.25	2975.70
1026.41	2349.02
1026.58	2273.25
1026.74	2764.76
1026.90	3112.91
1027.07	2521.05
1027.23	2353.12
1027.39	2881.49
1027.55	3119.06
1027.72	2351.07
1027.88	2428.89
1028.04	2848.72
1028.20	3076.05
1028.37	2119.65
1028.53	2457.56
1028.69	2768.85
1028.85	3018.71
1029.02	2535.39
1029.18	2289.63
1029.34	2811.86
1029.50	3049.43
1029.67	2465.75
1029.83	2408.41
1029.99	3037.14
1030.15	2897.88
1030.32	2263.01
1030.48	2449.37
1030.64	2744.28
1030.80	3233.74
1030.97	2707.41
1031.13	2330.59
1031.29	3143.63
1031.45	3004.37
1031.61	2236.38
1031.78	2338.78
1031.94	3297.23
1032.10	3088.34
1032.26	2566.10
1032.42	2428.89
1032.59	3125.20
1032.75	2844.63
1032.91	2432.99
1033.07	2400.22
1033.24	2795.48
1033.40	3565.51
1033.56	2430.94
1033.72	2217.95
1033.88	3012.56
1034.04	3278.80
1034.21	2428.89
1034.37	2387.93
1034.53	2944.98
1034.69	2781.14
1034.85	2338.78
1035.02	2441.18
1035.18	2815.96
1035.34	3102.67
1035.50	2248.67
1035.66	2547.67
1035.82	2955.22
1035.99	3184.59
1036.15	2394.08
1036.31	2693.08
1036.47	3071.95
1036.63	3475.40
1036.79	2793.43
1036.96	2621.40
1037.12	3121.10
1037.28	2840.53
1037.44	2127.84
1037.60	2412.51
1037.76	2969.55
1037.92	3018.71
1038.09	2187.23
1038.25	2727.89
1038.41	3092.43
1038.57	3047.38
1038.73	2359.26
1038.89	2357.21
1039.05	3047.38
1039.22	2990.03
1039.38	2330.59
1039.54	2744.28
1039.70	2992.08
1039.86	3149.78
1040.02	2367.45
1040.18	2443.23
1040.34	2936.79
1040.51	3061.71
1040.67	3119.06
1040.83	2680.79
1040.99	3104.72
1041.15	3325.90
1041.31	2260.96
1041.47	2564.06
1041.63	2908.12
