345.74	1345.52
345.96	1345.52
346.17	1345.52
346.39	1435.63
346.60	1392.62
346.81	2480.09
347.03	2562.01
347.24	3246.03
347.46	3119.06
347.67	2572.25
347.89	2445.27
348.10	2977.75
348.32	2914.26
348.53	2408.41
348.75	2498.52
348.96	2775.00
349.18	3137.49
349.39	2428.89
349.61	2471.90
349.82	2990.03
350.04	2998.23
350.25	2445.27
350.47	2635.74
350.68	2983.89
350.90	3243.98
351.11	2363.36
351.32	2572.25
351.54	3209.17
351.75	3207.12
351.97	2449.37
352.18	2447.32
352.40	2785.24
352.61	3114.96
352.83	2605.02
353.04	2316.25
353.26	3227.60
353.47	2854.87
353.69	2504.67
353.90	2473.95
354.11	2799.57
354.33	3305.42
354.54	2203.61
354.76	2590.68
354.97	2785.24
355.19	3108.82
355.40	2394.08
355.62	2897.88
355.83	2895.83
356.04	2969.55
356.26	2432.99
356.47	2533.34
356.69	2723.80
356.90	3395.53
357.12	2432.99
357.33	2404.32
357.55	2873.30
357.76	2961.36
357.97	2228.19
358.19	2496.47
358.40	2887.64
358.62	3248.08
358.83	2416.60
359.05	2699.22
359.26	2836.44
359.47	2926.55
359.69	2578.39
359.90	2768.85
360.12	2828.24
360.33	2955.22
360.55	2402.27
360.76	2648.02
360.97	3055.57
361.19	3178.45
361.40	2385.88
361.62	2572.25
361.83	3151.82
362.04	3272.65
362.26	2467.80
362.47	2551.77
362.69	2840.53
362.90	3028.95
363.12	2392.03
363.33	2488.28
363.54	2981.84
363.76	3229.65
363.97	2506.71
364.19	2498.52
364.40	3323.85
364.61	2916.31
364.83	2285.53
365.04	2625.50
365.26	2899.92
365.47	3231.69
365.68	2488.28
365.90	2596.82
366.11	2916.31
366.33	3198.93
366.54	2363.36
366.75	2498.52
366.97	2658.26
367.18	2877.40
367.40	2598.87
367.61	2492.38
367.82	2899.92
368.04	3026.90
368.25	2594.78
368.46	2455.51
368.68	2955.22
368.89	3252.17
369.11	2480.09
369.32	2643.93
369.53	3194.83
369.75	3063.76
369.96	2871.25
370.18	2623.45
370.39	2834.39
370.60	2899.92
370.82	2418.65
371.03	2400.22
371.24	3293.13
371.46	2875.35
371.67	2543.58
371.88	2482.14
372.10	2731.99
372.31	2629.59
372.53	2273.25
372.74	2502.62
372.95	2678.74
373.17	2742.23
373.38	2731.99
373.59	2619.35
373.81	2920.40
374.02	3225.55
374.23	2357.21
374.45	2818.00
374.66	3063.76
374.88	2947.03
375.09	2400.22
375.30	2801.62
375.52	2856.92
375.73	3137.49
375.94	2439.13
376.16	2705.37
376.37	3065.81
376.58	3008.47
376.80	2588.63
377.01	2723.80
377.22	3518.41
377.44	3166.16
377.65	2629.59
377.86	2351.07
378.08	2981.84
378.29	2836.44
378.50	2580.44
378.72	2404.32
378.93	3323.85
379.14	3174.35
379.36	2801.62
379.57	2629.59
379.78	2719.70
380.00	3024.85
380.21	2346.97
380.42	2258.91
380.64	2662.36
380.85	2693.08
381.06	2639.83
381.28	2519.00
381.49	3344.33
381.70	2779.09
381.92	2387.93
382.13	2576.34
382.34	3299.28
382.56	3364.81
382.77	2580.44
382.98	2521.05
383.19	3020.75
383.41	2994.13
383.62	2457.56
383.83	2551.77
384.05	3028.95
384.26	3063.76
384.47	2613.21
384.69	2457.56
384.90	2924.50
385.11	3198.93
385.33	2490.33
385.54	2768.85
385.75	2889.68
385.96	3133.39
386.18	2918.36
386.39	2504.67
386.60	2844.63
386.82	3254.22
387.03	2549.72
387.24	2484.19
387.45	2793.43
387.67	2750.42
387.88	2613.21
388.09	2637.78
388.31	2840.53
388.52	2938.84
388.73	2920.40
388.94	2543.58
389.16	3188.69
389.37	2815.96
389.58	2502.62
389.80	2469.85
390.01	2826.20
390.22	3088.34
390.43	2637.78
390.65	2660.31
390.86	2951.12
391.07	3067.86
391.29	2592.73
391.50	2263.01
391.71	3162.06
391.92	3088.34
392.14	2535.39
392.35	2695.13
392.56	2797.53
392.77	3080.14
392.99	2592.73
393.20	2394.08
393.41	2842.58
393.62	2850.77
393.84	2424.80
394.05	2568.15
394.26	3041.23
394.47	3211.22
394.69	2744.28
394.90	2719.70
395.11	2932.69
395.32	2953.17
395.54	2473.95
395.75	2340.83
395.96	2766.81
396.17	3282.89
396.39	2947.03
396.60	2406.36
396.81	2963.41
397.02	2926.55
397.24	2676.70
397.45	2799.57
397.66	2873.30
397.87	3076.05
398.09	2635.74
398.30	2447.32
398.51	3157.97
398.72	2891.73
398.94	2486.23
399.15	2961.36
399.36	3104.72
399.57	3059.67
399.79	2695.13
400.00	2871.25
400.21	2652.12
400.42	3018.71
400.63	2596.82
400.85	2727.89
401.06	2990.03
401.27	2965.46
401.48	3086.29
401.70	2562.01
401.91	3309.52
402.12	3127.25
402.33	2867.16
402.54	2398.17
402.76	2867.16
402.97	3293.13
403.18	2611.16
403.39	2527.19
403.60	3110.86
403.82	2881.49
404.03	2244.57
404.24	2453.47
404.45	3051.47
404.66	3301.33
404.88	2228.19
405.09	2957.27
405.30	3125.20
405.51	2899.92
405.73	2568.15
405.94	2392.03
406.15	2863.06
406.36	2858.96
406.57	2541.53
406.78	2371.55
407.00	2955.22
407.21	3141.58
407.42	2332.64
407.63	2883.54
407.84	3143.63
408.06	2992.08
408.27	2346.97
408.48	2598.87
408.69	3086.29
408.90	2815.96
409.12	2377.69
409.33	2365.40
409.54	2637.78
409.75	2891.73
409.96	2588.63
410.17	2727.89
410.39	2799.57
410.60	3342.28
410.81	2629.59
411.02	2627.54
411.23	4435.90
411.44	2809.81
411.66	2590.68
411.87	2891.73
412.08	3268.56
412.29	2764.76
412.50	2467.80
412.71	2459.61
412.93	2838.48
413.14	2811.86
413.35	2674.65
413.56	2465.75
413.77	2967.51
413.98	2850.77
414.20	2412.51
414.41	2645.98
414.62	2881.49
414.83	2795.48
415.04	2512.86
415.25	2605.02
415.46	3182.54
415.68	2848.72
415.89	2363.36
416.10	2621.40
416.31	2715.61
416.52	3119.06
416.73	2549.72
416.94	2441.18
417.16	2971.60
417.37	2949.08
417.58	2752.47
417.79	2420.70
418.00	2908.12
418.21	2756.57
418.42	2697.17
418.64	2449.37
418.85	2670.55
419.06	2949.08
419.27	2367.45
419.48	2582.49
419.69	2947.03
419.90	2801.62
420.11	2488.28
420.33	2422.75
420.54	3196.88
420.75	3133.39
420.96	2373.60
421.17	2736.09
421.38	2891.73
421.59	2867.16
421.80	2441.18
422.02	2547.67
422.23	2912.21
422.44	3162.06
422.65	2387.93
422.86	2490.33
423.07	2813.91
423.28	3004.37
423.49	2299.87
423.70	2580.44
423.92	2703.32
424.13	3157.97
424.34	2371.55
424.55	2379.74
424.76	3145.68
424.97	3180.50
425.18	2316.25
425.39	2643.93
425.60	2711.51
425.81	2885.59
426.03	2562.01
426.24	2480.09
426.45	2893.78
426.66	3264.46
426.87	2521.05
427.08	2729.94
427.29	2979.79
427.50	2971.60
427.71	2416.60
427.92	2432.99
428.13	2775.00
428.34	2768.85
428.56	2707.41
428.77	2662.36
428.98	3456.97
429.19	3018.71
429.40	2600.92
429.61	2553.82
429.82	3047.38
430.03	2875.35
430.24	2621.40
430.45	2363.36
430.66	3033.04
430.87	2934.74
431.08	2564.06
431.30	2410.46
431.51	2904.02
431.72	3018.71
431.93	2668.50
432.14	2510.81
432.35	3069.91
432.56	3258.32
432.77	2574.30
432.98	2613.21
433.19	2904.02
433.40	2908.12
433.61	2392.03
433.82	2580.44
434.03	2744.28
434.24	2783.19
434.45	3018.71
434.66	2996.18
434.87	3020.75
435.09	2936.79
435.30	2625.50
435.51	2725.85
435.72	3018.71
435.93	2684.89
436.14	2670.55
436.35	2443.23
436.56	3162.06
436.77	2949.08
436.98	2441.18
437.19	2680.79
437.40	3291.09
437.61	3006.42
437.82	2643.93
438.03	2506.71
438.24	2938.84
438.45	3098.58
438.66	2432.99
438.87	2504.67
439.08	2916.31
439.29	2873.30
439.50	2686.94
439.71	3002.32
439.92	2750.42
440.13	2752.47
440.34	2498.52
440.55	2781.14
440.76	2777.05
440.97	3002.32
441.18	2768.85
441.39	2533.34
441.60	2877.40
441.81	2826.20
442.02	2637.78
442.23	2568.15
442.44	3145.68
442.65	2777.05
442.86	2660.31
443.07	2869.20
443.28	2899.92
443.49	2920.40
443.70	2858.96
443.91	2551.77
444.12	2824.15
444.33	2883.54
444.54	2832.34
444.75	2637.78
444.96	3088.34
445.17	3153.87
445.38	2910.16
445.59	2734.04
445.80	2924.50
446.01	2715.61
446.22	3041.23
446.43	2527.19
446.64	2777.05
446.85	2920.40
447.06	2713.56
447.27	2801.62
447.48	3207.12
447.69	2858.96
447.90	2891.73
448.11	2506.71
448.32	2842.58
448.53	2783.19
448.74	2928.60
448.95	2701.27
449.16	2791.38
449.37	2971.60
449.58	2637.78
449.79	2588.63
450.00	2617.30
450.21	2854.87
450.42	2811.86
450.63	2731.99
450.84	2832.34
451.05	2740.18
451.26	2887.64
451.47	2777.05
451.68	3088.34
451.89	2901.97
452.10	2742.23
452.30	3041.23
452.51	3043.28
452.72	2660.31
452.93	2820.05
453.14	2910.16
453.35	2885.59
453.56	3071.95
453.77	2867.16
453.98	2824.15
454.19	3178.45
454.40	2936.79
454.61	2863.06
454.82	2897.88
455.03	2703.32
455.24	2879.44
455.45	2854.87
455.66	3059.67
455.87	2996.18
456.07	3035.09
456.28	2854.87
456.49	2760.66
456.70	3219.41
456.91	2981.84
457.12	2772.95
457.33	2793.43
457.54	3203.02
457.75	3256.27
457.96	3231.69
458.17	3045.33
458.38	3049.43
458.59	2947.03
458.79	2875.35
459.00	2742.23
459.21	3131.34
459.42	2949.08
459.63	2906.07
459.84	2815.96
460.05	3844.04
460.26	3207.12
460.47	3194.83
460.68	2891.73
460.89	3465.16
461.09	3385.29
461.30	3217.36
461.51	3084.24
461.72	3504.07
461.93	3258.32
462.14	3176.40
462.35	3030.99
462.56	3487.69
462.77	3127.25
462.98	3422.16
463.18	3393.48
463.39	3504.07
463.60	3717.06
463.81	3358.67
464.02	3764.17
464.23	3622.86
464.44	4028.35
464.65	3428.30
464.86	3258.32
465.06	3291.09
465.27	3446.73
465.48	3323.85
465.69	3635.14
465.90	3809.22
466.11	3694.54
466.32	3418.06
466.53	3463.12
466.74	4042.69
466.94	3882.95
467.15	3768.26
467.36	3661.77
467.57	4186.05
467.78	3905.48
467.99	3876.80
468.20	4251.58
468.40	3987.40
468.61	3973.06
468.82	4075.46
469.03	4478.91
469.24	4544.44
469.45	4200.38
469.66	4296.64
469.86	4184.00
470.07	4693.94
470.28	4517.82
470.49	4177.86
470.70	4431.80
470.91	4452.28
471.12	4812.73
471.32	4616.12
471.53	4710.33
471.74	4980.66
471.95	4954.04
472.16	4757.43
472.37	4902.84
472.58	5324.72
472.78	5050.29
472.99	5115.83
473.20	5318.57
473.41	5513.13
473.62	5337.01
473.83	5816.23
474.03	5855.14
474.24	5791.66
474.45	6014.88
474.66	5728.17
474.87	5855.14
475.08	6008.74
475.28	6340.51
475.49	6561.69
475.70	6152.10
475.91	6784.92
476.12	6578.08
476.32	6487.96
476.53	6950.81
476.74	7161.75
476.95	7221.14
477.16	6897.56
477.37	7169.94
477.57	7618.44
477.78	7593.87
477.99	7380.88
478.20	7708.55
478.41	8181.64
478.61	8419.20
478.82	8232.83
479.03	8195.97
479.24	8580.99
479.45	8601.47
479.65	8564.61
479.86	8806.27
480.07	9256.82
480.28	8951.67
480.49	10190.69
480.69	9426.80
480.90	9609.07
481.11	9903.98
481.32	9611.12
481.53	10080.10
481.73	10313.57
481.94	10405.73
482.15	10522.46
482.36	10764.12
482.57	11097.94
482.77	11532.11
482.98	11407.19
483.19	11315.03
483.40	11663.18
483.60	11867.98
483.81	11929.42
484.02	12316.48
484.23	12189.51
484.44	12449.60
484.64	12566.34
484.85	12758.85
485.06	13166.39
485.27	13571.89
485.47	13627.18
485.68	13719.34
485.89	14178.09
486.10	14438.18
486.31	14493.47
486.51	14264.10
486.72	14673.70
486.93	14868.25
487.14	14860.06
487.34	14999.32
487.55	15582.99
487.76	15818.51
487.97	15951.63
488.17	15836.94
488.38	16211.72
488.59	16250.63
488.80	16912.13
489.00	16664.32
489.21	17061.63
489.42	16709.38
489.63	17135.35
489.83	17391.35
490.04	17624.82
490.25	17723.12
490.46	17610.48
490.66	18294.50
490.87	18261.74
491.08	18226.92
491.29	18194.15
491.49	18564.84
491.70	18636.52
491.91	18869.98
492.11	19019.49
492.32	19115.74
492.53	18607.84
492.74	19779.28
492.94	19244.76
493.15	19660.50
493.36	19158.75
493.57	19726.04
493.77	19525.33
493.98	19820.24
494.19	19887.82
494.39	20000.46
494.60	19599.06
494.81	19537.62
495.02	20401.86
495.22	20178.64
495.43	19791.57
495.64	19756.75
495.84	20025.04
496.05	20657.86
496.26	19779.28
496.47	20188.88
496.67	20557.51
496.88	19984.08
497.09	20059.85
497.29	19773.14
497.50	19830.48
497.71	20297.42
497.91	19744.47
498.12	20006.61
498.33	19807.95
498.54	19865.30
498.74	19455.70
498.95	19273.43
499.16	19717.84
499.36	19541.72
499.57	19314.39
499.78	19273.43
499.98	19437.27
500.19	19068.64
500.40	19091.16
500.60	18755.30
500.81	18974.43
501.02	18939.62
501.22	19074.78
501.43	18429.67
501.64	18464.49
501.85	18523.88
502.05	18777.83
502.26	17964.78
502.47	18392.81
502.67	17794.80
502.88	17655.54
503.09	17559.28
503.29	17456.89
503.50	17266.42
503.71	17252.09
503.91	16826.11
504.12	16568.07
504.33	16717.57
504.53	16443.14
504.74	16322.31
504.95	16457.48
505.15	16318.22
505.36	16211.72
505.56	15775.50
505.77	16260.87
505.98	15126.30
506.18	15695.63
506.39	15001.37
506.60	14984.99
506.80	15173.40
507.01	14829.34
507.22	14667.55
507.42	14509.86
507.63	14485.28
507.84	14520.10
508.04	13799.21
508.25	14327.59
508.45	14427.94
508.66	13653.81
508.87	13385.52
509.07	13727.53
509.28	13330.23
509.49	13178.68
509.69	13104.95
509.90	12955.45
510.11	12824.38
510.31	12584.77
510.52	12328.77
510.72	12359.49
510.93	12384.07
511.14	12171.08
511.34	11745.10
511.55	11706.19
511.76	12328.77
511.96	11974.47
512.17	11511.63
512.37	11812.68
512.58	11247.44
512.79	11136.85
512.99	11157.33
513.20	11026.26
513.40	11161.43
513.61	10784.60
513.82	10332.00
514.02	10319.71
514.23	10395.49
514.43	10805.08
514.64	10020.71
514.85	10231.65
515.05	10289.00
515.26	10006.38
515.46	9848.68
515.67	10090.34
515.88	9381.74
516.08	10053.48
516.29	9299.83
516.49	9531.25
516.70	9332.59
516.91	9238.39
517.11	9250.67
517.32	9092.98
517.52	9013.11
517.73	8787.83
517.93	9043.83
518.14	8656.76
518.35	8499.07
518.55	8183.68
518.76	8572.80
518.96	8591.23
519.17	8032.13
519.38	8189.83
519.58	8218.50
519.79	8015.75
519.99	7929.74
520.20	7948.17
520.40	7698.31
520.61	7810.95
520.82	8087.43
521.02	7755.66
521.23	7503.76
521.43	7714.70
521.64	7190.42
521.84	7270.29
522.05	7088.02
522.25	6975.38
522.46	7030.68
522.67	6936.47
522.87	7141.27
523.08	7298.96
523.28	6889.37
523.49	7077.78
523.69	6553.50
523.90	6823.83
524.10	6709.15
524.31	6371.23
524.51	6870.94
524.72	6586.27
524.93	6567.84
525.13	6219.68
525.34	5971.88
525.54	6317.98
525.75	6313.89
525.95	5791.66
526.16	6141.86
526.36	6100.90
526.57	6227.87
526.77	5468.08
526.98	6152.10
527.18	5750.70
527.39	5662.63
527.59	5969.83
527.80	5586.86
528.00	5695.40
528.21	5627.82
528.42	5480.36
528.62	5560.24
528.83	5361.58
529.03	5859.24
529.24	5431.21
529.44	5085.11
529.65	5337.01
529.85	5248.94
530.06	5554.09
530.26	5117.87
530.47	5152.69
530.67	5312.43
530.88	4741.05
531.08	4880.31
531.29	4839.35
531.49	4798.39
531.70	4970.42
531.90	4519.87
532.11	4837.30
532.31	4980.66
532.52	4734.90
532.72	4448.19
532.93	4702.14
533.13	4495.29
533.34	4382.65
533.54	4736.95
533.75	4382.65
533.95	4444.09
534.16	4409.28
534.36	4399.04
534.57	4452.28
534.77	4648.89
534.97	4554.68
535.18	4143.04
535.38	4290.49
535.59	4220.86
535.79	4202.43
536.00	4186.05
536.20	4198.34
536.41	3809.22
536.61	4186.05
536.82	4016.07
537.02	4112.32
537.23	4145.09
537.43	4145.09
537.64	4044.74
537.84	4282.30
538.05	4196.29
538.25	4202.43
538.45	3936.20
538.66	4124.61
538.86	3956.68
539.07	3848.13
539.27	3809.22
539.48	3964.87
539.68	4038.59
539.89	3815.37
540.09	4200.38
540.29	4032.45
540.50	3520.46
540.70	4001.73
540.91	3667.91
541.11	3872.71
541.32	3608.52
541.52	3817.41
541.73	3653.58
541.93	3579.85
542.13	3887.04
542.34	3452.88
542.54	3637.19
542.75	3715.02
542.95	4267.97
543.16	3567.56
543.36	3690.44
543.56	3594.19
543.77	3600.33
543.97	3739.59
544.18	3522.51
544.38	3651.53
544.59	3551.18
544.79	3432.40
544.99	3837.89
545.20	3991.49
545.40	3463.12
545.61	3366.86
545.81	3672.01
546.01	3782.60
546.22	3493.83
546.42	3512.27
546.63	3348.43
546.83	3497.93
547.04	3454.92
547.24	3430.35
547.44	3286.99
547.65	3401.68
547.85	3127.25
548.06	3246.03
548.26	3209.17
548.46	3782.60
548.67	3368.91
548.87	3274.70
549.08	3135.44
549.28	3264.46
549.48	3223.50
549.69	3444.68
549.89	3006.42
550.09	3510.22
550.30	3641.29
550.50	2865.11
550.71	3096.53
550.91	3360.72
551.11	2975.70
551.32	3495.88
551.52	3125.20
551.73	3424.20
551.93	3024.85
552.13	3479.50
552.34	3418.06
552.54	2975.70
552.74	3301.33
552.95	3129.30
553.15	3051.47
553.35	3203.02
553.56	3254.22
553.76	3330.00
553.97	3160.02
554.17	3233.74
554.37	3074.00
554.58	3284.94
554.78	3108.82
554.98	3086.29
555.19	2967.51
555.39	3053.52
555.59	2848.72
555.80	3055.57
556.00	2979.79
556.20	3053.52
556.41	3024.85
556.61	2985.94
556.82	2953.17
557.02	3076.05
557.22	2992.08
557.43	2873.30
557.63	3190.74
557.83	3008.47
558.04	3379.15
558.24	3012.56
558.44	3137.49
558.65	2846.68
558.85	2658.26
559.05	2940.88
559.26	2998.23
559.46	2863.06
559.66	2807.77
559.87	2938.84
560.07	3135.44
560.27	3317.71
560.48	3295.18
560.68	3067.86
560.88	2807.77
561.08	3117.01
561.29	3186.64
561.49	2916.31
561.69	2899.92
561.90	3209.17
562.10	2955.22
562.30	3309.52
562.51	2973.65
562.71	2883.54
562.91	3266.51
563.12	2858.96
563.32	2781.14
563.52	3080.14
563.72	2828.24
563.93	2897.88
564.13	2826.20
564.33	3278.80
564.54	3030.99
564.74	2846.68
564.94	2979.79
565.15	2797.53
565.35	2875.35
565.55	3178.45
565.75	2766.81
565.96	2957.27
566.16	3039.19
566.36	2820.05
566.57	2854.87
566.77	3315.66
566.97	3004.37
567.17	3178.45
567.38	2705.37
567.58	2838.48
567.78	2969.55
567.99	3313.61
568.19	2879.44
568.39	2949.08
568.59	3053.52
568.80	3063.76
569.00	3104.72
569.20	2932.69
569.40	2721.75
569.61	3071.95
569.81	2965.46
570.01	2858.96
570.21	2727.89
570.42	3291.09
570.62	2731.99
570.82	2701.27
571.02	2686.94
571.23	2744.28
571.43	3084.24
571.63	2840.53
571.84	2588.63
572.04	2553.82
572.24	3055.57
572.44	3043.28
572.64	2869.20
572.85	2873.30
573.05	3022.80
573.25	3256.27
573.45	2465.75
573.66	3426.25
573.86	2789.33
574.06	2891.73
574.26	2979.79
574.47	2834.39
574.67	3041.23
574.87	2693.08
575.07	2881.49
575.28	2801.62
575.48	2936.79
575.68	2947.03
575.88	2707.41
576.08	3020.75
576.29	2815.96
576.49	2930.64
576.69	3047.38
576.89	2783.19
577.10	2858.96
577.30	3022.80
577.50	2822.10
577.70	2623.45
577.90	3129.30
578.11	2998.23
578.31	2555.86
578.51	2979.79
578.71	2627.54
578.91	2899.92
579.12	2904.02
579.32	2963.41
579.52	4476.86
579.72	2834.39
579.92	2822.10
580.13	2981.84
580.33	3200.98
580.53	2949.08
580.73	2709.46
580.93	2912.21
581.14	2856.92
581.34	3010.51
581.54	2723.80
581.74	2961.36
581.94	2781.14
582.15	3080.14
582.35	2654.17
582.55	2891.73
582.75	3282.89
582.95	2818.00
583.15	3117.01
583.36	3039.19
583.56	2918.36
583.76	2768.85
583.96	2877.40
584.16	2947.03
584.37	2736.09
584.57	2949.08
584.77	2570.20
584.97	2899.92
585.17	2877.40
585.37	2963.41
585.57	2930.64
585.78	2588.63
585.98	2682.84
586.18	2811.86
586.38	2744.28
586.58	2660.31
586.78	2736.09
586.99	2666.46
587.19	2883.54
587.39	2760.66
587.59	2678.74
587.79	2686.94
587.99	2805.72
588.19	2856.92
588.40	2947.03
588.60	2609.11
588.80	3180.50
589.00	2656.22
589.20	2906.07
589.40	3096.53
589.60	2570.20
589.81	2791.38
590.01	2750.42
590.21	3219.41
590.41	2686.94
590.61	2901.97
590.81	2580.44
591.01	3047.38
591.22	2734.04
591.42	3223.50
591.62	2881.49
591.82	2834.39
592.02	2832.34
592.22	2768.85
592.42	3430.35
592.62	2858.96
592.82	2807.77
593.03	2965.46
593.23	2840.53
593.43	2990.03
593.63	2711.51
593.83	2770.90
594.03	3084.24
594.23	2916.31
594.43	2586.58
594.63	2619.35
594.84	2775.00
595.04	2994.13
595.24	2932.69
595.44	2684.89
595.64	2858.96
595.84	3020.75
596.04	2875.35
596.24	2695.13
596.44	2813.91
596.64	2721.75
596.84	2805.72
597.05	2764.76
597.25	2981.84
597.45	2916.31
597.65	2625.50
597.85	2813.91
598.05	2926.55
598.25	2576.34
598.45	2680.79
598.65	2807.77
598.85	2775.00
599.05	3219.41
599.25	2811.86
599.46	2613.21
599.66	2922.45
599.86	2686.94
600.06	2873.30
600.26	2736.09
600.46	2715.61
600.66	3035.09
600.86	3061.71
601.06	2750.42
601.26	2721.75
601.46	2936.79
601.66	2811.86
601.86	2670.55
602.06	2834.39
602.26	2686.94
602.46	2502.62
602.66	2682.84
602.87	2797.53
603.07	2906.07
603.27	2793.43
603.47	2707.41
603.67	3268.56
603.87	3114.96
604.07	2793.43
604.27	2996.18
604.47	2711.51
604.67	2564.06
604.87	2785.24
605.07	2723.80
605.27	2727.89
605.47	2660.31
605.67	2891.73
605.87	2844.63
606.07	3059.67
606.27	2756.57
606.47	2742.23
606.67	2621.40
606.87	2596.82
607.07	2846.68
607.27	2629.59
607.47	2734.04
607.67	2838.48
607.87	2695.13
608.07	2858.96
608.27	2912.21
608.47	2580.44
608.67	3061.71
608.87	2801.62
609.07	2926.55
609.27	2684.89
609.47	2885.59
609.67	2824.15
609.87	2953.17
610.07	2809.81
610.27	4925.36
610.47	2658.26
610.67	2879.44
610.87	2693.08
611.07	3160.02
611.27	2717.65
611.47	2877.40
611.67	3016.66
611.87	2699.22
612.07	2650.07
612.27	2740.18
612.47	2678.74
612.67	2789.33
612.87	2879.44
613.07	2572.25
613.27	2729.94
613.47	2858.96
613.67	2781.14
613.87	2908.12
614.07	2658.26
614.27	2707.41
614.47	2797.53
614.67	2834.39
614.87	2680.79
615.07	2842.58
615.27	2635.74
615.47	2678.74
615.67	2871.25
615.87	2588.63
616.07	2750.42
616.27	2869.20
616.47	2719.70
616.67	2656.22
616.87	2705.37
617.07	2572.25
617.27	2824.15
617.47	2750.42
617.66	2744.28
617.86	2707.41
618.06	2619.35
618.26	2566.10
618.46	2764.76
618.66	2990.03
618.86	3010.51
619.06	2805.72
619.26	2836.44
619.46	2648.02
619.66	3002.32
619.86	2916.31
620.06	2813.91
620.26	2934.74
620.46	3651.53
620.66	3342.28
620.85	2965.46
621.05	3133.39
621.25	2912.21
621.45	2701.27
621.65	2957.27
621.85	2758.61
622.05	3006.42
622.25	2670.55
622.45	2674.65
622.65	2793.43
622.85	2631.64
623.05	2828.24
623.25	2883.54
623.44	2998.23
623.64	2506.71
623.84	2787.29
624.04	2523.10
624.24	2772.95
624.44	2944.98
624.64	2754.52
624.84	2731.99
625.04	2731.99
625.24	2676.70
625.43	2779.09
625.63	3039.19
625.83	2777.05
626.03	2578.39
626.23	2873.30
626.43	2768.85
626.63	2662.36
626.83	2805.72
627.03	2998.23
627.22	2686.94
627.42	2766.81
627.62	2543.58
627.82	2826.20
628.02	2756.57
628.22	2588.63
628.42	2797.53
628.62	2465.75
628.82	2600.92
629.01	3231.69
629.21	2555.86
629.41	3096.53
629.61	2820.05
629.81	2797.53
630.01	2951.12
630.21	3147.73
630.40	2928.60
630.60	2955.22
630.80	2861.01
631.00	2926.55
631.20	2908.12
631.40	2750.42
631.60	2775.00
631.79	2570.20
631.99	2934.74
632.19	2904.02
632.39	2842.58
632.59	2914.26
632.79	2725.85
632.99	4585.40
633.18	2777.05
633.38	2754.52
633.58	2721.75
633.78	2791.38
633.98	2699.22
634.18	2764.76
634.37	3362.76
634.57	2824.15
634.77	3692.49
634.97	2777.05
635.17	2844.63
635.37	3133.39
635.56	2770.90
635.76	2985.94
635.96	2764.76
636.16	2846.68
636.36	2750.42
636.56	2617.30
636.75	2758.61
636.95	2813.91
637.15	2695.13
637.35	2709.46
637.55	3026.90
637.74	2916.31
637.94	2662.36
638.14	2873.30
638.34	2818.00
638.54	2455.51
638.73	2748.37
638.93	2906.07
639.13	2881.49
639.33	2928.60
639.53	2621.40
639.73	2641.88
639.92	2795.48
640.12	2621.40
640.32	2670.55
640.52	2834.39
640.71	2615.26
640.91	2809.81
641.11	2701.27
641.31	2752.47
641.51	2641.88
641.70	2889.68
641.90	2891.73
642.10	2758.61
642.30	2856.92
642.50	2879.44
642.69	2789.33
642.89	2668.50
643.09	2742.23
643.29	2830.29
643.48	2908.12
643.68	2818.00
643.88	3002.32
644.08	2402.27
644.28	2850.77
644.47	2922.45
644.67	2453.47
644.87	2602.97
645.07	2750.42
645.26	2740.18
645.46	2658.26
645.66	2719.70
645.86	2908.12
646.05	3131.34
646.25	2793.43
646.45	2940.88
646.65	2910.16
646.84	2856.92
647.04	2688.98
647.24	2848.72
647.44	2842.58
647.63	2748.37
647.83	2965.46
648.03	2957.27
648.23	2713.56
648.42	2813.91
648.62	2478.04
648.82	2510.81
649.02	2742.23
649.21	2713.56
649.41	3069.91
649.61	2965.46
649.80	2478.04
650.00	3145.68
650.20	2756.57
650.40	2605.02
650.59	3145.68
650.79	2680.79
650.99	3209.17
651.18	2742.23
651.38	2578.39
651.58	2934.74
651.78	2762.71
651.97	2760.66
652.17	2742.23
652.37	2944.98
652.56	2850.77
652.76	2826.20
652.96	2609.11
653.16	2953.17
653.35	2846.68
653.55	3043.28
653.75	2645.98
653.94	3026.90
654.14	2768.85
654.34	2746.33
654.54	2609.11
654.73	3047.38
654.93	2734.04
655.13	2957.27
655.32	2848.72
655.52	2770.90
655.72	2805.72
655.91	2705.37
656.11	2531.29
656.31	2953.17
656.50	2848.72
656.70	2662.36
656.90	2574.30
657.09	2908.12
657.29	2838.48
657.49	2682.84
657.68	2416.60
657.88	2734.04
658.08	2693.08
658.27	3010.51
658.47	2799.57
658.67	2901.97
658.86	2674.65
659.06	2740.18
659.26	2686.94
659.45	2717.65
659.65	2748.37
659.85	2803.67
660.04	2750.42
660.24	2633.69
660.44	2709.46
660.63	2783.19
660.83	2828.24
661.03	2951.12
661.22	2666.46
661.42	2885.59
661.62	2729.94
661.81	2881.49
662.01	2555.86
662.21	2521.05
662.40	2625.50
662.60	3098.58
662.79	2459.61
662.99	3006.42
663.19	2688.98
663.38	2912.21
663.58	2824.15
663.78	2912.21
663.97	2766.81
664.17	2955.22
664.36	2729.94
664.56	2850.77
664.76	2447.32
664.95	2793.43
665.15	2815.96
665.35	2875.35
665.54	3049.43
665.74	2957.27
665.93	3139.54
666.13	2883.54
666.33	2775.00
666.52	2740.18
666.72	2891.73
666.91	2555.86
667.11	2648.02
667.31	2891.73
667.50	2643.93
667.70	2949.08
667.89	2768.85
668.09	3055.57
668.29	2756.57
668.48	2756.57
668.68	3248.08
668.87	2693.08
669.07	2533.34
669.27	2961.36
669.46	2473.95
669.66	2643.93
669.85	2467.80
670.05	2865.11
670.25	2637.78
670.44	2678.74
670.64	2891.73
670.83	3037.14
671.03	2750.42
671.22	2777.05
671.42	2838.48
671.62	2564.06
671.81	2676.70
672.01	2826.20
672.20	2625.50
672.40	2754.52
672.59	3053.52
672.79	2828.24
672.99	2621.40
673.18	2904.02
673.38	2865.11
673.57	2985.94
673.77	2840.53
673.96	2596.82
674.16	2791.38
674.36	3010.51
674.55	2850.77
674.75	2869.20
674.94	2631.64
675.14	2875.35
675.33	2920.40
675.53	2858.96
675.72	2654.17
675.92	3239.89
676.11	2940.88
676.31	2645.98
676.50	2666.46
676.70	3026.90
676.90	2742.23
677.09	2824.15
677.29	2666.46
677.48	2842.58
677.68	2764.76
677.87	2609.11
678.07	2783.19
678.26	2889.68
678.46	2740.18
678.65	2715.61
678.85	2842.58
679.04	2942.93
679.24	2572.25
679.43	2617.30
679.63	2498.52
679.82	3186.64
680.02	3354.57
680.21	2813.91
680.41	2523.10
680.60	3014.61
680.80	3248.08
680.99	2842.58
681.19	2987.99
681.38	2981.84
681.58	2719.70
681.77	3082.19
681.97	2729.94
682.16	3026.90
682.36	3022.80
682.55	2772.95
682.75	2539.48
682.94	3063.76
683.14	2877.40
683.33	2396.12
683.53	2979.79
683.72	2908.12
683.92	2789.33
684.11	2971.60
684.31	2662.36
684.50	2787.29
684.70	2662.36
684.89	2684.89
685.09	2455.51
685.28	2658.26
685.48	2609.11
685.67	2648.02
685.87	2580.44
686.06	2883.54
686.26	2873.30
686.45	2641.88
686.64	2555.86
686.84	2715.61
687.03	2944.98
687.23	2721.75
687.42	2674.65
687.62	2750.42
687.81	2879.44
688.01	2750.42
688.20	2760.66
688.40	3110.86
688.59	2893.78
688.78	2916.31
688.98	2764.76
689.17	3041.23
689.37	2713.56
689.56	2717.65
689.76	2928.60
689.95	3063.76
690.15	2598.87
690.34	3119.06
690.53	2727.89
690.73	2744.28
690.92	2791.38
691.12	2764.76
691.31	2930.64
691.51	2961.36
691.70	2981.84
691.89	2668.50
692.09	2531.29
692.28	2875.35
692.48	2824.15
692.67	2971.60
692.87	2750.42
693.06	2775.00
693.25	2725.85
693.45	2658.26
693.64	2842.58
693.84	3033.04
694.03	2805.72
694.22	2650.07
694.42	2686.94
694.61	2766.81
694.81	4155.33
695.00	2766.81
695.19	2637.78
695.39	2947.03
695.58	2871.25
695.78	2678.74
695.97	2617.30
696.16	3186.64
696.36	3129.30
696.55	2768.85
696.75	2584.54
696.94	2654.17
697.13	3125.20
697.33	2731.99
697.52	2772.95
697.71	2830.29
697.91	2957.27
698.10	3282.89
698.30	2621.40
698.49	3043.28
698.68	2559.96
698.88	2695.13
699.07	2719.70
699.26	3307.47
699.46	2781.14
699.65	2949.08
699.85	2813.91
700.04	2742.23
700.23	2578.39
700.43	2906.07
700.62	2668.50
700.81	2854.87
701.01	2594.78
701.20	2764.76
701.39	2713.56
701.59	2875.35
701.78	2705.37
701.98	2676.70
702.17	2633.69
702.36	2930.64
702.56	2961.36
702.75	2709.46
702.94	2889.68
703.14	4206.53
703.33	2760.66
703.52	6045.60
703.72	2570.20
703.91	2924.50
704.10	2596.82
704.30	2686.94
704.49	2625.50
704.68	2793.43
704.88	3125.20
705.07	3041.23
705.26	2738.13
705.46	2697.17
705.65	2727.89
705.84	2602.97
706.03	2711.51
706.23	2750.42
706.42	2729.94
706.61	2738.13
706.81	3047.38
707.00	3024.85
707.19	2768.85
707.39	2912.21
707.58	2482.14
707.77	2760.66
707.97	3184.59
708.16	2801.62
708.35	2797.53
708.55	2803.67
708.74	2648.02
708.93	3026.90
709.12	2766.81
709.32	2885.59
709.51	3022.80
709.70	2889.68
709.90	2805.72
710.09	2791.38
710.28	2824.15
710.47	2615.26
710.67	2723.80
710.86	3168.21
711.05	2555.86
711.25	2719.70
711.44	2512.86
711.63	2942.93
711.82	2934.74
712.02	3362.76
712.21	2734.04
712.40	2922.45
712.59	3076.05
712.79	3010.51
712.98	2637.78
713.17	3012.56
713.37	2832.34
713.56	2602.97
713.75	2631.64
713.94	2809.81
714.14	2662.36
714.33	2928.60
714.52	2578.39
714.71	2750.42
714.91	2824.15
715.10	2930.64
715.29	2564.06
715.48	2756.57
715.68	3018.71
715.87	2609.11
716.06	2836.44
716.25	2897.88
716.45	2807.77
716.64	2734.04
716.83	2818.00
717.02	3100.62
717.21	2932.69
717.41	3205.07
717.60	3059.67
717.79	2731.99
717.98	2668.50
718.18	2785.24
718.37	2668.50
718.56	3309.52
718.75	3153.87
718.94	2793.43
719.14	2557.91
719.33	2834.39
719.52	2828.24
719.71	2629.59
719.91	2623.45
720.10	3114.96
720.29	2826.20
720.48	2705.37
720.67	2809.81
720.87	3293.13
721.06	2592.73
721.25	2938.84
721.44	2514.91
721.63	3026.90
721.83	3092.43
722.02	2531.29
722.21	2635.74
722.40	2781.14
722.59	2944.98
722.79	2809.81
722.98	2871.25
723.17	2633.69
723.36	2664.41
723.55	2580.44
723.74	2457.56
723.94	2932.69
724.13	2770.90
724.32	2637.78
724.51	2639.83
724.70	2895.83
724.90	2705.37
725.09	3047.38
725.28	2838.48
725.47	2789.33
725.66	2916.31
725.85	2678.74
726.05	2781.14
726.24	2826.20
726.43	2842.58
726.62	2949.08
726.81	2609.11
727.00	2775.00
727.20	2949.08
727.39	2775.00
727.58	2656.22
727.77	2670.55
727.96	2768.85
728.15	2959.31
728.34	2734.04
728.54	2856.92
728.73	2953.17
728.92	2662.36
729.11	2672.60
729.30	2643.93
729.49	2979.79
729.68	2981.84
729.88	2734.04
730.07	2453.47
730.26	2535.39
730.45	3190.74
730.64	3256.27
730.83	2549.72
731.02	2334.68
731.21	3024.85
731.41	2901.97
731.60	2420.70
731.79	2719.70
731.98	3258.32
732.17	3000.27
732.36	2351.07
732.55	2301.92
732.74	3160.02
732.93	2865.11
733.13	2531.29
733.32	2525.15
733.51	2854.87
733.70	3260.37
733.89	2670.55
734.08	2580.44
734.27	2678.74
734.46	3133.39
734.65	2555.86
734.85	2707.41
735.04	2775.00
735.23	3096.53
735.42	2598.87
735.61	2158.56
735.80	2842.58
735.99	3096.53
736.18	3227.60
736.37	2308.06
736.56	3022.80
736.75	2750.42
736.94	2572.25
737.14	2400.22
737.33	2916.31
737.52	2699.22
737.71	2621.40
737.90	2686.94
738.09	3117.01
738.28	2955.22
738.47	2684.89
738.66	2695.13
738.85	3170.26
739.04	2830.29
739.23	2768.85
739.42	2222.05
739.61	2871.25
739.80	2752.47
740.00	2361.31
740.19	2414.56
740.38	2818.00
740.57	2723.80
740.76	2359.26
740.95	2551.77
741.14	3166.16
741.33	3315.66
741.52	2643.93
741.71	2426.84
741.90	2977.75
742.09	3203.02
742.28	2523.10
742.47	2197.47
742.66	2856.92
742.85	2633.69
743.04	2328.54
743.23	2623.45
743.42	2877.40
743.61	2901.97
743.80	2465.75
743.99	2299.87
744.18	3045.33
744.37	2848.72
744.56	2500.57
744.75	2297.82
744.94	3055.57
745.13	2961.36
745.32	2078.69
745.51	2441.18
745.71	3002.32
745.90	2811.86
746.09	2484.19
746.28	2455.51
746.47	2977.75
746.66	3014.61
746.85	2539.48
747.04	2408.41
747.23	2764.76
747.42	3098.58
747.61	2265.05
747.80	2748.37
747.99	3002.32
748.18	2703.32
748.36	2324.44
748.55	2867.16
748.74	3241.93
748.93	3057.62
749.12	2400.22
749.31	2482.14
749.50	2820.05
749.69	3088.34
749.88	2471.90
750.07	2250.72
750.26	3211.22
750.45	2727.89
750.64	2185.18
750.83	2285.53
751.02	2916.31
751.21	3030.99
751.40	2494.43
751.59	2594.78
751.78	2977.75
751.97	3002.32
752.16	2713.56
752.35	2635.74
752.54	2971.60
752.73	2891.73
752.92	2351.07
753.11	2768.85
753.30	2682.84
753.49	2623.45
753.68	2547.67
753.87	2551.77
754.05	3051.47
754.24	2721.75
754.43	2648.02
754.62	2455.51
754.81	3403.72
755.00	3020.75
755.19	2496.47
755.38	2787.29
755.57	2990.03
755.76	3104.72
755.95	2621.40
756.14	2179.04
756.33	3133.39
756.52	2854.87
756.70	2533.34
756.89	2570.20
757.08	3106.77
757.27	2985.94
757.46	2467.80
757.65	2277.34
757.84	3069.91
758.03	2621.40
758.22	2449.37
758.41	2488.28
758.60	2662.36
758.79	2858.96
758.97	2621.40
759.16	2736.09
759.35	2861.01
759.54	2832.34
759.73	2338.78
759.92	2432.99
760.11	2703.32
760.30	2861.01
760.49	2480.09
760.67	2406.36
760.86	3012.56
761.05	3297.23
761.24	2469.85
761.43	2246.62
761.62	3014.61
761.81	2832.34
762.00	2469.85
762.19	2306.01
762.37	3071.95
762.56	3190.74
762.75	2144.22
762.94	2504.67
763.13	2627.54
763.32	2838.48
763.51	2260.96
763.70	2344.92
763.88	3233.74
764.07	2906.07
764.26	2523.10
764.45	2322.40
764.64	3020.75
764.83	3098.58
765.02	2523.10
765.20	2514.91
765.39	2981.84
765.58	3172.30
765.77	2660.31
765.96	2850.77
766.15	2897.88
766.33	2844.63
766.52	2619.35
766.71	2447.32
766.90	3200.98
767.09	2840.53
767.28	2234.33
767.46	2422.75
767.65	2801.62
767.84	2842.58
768.03	2430.94
768.22	2293.72
768.41	2627.54
768.59	2867.16
768.78	2389.98
768.97	2455.51
769.16	3194.83
769.35	2762.71
769.54	2482.14
769.72	2420.70
769.91	2842.58
770.10	3229.65
770.29	2299.87
770.48	2568.15
770.66	2924.50
770.85	2910.16
771.04	2523.10
771.23	2308.06
771.42	3231.69
771.60	3071.95
771.79	2553.82
771.98	2527.19
772.17	3071.95
772.36	3178.45
772.54	2334.68
772.73	2521.05
772.92	3051.47
773.11	2580.44
773.30	2551.77
773.48	2328.54
773.67	2840.53
773.86	2820.05
774.05	2375.64
774.23	2635.74
774.42	3041.23
774.61	3162.06
774.80	2494.43
774.99	2342.88
775.17	3020.75
775.36	2869.20
775.55	2457.56
775.74	2496.47
775.92	3035.09
776.11	2791.38
776.30	2791.38
776.49	2392.03
776.67	2846.68
776.86	2643.93
777.05	2418.65
777.24	2277.34
777.42	2940.88
777.61	2656.22
777.80	2598.87
777.99	2316.25
778.17	2850.77
778.36	2881.49
778.55	2359.26
778.74	2619.35
778.92	2893.78
779.11	3178.45
779.30	2504.67
779.49	2402.27
779.67	2987.99
779.86	2815.96
780.05	2310.11
780.24	2260.96
780.42	2977.75
780.61	2881.49
780.80	2465.75
780.98	2220.00
781.17	2803.67
781.36	2801.62
781.55	2568.15
781.73	2385.88
781.92	2938.84
782.11	2865.11
782.29	2285.53
782.48	2367.45
782.67	3282.89
782.86	2981.84
783.04	2424.80
783.23	2480.09
783.42	2961.36
783.60	3010.51
783.79	2451.42
783.98	2332.64
784.16	3080.14
784.35	2987.99
784.54	2496.47
784.73	2287.58
784.91	2996.18
785.10	2738.13
785.29	2473.95
785.47	2678.74
785.66	3006.42
785.85	2820.05
786.03	2451.42
786.22	2263.01
786.41	3057.62
786.59	2983.89
786.78	2267.10
786.97	2373.60
787.15	2938.84
787.34	2842.58
787.53	2412.51
787.71	2432.99
787.90	2850.77
788.09	2854.87
788.27	2725.85
788.46	2455.51
788.65	3002.32
788.83	2961.36
789.02	2293.72
789.21	2260.96
789.39	2625.50
789.58	3063.76
789.77	2365.40
789.95	2250.72
790.14	3143.63
790.33	2686.94
790.51	2156.51
790.70	2695.13
790.88	2848.72
791.07	2951.12
791.26	2881.49
791.44	2408.41
791.63	2904.02
791.82	3047.38
792.00	2267.10
792.19	2422.75
792.38	3149.78
792.56	2850.77
792.75	2584.54
792.93	2516.95
793.12	3006.42
793.31	2885.59
793.49	2815.96
793.68	2363.36
793.86	2781.14
794.05	3067.86
794.24	2400.22
794.42	2467.80
794.61	2932.69
794.80	2731.99
794.98	2719.70
795.17	2539.48
795.35	3176.40
795.54	3014.61
795.73	2596.82
795.91	3071.95
796.10	3020.75
796.28	2916.31
796.47	2201.57
796.66	2254.81
796.84	3303.37
797.03	2875.35
797.21	2269.15
797.40	2537.43
797.58	3182.54
797.77	2914.26
797.96	2682.84
798.14	2957.27
798.33	3160.02
798.51	3088.34
798.70	2281.44
798.88	2486.23
799.07	2910.16
799.26	2942.93
799.44	2461.66
799.63	2521.05
799.81	2711.51
800.00	2846.68
800.18	2768.85
800.37	2588.63
800.56	2803.67
800.74	2899.92
800.93	2451.42
801.11	2502.62
801.30	3018.71
801.48	2834.39
801.67	2588.63
801.85	2738.13
802.04	3037.14
802.22	2799.57
802.41	2617.30
802.60	2701.27
802.78	3065.81
802.97	2672.60
803.15	2637.78
803.34	2480.09
803.52	2932.69
803.71	3014.61
803.89	2244.57
804.08	2811.86
804.26	3176.40
804.45	2865.11
804.63	2545.63
804.82	2492.38
805.00	2807.77
805.19	3272.65
805.37	2506.71
805.56	2346.97
805.74	3205.07
805.93	2777.05
806.11	2711.51
806.30	2332.64
806.48	2854.87
806.67	3080.14
806.85	2596.82
807.04	2482.14
807.22	2731.99
807.41	2828.24
807.59	2836.44
807.78	2531.29
807.96	3139.54
808.15	2865.11
808.33	2699.22
808.52	2828.24
808.70	3125.20
808.89	3076.05
809.07	3026.90
809.26	2545.63
809.44	2846.68
809.63	2996.18
809.81	2834.39
810.00	2596.82
810.18	2975.70
810.37	2924.50
810.55	2740.18
810.74	2613.21
810.92	3174.35
811.11	3114.96
811.29	2236.38
811.48	2492.38
811.66	2791.38
811.84	2729.94
812.03	2613.21
812.21	2678.74
812.40	2916.31
812.58	2662.36
812.77	2645.98
812.95	2514.91
813.14	2840.53
813.32	2744.28
813.51	2572.25
813.69	2488.28
813.87	2686.94
814.06	2938.84
814.24	2588.63
814.43	2293.72
814.61	2924.50
814.80	3004.37
814.98	2432.99
815.16	2447.32
815.35	3149.78
815.53	3381.20
815.72	2506.71
815.90	2465.75
816.09	2836.44
816.27	2840.53
816.45	2637.78
816.64	2516.95
816.82	3162.06
817.01	2731.99
817.19	2496.47
817.37	2734.04
817.56	3151.82
817.74	2645.98
817.93	2758.61
818.11	2586.58
818.30	2846.68
818.48	2637.78
818.66	2662.36
818.85	2531.29
819.03	2895.83
819.21	2832.34
819.40	2682.84
819.58	3008.47
819.77	2920.40
819.95	2893.78
820.13	2918.36
820.32	2412.51
820.50	3114.96
820.69	3178.45
820.87	2570.20
821.05	2402.27
821.24	2922.45
821.42	2965.46
821.60	2490.33
821.79	2813.91
821.97	3030.99
822.16	3268.56
822.34	2480.09
822.52	2584.54
822.71	3168.21
822.89	3035.09
823.07	2809.81
823.26	2336.73
823.44	2838.48
823.62	2709.46
823.81	2729.94
823.99	2398.17
824.18	2887.64
824.36	2746.33
824.54	2691.03
824.73	2674.65
824.91	3284.94
825.09	2990.03
825.28	2869.20
825.46	2705.37
825.64	3139.54
825.83	2879.44
826.01	2645.98
826.19	2467.80
826.38	2738.13
826.56	2906.07
826.74	2473.95
826.93	2629.59
827.11	2922.45
827.29	2858.96
827.48	2594.78
827.66	2531.29
827.84	2969.55
828.03	2813.91
828.21	2318.30
828.39	2283.49
828.57	3092.43
828.76	3037.14
828.94	2537.43
829.12	2854.87
829.31	2973.65
829.49	2858.96
829.67	2412.51
829.86	2514.91
830.04	2758.61
830.22	2981.84
830.40	2465.75
830.59	2555.86
830.77	3035.09
830.95	2990.03
831.14	2861.01
831.32	2355.16
831.50	2916.31
831.69	2953.17
831.87	2766.81
832.05	2613.21
832.23	2877.40
832.42	3010.51
832.60	2502.62
832.78	2416.60
832.96	4210.62
833.15	3043.28
833.33	2504.67
833.51	2799.57
833.70	3006.42
833.88	2987.99
834.06	2627.54
834.24	2549.72
834.43	3264.46
834.61	2908.12
834.79	2682.84
834.97	2992.08
835.16	3141.58
835.34	2820.05
835.52	2834.39
835.70	2469.85
835.89	2856.92
836.07	3141.58
836.25	2711.51
836.43	2469.85
836.62	2899.92
836.80	3076.05
836.98	2539.48
837.16	2463.71
837.34	2818.00
837.53	2994.13
837.71	2613.21
837.89	2861.01
838.07	3022.80
838.26	3074.00
838.44	2611.16
838.62	3096.53
838.80	2979.79
838.99	3106.77
839.17	2430.94
839.35	2668.50
839.53	2990.03
839.71	3014.61
839.90	2475.99
840.08	2662.36
840.26	3084.24
840.44	3069.91
840.62	2815.96
840.81	2344.92
840.99	3403.72
841.17	2875.35
841.35	2768.85
841.53	2525.15
841.72	3080.14
841.90	2887.64
842.08	2545.63
842.26	2389.98
842.44	2947.03
842.63	3168.21
842.81	2848.72
842.99	2682.84
843.17	3024.85
843.35	2994.13
843.53	2848.72
843.72	2676.70
843.90	3055.57
844.08	2895.83
844.26	2578.39
844.44	2605.02
844.62	3293.13
844.81	3139.54
844.99	2930.64
845.17	2564.06
845.35	2981.84
845.53	2867.16
845.71	4437.95
845.90	2584.54
846.08	2928.60
846.26	2781.14
846.44	2322.40
846.62	2578.39
846.80	2889.68
846.98	2783.19
847.17	3604.42
847.35	3020.75
847.53	3045.33
847.71	2934.74
847.89	2996.18
848.07	2480.09
848.25	2873.30
848.44	2777.05
848.62	2725.85
848.80	2510.81
848.98	2777.05
849.16	2973.65
849.34	2799.57
849.52	2645.98
849.70	2963.41
849.89	3080.14
850.07	2686.94
850.25	2781.14
850.43	2932.69
850.61	3174.35
850.79	2482.14
850.97	2586.58
851.15	3137.49
851.33	2914.26
851.52	2490.33
851.70	2840.53
851.88	3117.01
852.06	2873.30
852.24	2461.66
852.42	2731.99
852.60	3209.17
852.78	3137.49
852.96	2588.63
853.14	2731.99
853.33	3209.17
853.51	3002.32
853.69	2838.48
853.87	2731.99
854.05	2848.72
854.23	2670.55
854.41	2539.48
854.59	2670.55
854.77	3137.49
854.95	2955.22
855.13	2596.82
855.31	2748.37
855.49	2783.19
855.68	2787.29
855.86	2570.20
856.04	2873.30
856.22	2662.36
856.40	2813.91
856.58	2525.15
856.76	2736.09
856.94	2744.28
857.12	2883.54
857.30	2402.27
857.48	2617.30
857.66	2990.03
857.84	3479.50
858.02	2572.25
858.20	2846.68
858.38	2799.57
858.56	2916.31
858.74	2424.80
858.92	2615.26
859.10	2920.40
859.29	2996.18
859.47	2443.23
859.65	2965.46
859.83	2987.99
860.01	2926.55
860.19	2504.67
860.37	2660.31
860.55	3141.58
860.73	2861.01
860.91	2504.67
861.09	2942.93
861.27	2949.08
861.45	2940.88
861.63	2568.15
861.81	3010.51
861.99	2963.41
862.17	2746.33
862.35	2439.13
862.53	2582.49
862.71	3172.30
862.89	2789.33
863.07	2592.73
863.25	2756.57
863.43	3051.47
863.61	3133.39
863.79	2840.53
863.97	2834.39
864.15	3014.61
864.33	2785.24
864.51	2664.41
864.69	2437.08
864.87	3016.66
865.05	2916.31
865.23	2588.63
865.41	2570.20
865.59	3143.63
865.77	2942.93
865.95	2725.85
866.13	2375.64
866.30	2973.65
866.48	2674.65
866.66	2693.08
866.84	2666.46
867.02	2871.25
867.20	2736.09
867.38	2490.33
867.56	2543.58
867.74	3141.58
867.92	2912.21
868.10	2734.04
868.28	2508.76
868.46	3004.37
868.64	3080.14
868.82	2699.22
869.00	2537.43
869.18	2801.62
869.36	3223.50
869.54	2901.97
869.72	2881.49
869.89	2908.12
870.07	2899.92
870.25	2572.25
870.43	2762.71
870.61	2791.38
870.79	2916.31
870.97	2564.06
871.15	2777.05
871.33	3389.39
871.51	2920.40
871.69	2684.89
871.87	2658.26
872.05	3082.19
872.22	3164.11
872.40	2346.97
872.58	2918.36
872.76	3037.14
872.94	3063.76
873.12	2760.66
873.30	2449.37
873.48	3096.53
873.66	2891.73
873.84	2707.41
874.01	2660.31
874.19	2891.73
874.37	2818.00
874.55	2453.47
874.73	2674.65
874.91	3303.37
875.09	2783.19
875.27	2441.18
875.45	2537.43
875.62	3043.28
875.80	2824.15
875.98	2510.81
876.16	2799.57
876.34	3043.28
876.52	2711.51
876.70	3014.61
876.88	2525.15
877.05	3135.44
877.23	3096.53
877.41	2621.40
877.59	3051.47
877.77	3080.14
877.95	2693.08
878.13	2566.10
878.30	2512.86
878.48	2955.22
878.66	3020.75
878.84	2742.23
879.02	2564.06
879.20	3041.23
879.37	3053.52
879.55	2768.85
879.73	2748.37
879.91	2979.79
880.09	2936.79
880.27	3119.06
880.45	2580.44
880.62	2994.13
880.80	2867.16
880.98	2709.46
881.16	2645.98
881.34	2865.11
881.51	2740.18
881.69	2701.27
881.87	2613.21
882.05	2922.45
882.23	2670.55
882.41	2529.24
882.58	2731.99
882.76	2889.68
882.94	2807.77
883.12	2916.31
883.30	2928.60
883.47	3153.87
883.65	2990.03
883.83	2783.19
884.01	2566.10
884.19	2867.16
884.36	2813.91
884.54	2314.20
884.72	2881.49
884.90	2818.00
885.08	3057.62
885.25	3381.20
885.43	2570.20
885.61	2770.90
885.79	2969.55
885.97	2811.86
886.14	2908.12
886.32	2834.39
886.50	3293.13
886.68	2670.55
886.85	2635.74
887.03	3110.86
887.21	2965.46
887.39	2717.65
887.56	2916.31
887.74	2873.30
887.92	2852.82
888.10	2719.70
888.27	2715.61
888.45	3143.63
888.63	3055.57
888.81	2666.46
888.99	2648.02
889.16	2891.73
889.34	2863.06
889.52	2432.99
889.69	2594.78
889.87	3223.50
890.05	2832.34
890.23	2805.72
890.40	2619.35
890.58	2955.22
890.76	2916.31
890.94	2637.78
891.11	2621.40
891.29	2930.64
891.47	2815.96
891.65	2887.64
891.82	3014.61
892.00	2756.57
892.18	2981.84
892.35	2742.23
892.53	2629.59
892.71	3248.08
892.89	3203.02
893.06	2734.04
893.24	2633.69
893.42	2635.74
893.59	2893.78
893.77	2572.25
893.95	2635.74
894.13	2619.35
894.30	3069.91
894.48	2662.36
894.66	3196.88
894.83	2795.48
895.01	3006.42
895.19	2922.45
895.36	2652.12
895.54	3180.50
895.72	3028.95
895.89	2559.96
896.07	2543.58
896.25	3039.19
896.43	2760.66
896.60	2961.36
896.78	2727.89
896.96	3104.72
897.13	3084.24
897.31	2547.67
897.49	2682.84
897.66	3192.78
897.84	2877.40
898.02	2940.88
898.19	2795.48
898.37	2809.81
898.55	3088.34
898.72	2924.50
898.90	2766.81
899.07	2957.27
899.25	2990.03
899.43	2789.33
899.60	3338.19
899.78	2877.40
899.96	2695.13
900.13	2574.30
900.31	2858.96
900.49	2832.34
900.66	3194.83
900.84	2887.64
901.02	2951.12
901.19	3030.99
901.37	2787.29
901.54	2695.13
901.72	2551.77
901.90	2801.62
902.07	2981.84
902.25	2717.65
902.43	2641.88
902.60	3221.45
902.78	2598.87
902.95	2693.08
903.13	2617.30
903.31	2832.34
903.48	2891.73
903.66	2783.19
903.83	2799.57
904.01	3125.20
904.19	2893.78
904.36	2705.37
904.54	2502.62
904.71	3084.24
904.89	2682.84
905.07	2682.84
905.24	2688.98
905.42	3002.32
905.59	3145.68
905.77	2856.92
905.95	2799.57
906.12	2813.91
906.30	2932.69
906.47	2852.82
906.65	3117.01
906.82	3194.83
907.00	3182.54
907.18	2432.99
907.35	2656.22
907.53	3053.52
907.70	3051.47
907.88	2711.51
908.05	3629.00
908.23	3014.61
908.41	3006.42
908.58	2754.52
908.76	2406.36
908.93	3237.84
909.11	2971.60
909.28	2682.84
909.46	2670.55
909.63	3071.95
909.81	2983.89
909.99	2838.48
910.16	2580.44
910.34	2826.20
910.51	3004.37
910.69	2850.77
910.86	2486.23
911.04	2994.13
911.21	2611.16
911.39	3233.74
911.56	2588.63
911.74	2930.64
911.91	2949.08
912.09	2662.36
912.26	2676.70
912.44	2725.85
912.62	2713.56
912.79	2652.12
912.97	2752.47
913.14	3192.78
913.32	3057.62
913.49	2723.80
913.67	2756.57
913.84	2619.35
914.02	2815.96
914.19	2654.17
914.37	2924.50
914.54	2795.48
914.72	2664.41
914.89	2619.35
915.07	2987.99
915.24	2777.05
915.42	2910.16
915.59	2637.78
915.77	2881.49
915.94	3217.36
916.12	3112.91
916.29	2596.82
916.46	2777.05
916.64	2947.03
916.81	3147.73
916.99	2742.23
917.16	2682.84
917.34	3205.07
917.51	3065.81
917.69	2570.20
917.86	2498.52
918.04	2783.19
918.21	3157.97
918.39	2904.02
918.56	2727.89
918.74	2703.32
918.91	3264.46
919.08	2389.98
919.26	2883.54
919.43	3018.71
919.61	2916.31
919.78	2703.32
919.96	3037.14
920.13	3219.41
920.31	2961.36
920.48	2854.87
920.65	2789.33
920.83	3194.83
921.00	3039.19
921.18	2602.97
921.35	2877.40
921.53	2848.72
921.70	2785.24
921.88	2676.70
922.05	2533.34
922.22	2715.61
922.40	2863.06
922.57	2686.94
922.75	2414.56
922.92	2930.64
923.09	2809.81
923.27	2721.75
923.44	3094.48
923.62	2811.86
923.79	3114.96
923.96	2699.22
924.14	2521.05
924.31	3037.14
924.49	2824.15
924.66	2750.42
924.83	2750.42
925.01	2906.07
925.18	3162.06
925.36	2942.93
925.53	2617.30
925.70	2865.11
925.88	2615.26
926.05	2906.07
926.23	2795.48
926.40	3030.99
926.57	3047.38
926.75	2766.81
926.92	2482.14
927.09	2953.17
927.27	2729.94
927.44	2719.70
927.62	2613.21
927.79	3141.58
927.96	2754.52
928.14	2615.26
928.31	2768.85
928.48	3170.26
928.66	2842.58
928.83	2490.33
929.00	2791.38
929.18	2854.87
929.35	2891.73
929.52	2932.69
929.70	2727.89
929.87	2813.91
930.05	2758.61
930.22	2729.94
930.39	2764.76
930.57	2760.66
930.74	3252.17
930.91	2553.82
931.09	2926.55
931.26	2906.07
931.43	2912.21
931.61	2465.75
931.78	2756.57
931.95	2938.84
932.12	3233.74
932.30	2572.25
932.47	2932.69
932.64	2691.03
932.82	2674.65
932.99	2777.05
933.16	2582.49
933.34	2850.77
933.51	2936.79
933.68	2641.88
933.86	3020.75
934.03	2844.63
934.20	2795.48
934.38	2969.55
934.55	2547.67
934.72	3358.67
934.89	3071.95
935.07	2756.57
935.24	2846.68
935.41	2850.77
935.59	2873.30
935.76	2682.84
935.93	2695.13
936.10	2787.29
936.28	2887.64
936.45	2693.08
936.62	2809.81
936.79	3088.34
936.97	2871.25
937.14	2635.74
937.31	2756.57
937.49	2729.94
937.66	2996.18
937.83	2979.79
938.00	2912.21
938.18	3041.23
938.35	3039.19
938.52	2779.09
938.69	2744.28
938.87	2940.88
939.04	2799.57
939.21	2787.29
939.38	2643.93
939.56	2811.86
939.73	2574.30
939.90	2799.57
940.07	2611.16
940.25	2844.63
940.42	2938.84
940.59	2858.96
940.76	2586.58
940.94	2756.57
941.11	2832.34
941.28	2768.85
941.45	2912.21
941.62	2987.99
941.80	2715.61
941.97	2881.49
942.14	2521.05
942.31	3227.60
942.48	2768.85
942.66	2701.27
942.83	2818.00
943.00	2553.82
943.17	3051.47
943.35	2908.12
943.52	2768.85
943.69	2643.93
943.86	2865.11
944.03	2529.24
944.21	3149.78
944.38	2901.97
944.55	2779.09
944.72	2699.22
944.89	2555.86
945.06	2844.63
945.24	2775.00
945.41	3041.23
945.58	2807.77
945.75	2961.36
945.92	2775.00
946.10	3030.99
946.27	2424.80
946.44	2838.48
946.61	2742.23
946.78	3080.14
946.95	2533.34
947.13	2678.74
947.30	2850.77
947.47	2756.57
947.64	2846.68
947.81	2949.08
947.98	2723.80
948.16	2797.53
948.33	2703.32
948.50	2637.78
948.67	2758.61
948.84	2975.70
949.01	2613.21
949.18	2901.97
949.36	2944.98
949.53	2713.56
949.70	2734.04
949.87	2875.35
950.04	2631.64
950.21	2932.69
950.38	2633.69
950.56	2922.45
950.73	2877.40
950.90	2734.04
951.07	2834.39
951.24	2908.12
951.41	2799.57
951.58	2645.98
951.75	2789.33
951.92	2818.00
952.10	2752.47
952.27	2506.71
952.44	2826.20
952.61	3522.51
952.78	2717.65
952.95	2459.61
953.12	2721.75
953.29	2867.16
953.46	2742.23
953.64	2928.60
953.81	2559.96
953.98	3049.43
954.15	2652.12
954.32	2672.60
954.49	2547.67
954.66	2875.35
954.83	2820.05
955.00	2619.35
955.17	2756.57
955.34	2791.38
955.51	2758.61
955.69	3375.05
955.86	2707.41
956.03	2834.39
956.20	2922.45
956.37	2840.53
956.54	2551.77
956.71	2908.12
956.88	2736.09
957.05	2629.59
957.22	2654.17
957.39	3057.62
957.56	2590.68
957.73	2582.49
957.90	2607.06
958.07	3002.32
958.24	2979.79
958.41	2598.87
958.59	2699.22
958.76	3069.91
958.93	3069.91
959.10	2809.81
959.27	2676.70
959.44	3033.04
959.61	2713.56
959.78	2795.48
959.95	2648.02
960.12	3123.15
960.29	2932.69
960.46	2688.98
960.63	2439.13
960.80	2926.55
960.97	2856.92
961.14	2533.34
961.31	2809.81
961.48	3217.36
961.65	2992.08
961.82	2820.05
961.99	2791.38
962.16	2678.74
962.33	2863.06
962.50	2871.25
962.67	2602.97
962.84	2834.39
963.01	2750.42
963.18	2674.65
963.35	2514.91
963.52	3035.09
963.69	2889.68
963.86	3008.47
964.03	2813.91
964.20	3225.55
964.37	2967.51
964.54	2879.44
964.71	2670.55
964.88	2809.81
965.05	2801.62
965.22	2779.09
965.39	2826.20
965.56	2842.58
965.73	2791.38
965.90	2959.31
966.07	2584.54
966.24	2901.97
966.41	2811.86
966.58	2764.76
966.74	3061.71
966.91	3178.45
967.08	3174.35
967.25	2629.59
967.42	2719.70
967.59	2985.94
967.76	2691.03
967.93	2840.53
968.10	2850.77
968.27	2854.87
968.44	2838.48
968.61	2678.74
968.78	2531.29
968.95	2678.74
969.12	2873.30
969.29	2811.86
969.46	2492.38
969.62	3160.02
969.79	2727.89
969.96	2564.06
970.13	2459.61
970.30	2912.21
970.47	2920.40
970.64	2897.88
970.81	2752.47
970.98	3018.71
971.15	2818.00
971.32	2404.32
971.49	2944.98
971.65	3141.58
971.82	2969.55
971.99	2750.42
972.16	2938.84
972.33	2861.01
972.50	2830.29
972.67	2775.00
972.84	2879.44
973.01	2695.13
973.17	2912.21
973.34	2918.36
973.51	2865.11
973.68	2938.84
973.85	2686.94
974.02	2758.61
974.19	2619.35
974.36	2987.99
974.53	3092.43
974.69	2869.20
974.86	2629.59
975.03	3166.16
975.20	2799.57
975.37	2838.48
975.54	2881.49
975.71	2936.79
975.87	2815.96
976.04	2930.64
976.21	2748.37
976.38	2887.64
976.55	2824.15
976.72	2570.20
976.89	2965.46
977.05	3106.77
977.22	3145.68
977.39	2465.75
977.56	2865.11
977.73	2834.39
977.90	2682.84
978.06	2758.61
978.23	2721.75
978.40	2783.19
978.57	3125.20
978.74	3010.51
978.91	2920.40
979.07	2734.04
979.24	3020.75
979.41	2779.09
979.58	2695.13
979.75	3139.54
979.91	2674.65
980.08	2363.36
980.25	2797.53
980.42	3014.61
980.59	2889.68
980.75	2578.39
980.92	2691.03
981.09	2717.65
981.26	2873.30
981.43	2887.64
981.59	2762.71
981.76	2824.15
981.93	2785.24
982.10	2707.41
982.27	2629.59
982.43	2990.03
982.60	2734.04
982.77	2605.02
982.94	2695.13
983.11	2750.42
983.27	2613.21
983.44	2727.89
983.61	2766.81
983.78	3092.43
983.94	2951.12
984.11	2643.93
984.28	2756.57
984.45	3094.48
984.61	2611.16
984.78	2693.08
984.95	2654.17
985.12	2858.96
985.28	3078.10
985.45	2670.55
985.62	2652.12
985.79	2813.91
985.95	2715.61
986.12	2519.00
986.29	2701.27
986.46	3000.27
986.62	3096.53
986.79	2723.80
986.96	2617.30
987.13	2916.31
987.29	3086.29
987.46	2793.43
987.63	2693.08
987.80	2688.98
987.96	3155.92
988.13	2664.41
988.30	2656.22
988.46	2781.14
988.63	3055.57
988.80	2195.42
988.97	2113.50
989.13	2961.36
989.30	2992.08
989.47	2113.50
989.63	2193.37
989.80	3190.74
989.97	2957.27
990.13	2357.21
990.30	2641.88
990.47	2715.61
990.64	2865.11
990.80	2064.35
990.97	2289.63
991.14	2736.09
991.30	2953.17
991.47	2191.33
991.64	2234.33
991.80	2811.86
991.97	2813.91
992.14	2269.15
992.30	2783.19
992.47	2713.56
992.64	3012.56
992.80	2191.33
992.97	2164.70
993.14	3260.37
993.30	3649.48
993.47	2187.23
993.64	2224.09
993.80	3131.34
993.97	2899.92
994.14	2398.17
994.30	2729.94
994.47	3051.47
994.64	2924.50
994.80	2475.99
994.97	2332.64
995.14	3030.99
995.30	2891.73
995.47	2389.98
995.63	2402.27
995.80	2930.64
995.97	3278.80
996.13	2324.44
996.30	2277.34
996.47	2826.20
996.63	3430.35
996.80	2779.09
996.97	2457.56
997.13	3028.95
997.30	3172.30
997.46	2162.66
997.63	2578.39
997.80	3192.78
997.96	3026.90
998.13	2306.01
998.29	2232.29
998.46	2897.88
998.63	2783.19
998.79	2201.57
998.96	2525.15
999.12	3049.43
999.29	2807.77
999.46	2420.70
999.62	2598.87
999.79	3108.82
999.95	2908.12
1000.12	2195.42
1000.29	2316.25
1000.45	2981.84
1000.62	3035.09
1000.78	2357.21
1000.95	2318.30
1001.11	2947.03
1001.28	2934.74
1001.45	2228.19
1001.61	2580.44
1001.78	2965.46
1001.94	3112.91
1002.11	2377.69
1002.27	2623.45
1002.44	3061.71
1002.61	3020.75
1002.77	2287.58
1002.94	2310.11
1003.10	3037.14
1003.27	3037.14
1003.43	2293.72
1003.60	2445.27
1003.76	2901.97
1003.93	2867.16
1004.10	2406.36
1004.26	2553.82
1004.43	3057.62
1004.59	3229.65
1004.76	2295.77
1004.92	2414.56
1005.09	3209.17
1005.25	3104.72
1005.42	2324.44
1005.58	2588.63
1005.75	3063.76
1005.91	2987.99
1006.08	2654.17
1006.24	2260.96
1006.41	2947.03
1006.57	2848.72
1006.74	2240.48
1006.90	2498.52
1007.07	2807.77
1007.23	3274.70
1007.40	2412.51
1007.56	2211.81
1007.73	2736.09
1007.89	3004.37
1008.06	2586.58
1008.22	2500.57
1008.39	2953.17
1008.55	2928.60
1008.72	2373.60
1008.88	2299.87
1009.05	2856.92
1009.21	3180.50
1009.38	2080.74
1009.54	2367.45
1009.71	3192.78
1009.87	3311.57
1010.04	2125.79
1010.20	2504.67
1010.37	2613.21
1010.53	3055.57
1010.70	2422.75
1010.86	2209.76
1011.03	2805.72
1011.19	2793.43
1011.35	2437.08
1011.52	2361.31
1011.68	2820.05
1011.85	2938.84
1012.01	2680.79
1012.18	2439.13
1012.34	2918.36
1012.51	2844.63
1012.67	2330.59
1012.83	2402.27
1013.00	3030.99
1013.16	2922.45
1013.33	2316.25
1013.49	2826.20
1013.66	3069.91
1013.82	3317.71
1013.99	2336.73
1014.15	2480.09
1014.31	3133.39
1014.48	2926.55
1014.64	2482.14
1014.81	2510.81
1014.97	2840.53
1015.13	3063.76
1015.30	2375.64
1015.46	2486.23
1015.63	2781.14
1015.79	2883.54
1015.95	2174.94
1016.12	2338.78
1016.28	2891.73
1016.45	2975.70
1016.61	2441.18
1016.77	2486.23
1016.94	2801.62
1017.10	3024.85
1017.27	2428.89
1017.43	2281.44
1017.59	2912.21
1017.76	3172.30
1017.92	2279.39
1018.09	2244.57
1018.25	3149.78
1018.41	3084.24
1018.58	2506.71
1018.74	2566.10
1018.90	2893.78
1019.07	2951.12
1019.23	2283.49
1019.40	2308.06
1019.56	2979.79
1019.72	2711.51
1019.89	2461.66
1020.05	2865.11
1020.21	3071.95
1020.38	3026.90
1020.54	2168.80
1020.70	2424.80
1020.87	2873.30
1021.03	3063.76
1021.19	2299.87
1021.36	2138.08
1021.52	3117.01
1021.68	3190.74
1021.85	2936.79
1022.01	2389.98
1022.17	2990.03
1022.34	2873.30
1022.50	2338.78
1022.66	2480.09
1022.83	3010.51
1022.99	3037.14
1023.15	2281.44
1023.32	2586.58
1023.48	2990.03
1023.64	2887.64
1023.81	2209.76
1023.97	2537.43
1024.13	2846.68
1024.30	2906.07
1024.46	2605.02
1024.62	2404.32
1024.79	2990.03
1024.95	3131.34
1025.11	2185.18
1025.27	2322.40
1025.44	2766.81
1025.60	2762.71
1025.76	2422.75
1025.93	2285.53
1026.09	2951.12
1026.25	2932.69
1026.41	2457.56
1026.58	2236.38
1026.74	2754.52
1026.90	3164.11
1027.07	2486.23
1027.23	2297.82
1027.39	2908.12
1027.55	3205.07
1027.72	2416.60
1027.88	2400.22
1028.04	2867.16
1028.20	3088.34
1028.37	2146.27
1028.53	2553.82
1028.69	2711.51
1028.85	3049.43
1029.02	2533.34
1029.18	2332.64
1029.34	2822.10
1029.50	3010.51
1029.67	2619.35
1029.83	2340.83
1029.99	2994.13
1030.15	2899.92
1030.32	2314.20
1030.48	2402.27
1030.64	2908.12
1030.80	3203.02
1030.97	2652.12
1031.13	2373.60
1031.29	3063.76
1031.45	3084.24
1031.61	2351.07
1031.78	2289.63
1031.94	3383.24
1032.10	3086.29
1032.26	2482.14
1032.42	2387.93
1032.59	3166.16
1032.75	2832.34
1032.91	2322.40
1033.07	2408.41
1033.24	2842.58
1033.40	3397.58
1033.56	2387.93
1033.72	2346.97
1033.88	3049.43
1034.04	3215.31
1034.21	2568.15
1034.37	2523.10
1034.53	3006.42
1034.69	2785.24
1034.85	2277.34
1035.02	2400.22
1035.18	2850.77
1035.34	3164.11
1035.50	2234.33
1035.66	2547.67
1035.82	2940.88
1035.99	3235.79
1036.15	2338.78
1036.31	2551.77
1036.47	3035.09
1036.63	3481.55
1036.79	2842.58
1036.96	2611.16
1037.12	3209.17
1037.28	2807.77
1037.44	2152.42
1037.60	2334.68
1037.76	2891.73
1037.92	2973.65
1038.09	2166.75
1038.25	2678.74
1038.41	3162.06
1038.57	3149.78
1038.73	2322.40
1038.89	2324.44
1039.05	3102.67
1039.22	2947.03
1039.38	2306.01
1039.54	2738.13
1039.70	3012.56
1039.86	3082.19
1040.02	2398.17
1040.18	2342.88
1040.34	2891.73
1040.51	3139.54
1040.67	3241.93
1040.83	2729.94
1040.99	3223.50
1041.15	3252.17
1041.31	2271.20
1041.47	2584.54
1041.63	2949.08
