345.74	1431.53
345.96	1431.53
346.17	1431.53
346.39	1384.43
346.60	1359.85
346.81	2486.23
347.03	2531.29
347.24	3063.76
347.46	3135.44
347.67	2527.19
347.89	2428.89
348.10	2940.88
348.32	2867.16
348.53	2498.52
348.75	2551.77
348.96	2766.81
349.18	3114.96
349.39	2471.90
349.61	2539.48
349.82	3008.47
350.04	3061.71
350.25	2478.04
350.47	2631.64
350.68	2992.08
350.90	3315.66
351.11	2373.60
351.32	2504.67
351.54	3153.87
351.75	3227.60
351.97	2437.08
352.18	2463.71
352.40	2768.85
352.61	3248.08
352.83	2631.64
353.04	2342.88
353.26	3108.82
353.47	2899.92
353.69	2508.76
353.90	2471.90
354.11	2766.81
354.33	3254.22
354.54	2189.28
354.76	2492.38
354.97	2772.95
355.19	3125.20
355.40	2263.01
355.62	2922.45
355.83	2918.36
356.04	2944.98
356.26	2381.79
356.47	2600.92
356.69	2797.53
356.90	3463.12
357.12	2514.91
357.33	2420.70
357.55	2881.49
357.76	2883.54
357.97	2316.25
358.19	2480.09
358.40	2793.43
358.62	3235.79
358.83	2482.14
359.05	2621.40
359.26	2887.64
359.47	2965.46
359.69	2551.77
359.90	2768.85
360.12	2752.47
360.33	2875.35
360.55	2432.99
360.76	2686.94
360.97	3086.29
361.19	3250.13
361.40	2412.51
361.62	2633.69
361.83	3170.26
362.04	3219.41
362.26	2461.66
362.47	2527.19
362.69	2848.72
362.90	2990.03
363.12	2408.41
363.33	2578.39
363.54	2949.08
363.76	3217.36
363.97	2484.19
364.19	2519.00
364.40	3276.75
364.61	2969.55
364.83	2250.72
365.04	2645.98
365.26	2932.69
365.47	3266.51
365.68	2449.37
365.90	2596.82
366.11	2885.59
366.33	3200.98
366.54	2418.65
366.75	2363.36
366.97	2785.24
367.18	2684.89
367.40	2609.11
367.61	2439.13
367.82	2887.64
368.04	3030.99
368.25	2547.67
368.46	2498.52
368.68	2801.62
368.89	3256.27
369.11	2498.52
369.32	2637.78
369.53	3143.63
369.75	3094.48
369.96	2799.57
370.18	2559.96
370.39	2813.91
370.60	2891.73
370.82	2342.88
371.03	2381.79
371.24	3309.52
371.46	2922.45
371.67	2543.58
371.88	2482.14
372.10	2777.05
372.31	2656.22
372.53	2263.01
372.74	2424.80
372.95	2848.72
373.17	2826.20
373.38	2627.54
373.59	2656.22
373.81	2934.74
374.02	3327.95
374.23	2412.51
374.45	2791.38
374.66	3045.33
374.88	2987.99
375.09	2441.18
375.30	2772.95
375.52	2985.94
375.73	3194.83
375.94	2299.87
376.16	2629.59
376.37	3129.30
376.58	3106.77
376.80	2613.21
377.01	2645.98
377.22	3434.44
377.44	3137.49
377.65	2572.25
377.86	2234.33
378.08	2899.92
378.29	2805.72
378.50	2590.68
378.72	2299.87
378.93	3321.81
379.14	3160.02
379.36	2785.24
379.57	2498.52
379.78	2668.50
380.00	3063.76
380.21	2179.04
380.42	2320.35
380.64	2658.26
380.85	2666.46
381.06	2666.46
381.28	2498.52
381.49	3280.85
381.70	2881.49
381.92	2443.23
382.13	2553.82
382.34	3383.24
382.56	3225.55
382.77	2553.82
382.98	2496.47
383.19	3057.62
383.41	3022.80
383.62	2545.63
383.83	2627.54
384.05	2936.79
384.26	3030.99
384.47	2568.15
384.69	2570.20
384.90	2981.84
385.11	3264.46
385.33	2475.99
385.54	2650.07
385.75	2736.09
385.96	3233.74
386.18	2924.50
386.39	2523.10
386.60	2842.58
386.82	3160.02
387.03	2594.78
387.24	2574.30
387.45	2688.98
387.67	2818.00
387.88	2668.50
388.09	2553.82
388.31	2861.01
388.52	2887.64
388.73	2871.25
388.94	2453.47
389.16	3170.26
389.37	2758.61
389.58	2580.44
389.80	2445.27
390.01	2865.11
390.22	3127.25
390.43	2586.58
390.65	2611.16
390.86	2908.12
391.07	3063.76
391.29	2461.66
391.50	2217.95
391.71	3022.80
391.92	2971.60
392.14	2615.26
392.35	2779.09
392.56	2879.44
392.77	3063.76
392.99	2662.36
393.20	2416.60
393.41	2828.24
393.62	2926.55
393.84	2457.56
394.05	2490.33
394.26	3035.09
394.47	3131.34
394.69	2750.42
394.90	2748.37
395.11	2914.26
395.32	2906.07
395.54	2424.80
395.75	2279.39
395.96	2852.82
396.17	3237.84
396.39	2877.40
396.60	2453.47
396.81	3100.62
397.02	3012.56
397.24	2631.64
397.45	2877.40
397.66	2818.00
397.87	3082.19
398.09	2666.46
398.30	2449.37
398.51	3086.29
398.72	2848.72
398.94	2437.08
399.15	2955.22
399.36	3012.56
399.57	3084.24
399.79	2637.78
400.00	2807.77
400.21	2697.17
400.42	2994.13
400.63	2572.25
400.85	2723.80
401.06	2881.49
401.27	2967.51
401.48	3069.91
401.70	2592.73
401.91	3248.08
402.12	3114.96
402.33	2793.43
402.54	2449.37
402.76	2926.55
402.97	3209.17
403.18	2447.32
403.39	2490.33
403.60	3119.06
403.82	2899.92
404.03	2242.53
404.24	2555.86
404.45	3022.80
404.66	3317.71
404.88	2265.05
405.09	2981.84
405.30	3016.66
405.51	2975.70
405.73	2496.47
405.94	2387.93
406.15	2867.16
406.36	2947.03
406.57	2549.72
406.78	2465.75
407.00	2936.79
407.21	3127.25
407.42	2379.74
407.63	2809.81
407.84	3028.95
408.06	2944.98
408.27	2371.55
408.48	2584.54
408.69	2938.84
408.90	2840.53
409.12	2332.64
409.33	2478.04
409.54	2619.35
409.75	2920.40
409.96	2559.96
410.17	2731.99
410.39	2770.90
410.60	3315.66
410.81	2611.16
411.02	2818.00
411.23	4577.21
411.44	2795.48
411.66	2568.15
411.87	2840.53
412.08	3297.23
412.29	2764.76
412.50	2418.65
412.71	2445.27
412.93	2752.47
413.14	2854.87
413.35	2639.83
413.56	2506.71
413.77	2881.49
413.98	2955.22
414.20	2469.85
414.41	2539.48
414.62	2873.30
414.83	2686.94
415.04	2412.51
415.25	2682.84
415.46	3188.69
415.68	2863.06
415.89	2430.94
416.10	2672.60
416.31	2648.02
416.52	3071.95
416.73	2570.20
416.94	2521.05
417.16	2981.84
417.37	2951.12
417.58	2697.17
417.79	2404.32
418.00	2897.88
418.21	2873.30
418.42	2666.46
418.64	2377.69
418.85	2697.17
419.06	3071.95
419.27	2502.62
419.48	2611.16
419.69	2975.70
419.90	2813.91
420.11	2430.94
420.33	2359.26
420.54	3180.50
420.75	3071.95
420.96	2373.60
421.17	2643.93
421.38	2981.84
421.59	2809.81
421.80	2404.32
422.02	2547.67
422.23	2861.01
422.44	3121.10
422.65	2455.51
422.86	2592.73
423.07	2797.53
423.28	2922.45
423.49	2244.57
423.70	2576.34
423.92	2734.04
424.13	3149.78
424.34	2365.40
424.55	2373.60
424.76	3037.14
424.97	3151.82
425.18	2383.84
425.39	2703.32
425.60	2766.81
425.81	2758.61
426.03	2605.02
426.24	2441.18
426.45	2877.40
426.66	3330.00
426.87	2498.52
427.08	2699.22
427.29	2963.41
427.50	2994.13
427.71	2445.27
427.92	2422.75
428.13	2744.28
428.34	2809.81
428.56	2703.32
428.77	2654.17
428.98	3418.06
429.19	2985.94
429.40	2602.97
429.61	2621.40
429.82	3063.76
430.03	2797.53
430.24	2686.94
430.45	2306.01
430.66	3024.85
430.87	2895.83
431.08	2609.11
431.30	2459.61
431.51	2961.36
431.72	3016.66
431.93	2645.98
432.14	2437.08
432.35	2908.12
432.56	3293.13
432.77	2394.08
432.98	2588.63
433.19	2836.44
433.40	2906.07
433.61	2351.07
433.82	2605.02
434.03	2727.89
434.24	2854.87
434.45	3035.09
434.66	2914.26
434.87	3047.38
435.09	2957.27
435.30	2666.46
435.51	2684.89
435.72	2967.51
435.93	2742.23
436.14	2580.44
436.35	2564.06
436.56	3047.38
436.77	2869.20
436.98	2430.94
437.19	2676.70
437.40	3217.36
437.61	2975.70
437.82	2615.26
438.03	2570.20
438.24	2883.54
438.45	3026.90
438.66	2432.99
438.87	2418.65
439.08	2852.82
439.29	2912.21
439.50	2742.23
439.71	2918.36
439.92	2734.04
440.13	2756.57
440.34	2523.10
440.55	2664.41
440.76	2770.90
440.97	3059.67
441.18	2731.99
441.39	2506.71
441.60	2775.00
441.81	2719.70
442.02	2562.01
442.23	2605.02
442.44	2951.12
442.65	2787.29
442.86	2783.19
443.07	2707.41
443.28	2770.90
443.49	2904.02
443.70	2705.37
443.91	2545.63
444.12	2768.85
444.33	2822.10
444.54	2779.09
444.75	2629.59
444.96	3061.71
445.17	3026.90
445.38	2842.58
445.59	2674.65
445.80	2961.36
446.01	2736.09
446.22	3024.85
446.43	2514.91
446.64	2686.94
446.85	2848.72
447.06	2684.89
447.27	2605.02
447.48	3170.26
447.69	2795.48
447.90	2752.47
448.11	2379.74
448.32	2760.66
448.53	2820.05
448.74	2768.85
448.95	2627.54
449.16	2820.05
449.37	2908.12
449.58	2566.10
449.79	2490.33
450.00	2488.28
450.21	2686.94
450.42	2789.33
450.63	2547.67
450.84	2648.02
451.05	2635.74
451.26	2758.61
451.47	2719.70
451.68	2990.03
451.89	2777.05
452.10	2619.35
452.30	2910.16
452.51	2830.29
452.72	2566.10
452.93	2654.17
453.14	2742.23
453.35	2752.47
453.56	2932.69
453.77	2746.33
453.98	2582.49
454.19	3065.81
454.40	2807.77
454.61	2564.06
454.82	2658.26
455.03	2488.28
455.24	2652.12
455.45	2691.03
455.66	2893.78
455.87	2768.85
456.07	2658.26
456.28	2609.11
456.49	2400.22
456.70	2908.12
456.91	2762.71
457.12	2525.15
457.33	2555.86
457.54	2910.16
457.75	2971.60
457.96	2879.44
458.17	2789.33
458.38	2731.99
458.59	2557.91
458.79	2506.71
459.00	2359.26
459.21	2678.74
459.42	2637.78
459.63	2457.56
459.84	2416.60
460.05	3422.16
460.26	2883.54
460.47	2709.46
460.68	2609.11
460.89	2844.63
461.09	3006.42
461.30	2629.59
461.51	2633.69
461.72	3069.91
461.93	2975.70
462.14	2754.52
462.35	2478.04
462.56	2893.78
462.77	2543.58
462.98	2867.16
463.18	2682.84
463.39	2916.31
463.60	2904.02
463.81	2684.89
464.02	2998.23
464.23	2916.31
464.44	3352.52
464.65	2697.17
464.86	2478.04
465.06	2455.51
465.27	2766.81
465.48	2445.27
465.69	2693.08
465.90	2928.60
466.11	2787.29
466.32	2506.71
466.53	2502.62
466.74	2908.12
466.94	2785.24
467.15	2701.27
467.36	2617.30
467.57	2947.03
467.78	2957.27
467.99	2781.14
468.20	3037.14
468.40	2791.38
468.61	2795.48
468.82	2697.17
469.03	3078.10
469.24	3076.05
469.45	2799.57
469.66	2805.72
469.86	2627.54
470.07	3137.49
470.28	2809.81
470.49	2627.54
470.70	2662.36
470.91	2858.96
471.12	2906.07
471.32	2695.13
471.53	2764.76
471.74	3016.66
471.95	2961.36
472.16	2758.61
472.37	2777.05
472.58	3082.19
472.78	2770.90
472.99	2871.25
473.20	2834.39
473.41	2959.31
473.62	2799.57
473.83	3219.41
474.03	2963.41
474.24	2957.27
474.45	2990.03
474.66	2748.37
474.87	2908.12
475.08	2899.92
475.28	3157.97
475.49	3227.60
475.70	2805.72
475.91	3137.49
476.12	3168.21
476.32	2840.53
476.53	2922.45
476.74	3211.22
476.95	3102.67
477.16	2936.79
477.37	3074.00
477.57	3162.06
477.78	3080.14
477.99	2926.55
478.20	2957.27
478.41	3411.92
478.61	3284.94
478.82	3219.41
479.03	3018.71
479.24	3301.33
479.45	3121.10
479.65	3082.19
479.86	3211.22
480.07	3364.81
480.28	3155.92
480.49	4165.57
480.69	3059.67
480.90	3364.81
481.11	3321.81
481.32	2906.07
481.53	3319.76
481.73	3434.44
481.94	3477.45
482.15	3090.38
482.36	3389.39
482.57	3389.39
482.77	3620.81
482.98	3420.11
483.19	3270.61
483.40	3409.87
483.60	3448.78
483.81	3563.47
484.02	3526.60
484.23	3512.27
484.44	3403.72
484.64	3487.69
484.85	3477.45
485.06	3717.06
485.27	3678.15
485.47	3641.29
485.68	3661.77
485.89	3923.91
486.10	4149.18
486.31	4003.78
486.51	3817.41
486.72	3895.24
486.93	3925.96
487.14	3710.92
487.34	3604.42
487.55	3903.43
487.76	4155.33
487.97	4136.90
488.17	3878.85
488.38	4108.23
488.59	4104.13
488.80	4224.96
489.00	4188.10
489.21	4362.17
489.42	4071.36
489.63	4462.52
489.83	4294.59
490.04	4290.49
490.25	4345.79
490.46	4294.59
490.66	4595.64
490.87	4487.10
491.08	4456.38
491.29	4319.17
491.49	4390.84
491.70	4659.13
491.91	4779.96
492.11	4698.04
492.32	4808.63
492.53	4640.70
492.74	5085.11
492.94	5142.45
493.15	5050.29
493.36	4972.47
493.57	5015.48
493.77	5126.07
493.98	5382.06
494.19	5531.56
494.39	5429.17
494.60	5240.75
494.81	5240.75
495.02	5674.92
495.22	5861.29
495.43	5400.49
495.64	5380.01
495.84	5670.83
496.05	6152.10
496.26	5863.33
496.47	5947.30
496.67	6436.77
496.88	6035.36
497.09	6064.04
497.29	5969.83
497.50	6207.39
497.71	6526.88
497.91	6254.50
498.12	6565.79
498.33	6535.07
498.54	6674.33
498.74	6602.65
498.95	6557.60
499.16	6930.33
499.36	6903.70
499.57	6899.61
499.78	6909.85
499.98	7190.42
500.19	7157.65
500.40	7202.71
500.60	7528.33
500.81	7653.26
501.02	7671.69
501.22	8042.37
501.43	7651.21
501.64	7911.30
501.85	8163.20
502.05	8537.98
502.26	8013.70
502.47	8806.27
502.67	8222.59
502.88	8413.06
503.09	8634.24
503.29	8550.27
503.50	8585.08
503.71	9035.64
503.91	8781.69
504.12	8968.06
504.33	9125.75
504.53	9308.02
504.74	9426.80
504.95	9822.06
505.15	9518.96
505.36	9695.08
505.56	9525.10
505.77	10344.29
505.98	9838.44
506.18	10301.28
506.39	10030.95
506.60	10149.73
506.80	10606.43
507.01	10536.80
507.22	10696.54
507.42	10731.36
507.63	10997.59
507.84	11071.32
508.04	10581.85
508.25	11556.69
508.45	11657.04
508.66	11194.20
508.87	11130.71
509.07	11687.76
509.28	11693.90
509.49	11458.39
509.69	12035.91
509.90	11939.66
510.11	12046.15
510.31	11992.90
510.52	11806.54
510.72	12365.64
510.93	12201.80
511.14	12347.20
511.34	12265.28
511.55	12572.48
511.76	13145.91
511.96	13164.34
512.17	12699.45
512.37	13209.40
512.58	12902.20
512.79	12851.00
512.99	13233.97
513.20	13309.75
513.40	13512.50
513.61	13363.00
513.82	13315.89
514.02	13180.73
514.23	13319.99
514.43	13727.53
514.64	13700.91
514.85	13897.52
515.05	13782.83
515.26	13848.36
515.46	13836.08
515.67	13993.77
515.88	13707.05
516.08	14327.59
516.29	13815.60
516.49	13981.48
516.70	14040.87
516.91	13877.04
517.11	13852.46
517.32	13991.72
517.52	14055.21
517.73	13659.95
517.93	13981.48
518.14	13969.19
518.35	13700.91
518.55	13750.06
518.76	14044.97
518.96	14384.93
519.17	13834.03
519.38	13934.38
519.58	14143.27
519.79	13844.27
519.99	13782.83
520.20	13647.66
520.40	13676.34
520.61	13973.29
520.82	14096.17
521.02	14022.44
521.23	13578.03
521.43	13858.60
521.64	13350.71
521.84	13258.55
522.05	13383.48
522.25	13229.88
522.46	13090.62
522.67	13002.55
522.87	13297.46
523.08	13281.08
523.28	13010.75
523.49	13262.65
523.69	12715.84
523.90	12664.64
524.10	12916.54
524.31	12689.21
524.51	12777.28
524.72	12767.04
524.93	12554.05
525.13	12183.37
525.34	12185.41
525.54	12336.96
525.75	12339.01
525.95	11700.05
526.16	11966.28
526.36	11802.44
526.57	12203.85
526.77	11280.21
526.98	11839.31
527.18	11355.99
527.39	11468.62
527.59	11540.30
527.80	11267.92
528.00	11427.67
528.21	11218.77
528.42	11241.30
528.62	10956.63
528.83	10897.24
529.03	11446.10
529.24	10731.36
529.44	10534.75
529.65	10571.61
529.85	10526.56
530.06	10639.20
530.26	10352.48
530.47	10501.98
530.67	10436.45
530.88	9895.78
531.08	9989.99
531.29	9967.46
531.49	9807.72
531.70	9926.50
531.90	9359.22
532.11	9647.98
532.31	9516.91
532.52	9461.62
532.72	9187.19
532.93	9414.51
533.13	9215.86
533.34	9041.78
533.54	9215.86
533.75	8978.30
533.95	8859.51
534.16	8787.83
534.36	8845.18
534.57	8902.52
534.77	8951.67
534.97	8773.50
535.18	8365.95
535.38	8484.73
535.59	8230.79
535.79	8402.82
536.00	8277.89
536.20	8324.99
536.41	7896.97
536.61	8224.64
536.82	7960.45
537.02	8079.24
537.23	7974.79
537.43	7980.93
537.64	7774.09
537.84	7954.31
538.05	7880.58
538.25	7819.14
538.45	7520.14
538.66	7892.87
538.86	7649.16
539.07	7290.77
539.27	7124.88
539.48	7460.75
539.68	7446.41
539.89	7194.51
540.09	7700.36
540.29	7313.30
540.50	6684.57
540.70	7260.05
540.91	6956.95
541.11	7151.51
541.32	6834.07
541.52	6834.07
541.73	6772.63
541.93	6481.82
542.13	6895.51
542.34	6477.73
542.54	6614.94
542.75	6576.03
542.95	7088.02
543.16	6373.28
543.36	6555.55
543.56	6455.20
543.77	6387.61
543.97	6469.53
544.18	6287.26
544.38	6328.22
544.59	6135.71
544.79	5959.59
544.99	6528.92
545.20	6535.07
545.40	5857.19
545.61	5898.15
545.81	6217.63
546.01	6313.89
546.22	5969.83
546.42	5904.29
546.63	5640.11
546.83	5758.89
547.04	5762.98
547.24	5771.18
547.44	5373.87
547.65	5644.20
547.85	5388.21
548.06	5337.01
548.26	5357.49
548.46	5926.82
548.67	5513.13
548.87	5296.05
549.08	5332.91
549.28	5316.53
549.48	5361.58
549.69	5492.65
549.89	4882.36
550.09	5453.74
550.30	5474.22
550.50	4859.83
550.71	4925.36
550.91	5181.36
551.11	4755.38
551.32	5187.50
551.52	4841.40
551.73	5078.96
551.93	4784.06
552.13	5111.73
552.34	5181.36
552.54	4607.93
552.74	4845.49
552.95	4685.75
553.15	4765.62
553.35	4790.20
553.56	4691.90
553.76	4917.17
553.97	4648.89
554.17	4739.00
554.37	4480.96
554.58	4710.33
554.78	4562.87
554.98	4536.25
555.19	4429.76
555.39	4523.96
555.59	4194.24
555.80	4448.19
556.00	4349.89
556.20	4394.94
556.41	4276.16
556.61	4136.90
556.82	4077.51
557.02	4347.84
557.22	4171.71
557.43	4061.12
557.63	4251.58
557.83	4134.85
558.04	4577.21
558.24	4186.05
558.44	4345.79
558.65	4044.74
558.85	3674.06
559.05	4001.73
559.26	3962.82
559.46	3897.28
559.66	3846.09
559.87	3930.05
560.07	4067.27
560.27	4151.23
560.48	4231.10
560.68	4102.08
560.88	3878.85
561.08	4044.74
561.29	4134.85
561.49	3706.82
561.69	3899.33
561.90	4251.58
562.10	3760.07
562.30	4274.11
562.51	3919.81
562.71	3735.50
562.91	4102.08
563.12	3698.63
563.32	3678.15
563.52	3882.95
563.72	3626.95
563.93	3684.30
564.13	3612.62
564.33	3952.58
564.54	3745.73
564.74	3612.62
564.94	3749.83
565.15	3555.27
565.35	3608.52
565.55	3821.51
565.75	3370.96
565.96	3594.19
566.16	3641.29
566.36	3491.79
566.57	3430.35
566.77	3870.66
566.97	3520.46
567.17	3768.26
567.38	3370.96
567.58	3600.33
567.78	3592.14
567.99	3913.67
568.19	3493.83
568.39	3579.85
568.59	3719.11
568.80	3600.33
569.00	3803.08
569.20	3522.51
569.40	3280.85
569.61	3573.71
569.81	3489.74
570.01	3403.72
570.21	3272.65
570.42	3741.64
570.62	3143.63
570.82	3157.97
571.02	3196.88
571.23	3215.31
571.43	3452.88
571.63	3231.69
571.84	2998.23
572.04	3149.78
572.24	3538.89
572.44	3413.96
572.64	3229.65
572.85	3315.66
573.05	3407.82
573.25	3592.14
573.45	2942.93
573.66	3774.41
573.86	3143.63
574.06	3229.65
574.26	3348.43
574.47	3215.31
574.67	3497.93
574.87	2990.03
575.07	3213.26
575.28	3096.53
575.48	3235.79
575.68	3313.61
575.88	3110.86
576.08	3413.96
576.29	3229.65
576.49	3180.50
576.69	3381.20
576.89	3078.10
577.10	3166.16
577.30	3413.96
577.50	3096.53
577.70	3037.14
577.90	3444.68
578.11	3379.15
578.31	2854.87
578.51	3313.61
578.71	2930.64
578.91	3147.73
579.12	3176.40
579.32	3192.78
579.52	4677.56
579.72	2987.99
579.92	3026.90
580.13	3211.22
580.33	3413.96
580.53	3139.54
580.73	2967.51
580.93	3112.91
581.14	2957.27
581.34	3207.12
581.54	2889.68
581.74	3096.53
581.94	2951.12
582.15	3323.85
582.35	2785.24
582.55	3067.86
582.75	3545.03
582.95	3088.34
583.15	3334.09
583.36	3170.26
583.56	3065.81
583.76	2994.13
583.96	3219.41
584.16	3203.02
584.37	3096.53
584.57	3104.72
584.77	2680.79
584.97	3055.57
585.17	3100.62
585.37	3160.02
585.57	3211.22
585.78	2781.14
585.98	2920.40
586.18	2936.79
586.38	2947.03
586.58	2740.18
586.78	2901.97
586.99	2850.77
587.19	3069.91
587.39	2906.07
587.59	2801.62
587.79	2885.59
587.99	3053.52
588.19	3020.75
588.40	3151.82
588.60	2750.42
588.80	3346.38
589.00	2805.72
589.20	3004.37
589.40	3268.56
589.60	2768.85
589.81	2940.88
590.01	2891.73
590.21	3266.51
590.41	2795.48
590.61	2990.03
590.81	2795.48
591.01	3157.97
591.22	2936.79
591.42	3334.09
591.62	3039.19
591.82	3016.66
592.02	2928.60
592.22	2963.41
592.42	3499.98
592.62	2983.89
592.82	2981.84
593.03	3071.95
593.23	3043.28
593.43	3092.43
593.63	2838.48
593.83	2795.48
594.03	3198.93
594.23	3119.06
594.43	2770.90
594.63	2734.04
594.84	2901.97
595.04	3190.74
595.24	3028.95
595.44	2697.17
595.64	3014.61
595.84	3020.75
596.04	3074.00
596.24	2856.92
596.44	2826.20
596.64	2795.48
596.84	2881.49
597.05	2922.45
597.25	3131.34
597.45	3069.91
597.65	2793.43
597.85	2893.78
598.05	2969.55
598.25	2695.13
598.45	2842.58
598.65	2916.31
598.85	2842.58
599.05	3305.42
599.25	2856.92
599.46	2588.63
599.66	3049.43
599.86	2848.72
600.06	2971.60
600.26	2813.91
600.46	2822.10
600.66	3084.24
600.86	3080.14
601.06	2858.96
601.26	2805.72
601.46	2990.03
601.66	2848.72
601.86	2750.42
602.06	2803.67
602.26	2777.05
602.46	2639.83
602.66	2752.47
602.87	2801.62
603.07	3024.85
603.27	2940.88
603.47	2779.09
603.67	3368.91
603.87	3186.64
604.07	2930.64
604.27	3082.19
604.47	2729.94
604.67	2633.69
604.87	2873.30
605.07	2824.15
605.27	2932.69
605.47	2740.18
605.67	2848.72
605.87	2854.87
606.07	3131.34
606.27	2832.34
606.47	2801.62
606.67	2691.03
606.87	2701.27
607.07	2897.88
607.27	2770.90
607.47	2799.57
607.67	2953.17
607.87	2738.13
608.07	3008.47
608.27	2977.75
608.47	2684.89
608.67	3119.06
608.87	2834.39
609.07	3006.42
609.27	2748.37
609.47	2985.94
609.67	2856.92
609.87	2987.99
610.07	2893.78
610.27	4945.84
610.47	2887.64
610.67	2904.02
610.87	2686.94
611.07	3153.87
611.27	2828.24
611.47	2928.60
611.67	2973.65
611.87	2852.82
612.07	2711.51
612.27	2889.68
612.47	2744.28
612.67	2879.44
612.87	2899.92
613.07	2791.38
613.27	2715.61
613.47	2932.69
613.67	2799.57
613.87	2852.82
614.07	2719.70
614.27	2719.70
614.47	2791.38
614.67	2844.63
614.87	2697.17
615.07	2824.15
615.27	2777.05
615.47	2703.32
615.67	2912.21
615.87	2691.03
616.07	2920.40
616.27	2899.92
616.47	2711.51
616.67	2707.41
616.87	2805.72
617.07	2705.37
617.27	2922.45
617.47	2848.72
617.66	2775.00
617.86	2807.77
618.06	2639.83
618.26	2629.59
618.46	2815.96
618.66	3098.58
618.86	2975.70
619.06	2875.35
619.26	2922.45
619.46	2846.68
619.66	2992.08
619.86	2957.27
620.06	3014.61
620.26	3016.66
620.46	3647.43
620.66	3325.90
620.85	3039.19
621.05	3256.27
621.25	2852.82
621.45	2734.04
621.65	3039.19
621.85	2834.39
622.05	2994.13
622.25	2684.89
622.45	2719.70
622.65	2793.43
622.85	2734.04
623.05	2953.17
623.25	2916.31
623.44	3039.19
623.64	2695.13
623.84	2836.44
624.04	2578.39
624.24	2899.92
624.44	3006.42
624.64	2813.91
624.84	2824.15
625.04	2766.81
625.24	2734.04
625.43	2758.61
625.63	3074.00
625.83	2766.81
626.03	2615.26
626.23	2889.68
626.43	2781.14
626.63	2746.33
626.83	2834.39
627.03	2947.03
627.22	2691.03
627.42	2717.65
627.62	2621.40
627.82	2832.34
628.02	2682.84
628.22	2662.36
628.42	2811.86
628.62	2588.63
628.82	2705.37
629.01	3280.85
629.21	2682.84
629.41	3127.25
629.61	2985.94
629.81	2793.43
630.01	3020.75
630.21	3059.67
630.40	2971.60
630.60	2955.22
630.80	2938.84
631.00	2963.41
631.20	2899.92
631.40	2779.09
631.60	2865.11
631.79	2791.38
631.99	2928.60
632.19	2834.39
632.39	2861.01
632.59	2858.96
632.79	2762.71
632.99	4495.29
633.18	2754.52
633.38	2906.07
633.58	2893.78
633.78	2848.72
633.98	2609.11
634.18	2818.00
634.37	3338.19
634.57	2856.92
634.77	3784.65
634.97	2799.57
635.17	2973.65
635.37	3217.36
635.56	2701.27
635.76	2912.21
635.96	2858.96
636.16	2850.77
636.36	2795.48
636.56	2680.79
636.75	2797.53
636.95	2854.87
637.15	2756.57
637.35	2785.24
637.55	3018.71
637.74	2998.23
637.94	2719.70
638.14	2904.02
638.34	2899.92
638.54	2484.19
638.73	2922.45
638.93	2938.84
639.13	2955.22
639.33	2987.99
639.53	2668.50
639.73	2740.18
639.92	2858.96
640.12	2686.94
640.32	2668.50
640.52	2887.64
640.71	2674.65
640.91	2842.58
641.11	2748.37
641.31	2731.99
641.51	2772.95
641.70	2949.08
641.90	2975.70
642.10	2793.43
642.30	2928.60
642.50	2820.05
642.69	2799.57
642.89	2680.79
643.09	2858.96
643.29	2842.58
643.48	2889.68
643.68	2908.12
643.88	3014.61
644.08	2504.67
644.28	2957.27
644.47	3047.38
644.67	2594.78
644.87	2674.65
645.07	2901.97
645.26	2727.89
645.46	2760.66
645.66	2815.96
645.86	2811.86
646.05	3143.63
646.25	2895.83
646.45	2971.60
646.65	2920.40
646.84	2883.54
647.04	2725.85
647.24	2832.34
647.44	2791.38
647.63	2793.43
647.83	2906.07
648.03	2969.55
648.23	2729.94
648.42	2897.88
648.62	2588.63
648.82	2555.86
649.02	2818.00
649.21	2818.00
649.41	3028.95
649.61	2998.23
649.80	2639.83
650.00	3123.15
650.20	2791.38
650.40	2691.03
650.59	2957.27
650.79	2701.27
650.99	3280.85
651.18	2818.00
651.38	2734.04
651.58	2875.35
651.78	2793.43
651.97	2770.90
652.17	2742.23
652.37	2938.84
652.56	2955.22
652.76	2924.50
652.96	2684.89
653.16	3022.80
653.35	2969.55
653.55	3006.42
653.75	2613.21
653.94	3051.47
654.14	2736.09
654.34	2910.16
654.54	2625.50
654.73	3035.09
654.93	2779.09
655.13	3039.19
655.32	2826.20
655.52	2889.68
655.72	2932.69
655.91	2666.46
656.11	2652.12
656.31	2949.08
656.50	2906.07
656.70	2789.33
656.90	2519.00
657.09	2957.27
657.29	2840.53
657.49	2723.80
657.68	2496.47
657.88	2760.66
658.08	2789.33
658.27	3061.71
658.47	2805.72
658.67	2861.01
658.86	2764.76
659.06	2799.57
659.26	2781.14
659.45	2719.70
659.65	2740.18
659.85	2858.96
660.04	2703.32
660.24	2629.59
660.44	2740.18
660.63	2803.67
660.83	2949.08
661.03	2940.88
661.22	2654.17
661.42	2985.94
661.62	2785.24
661.81	2924.50
662.01	2562.01
662.21	2570.20
662.40	2748.37
662.60	3192.78
662.79	2594.78
662.99	3004.37
663.19	2777.05
663.38	2861.01
663.58	2906.07
663.78	2940.88
663.97	2742.23
664.17	3012.56
664.36	2713.56
664.56	2987.99
664.76	2576.34
664.95	2789.33
665.15	2893.78
665.35	2885.59
665.54	3043.28
665.74	3012.56
665.93	3057.62
666.13	2727.89
666.33	2715.61
666.52	2809.81
666.72	2996.18
666.91	2703.32
667.11	2615.26
667.31	2850.77
667.50	2688.98
667.70	3035.09
667.89	2795.48
668.09	3061.71
668.29	2836.44
668.48	2740.18
668.68	3289.04
668.87	2791.38
669.07	2592.73
669.27	2916.31
669.46	2559.96
669.66	2699.22
669.85	2459.61
670.05	2932.69
670.25	2699.22
670.44	2695.13
670.64	2906.07
670.83	2975.70
671.03	2713.56
671.22	2832.34
671.42	2906.07
671.62	2627.54
671.81	2740.18
672.01	2914.26
672.20	2662.36
672.40	2867.16
672.59	3117.01
672.79	2949.08
672.99	2664.41
673.18	2873.30
673.38	2904.02
673.57	3047.38
673.77	2885.59
673.96	2650.07
674.16	2807.77
674.36	3014.61
674.55	2801.62
674.75	2922.45
674.94	2695.13
675.14	2924.50
675.33	3030.99
675.53	2916.31
675.72	2568.15
675.92	3262.41
676.11	2973.65
676.31	2652.12
676.50	2688.98
676.70	2944.98
676.90	2789.33
677.09	2953.17
677.29	2766.81
677.48	2912.21
677.68	2764.76
677.87	2662.36
678.07	2707.41
678.26	2895.83
678.46	2758.61
678.65	2772.95
678.85	2668.50
679.04	2985.94
679.24	2637.78
679.43	2697.17
679.63	2478.04
679.82	3207.12
680.02	3297.23
680.21	2861.01
680.41	2549.72
680.60	2963.41
680.80	3239.89
680.99	2887.64
681.19	3047.38
681.38	3071.95
681.58	2762.71
681.77	3131.34
681.97	2654.17
682.16	3078.10
682.36	3039.19
682.55	2795.48
682.75	2623.45
682.94	2899.92
683.14	2848.72
683.33	2445.27
683.53	3035.09
683.72	3010.51
683.92	2807.77
684.11	3051.47
684.31	2586.58
684.50	2815.96
684.70	2758.61
684.89	2686.94
685.09	2512.86
685.28	2662.36
685.48	2717.65
685.67	2725.85
685.87	2602.97
686.06	2867.16
686.26	2877.40
686.45	2738.13
686.64	2617.30
686.84	2744.28
687.03	2906.07
687.23	2670.55
687.42	2793.43
687.62	2713.56
687.81	2924.50
688.01	2783.19
688.20	2793.43
688.40	3127.25
688.59	3014.61
688.78	2867.16
688.98	2801.62
689.17	3063.76
689.37	2752.47
689.56	2772.95
689.76	2865.11
689.95	3037.14
690.15	2686.94
690.34	3078.10
690.53	2777.05
690.73	2709.46
690.92	2643.93
691.12	2779.09
691.31	2881.49
691.51	3051.47
691.70	2979.79
691.89	2596.82
692.09	2584.54
692.28	2836.44
692.48	2852.82
692.67	2994.13
692.87	2701.27
693.06	2766.81
693.25	2666.46
693.45	2725.85
693.64	2820.05
693.84	2922.45
694.03	2836.44
694.22	2643.93
694.42	2697.17
694.61	2711.51
694.81	4173.76
695.00	2809.81
695.19	2627.54
695.39	3022.80
695.58	2899.92
695.78	2674.65
695.97	2650.07
696.16	3178.45
696.36	3119.06
696.55	2701.27
696.75	2607.06
696.94	2656.22
697.13	3168.21
697.33	2781.14
697.52	2809.81
697.71	2775.00
697.91	2959.31
698.10	3280.85
698.30	2607.06
698.49	3117.01
698.68	2691.03
698.88	2758.61
699.07	2766.81
699.26	3317.71
699.46	2842.58
699.65	2961.36
699.85	2668.50
700.04	2670.55
700.23	2572.25
700.43	2842.58
700.62	2734.04
700.81	2850.77
701.01	2744.28
701.20	2795.48
701.39	2824.15
701.59	2797.53
701.78	2768.85
701.98	2711.51
702.17	2594.78
702.36	2842.58
702.56	2994.13
702.75	2746.33
702.94	2818.00
703.14	4153.28
703.33	2772.95
703.52	6072.23
703.72	2547.67
703.91	2965.46
704.10	2648.02
704.30	2699.22
704.49	2564.06
704.68	2801.62
704.88	3235.79
705.07	3114.96
705.26	2758.61
705.46	2781.14
705.65	2731.99
705.84	2674.65
706.03	2715.61
706.23	2756.57
706.42	2715.61
706.61	2611.16
706.81	2969.55
707.00	3078.10
707.19	2822.10
707.39	2908.12
707.58	2492.38
707.77	2760.66
707.97	3176.40
708.16	2840.53
708.35	2727.89
708.55	2607.06
708.74	2787.29
708.93	3020.75
709.12	2772.95
709.32	2912.21
709.51	3004.37
709.70	2912.21
709.90	2912.21
710.09	2781.14
710.28	2840.53
710.47	2613.21
710.67	2650.07
710.86	3139.54
711.05	2672.60
711.25	2633.69
711.44	2473.95
711.63	2922.45
711.82	3110.86
712.02	3350.48
712.21	2596.82
712.40	2836.44
712.59	3055.57
712.79	2971.60
712.98	2709.46
713.17	3063.76
713.37	2738.13
713.56	2555.86
713.75	2566.10
713.94	2947.03
714.14	2752.47
714.33	2830.29
714.52	2588.63
714.71	2850.77
714.91	2797.53
715.10	2973.65
715.29	2553.82
715.48	2873.30
715.68	3018.71
715.87	2596.82
716.06	2842.58
716.25	2760.66
716.45	2818.00
716.64	2840.53
716.83	2834.39
717.02	3213.26
717.21	2912.21
717.41	3229.65
717.60	3049.43
717.79	2727.89
717.98	2654.17
718.18	2863.06
718.37	2684.89
718.56	3272.65
718.75	3043.28
718.94	2828.24
719.14	2549.72
719.33	2899.92
719.52	2844.63
719.71	2711.51
719.91	2598.87
720.10	3297.23
720.29	2828.24
720.48	2672.60
720.67	2809.81
720.87	3330.00
721.06	2623.45
721.25	2959.31
721.44	2562.01
721.63	2949.08
721.83	2996.18
722.02	2602.97
722.21	2709.46
722.40	2824.15
722.59	3049.43
722.79	2775.00
722.98	2953.17
723.17	2668.50
723.36	2625.50
723.55	2537.43
723.74	2484.19
723.94	2891.73
724.13	2633.69
724.32	2607.06
724.51	2752.47
724.70	2977.75
724.90	2764.76
725.09	3006.42
725.28	2916.31
725.47	2742.23
725.66	2883.54
725.85	2672.60
726.05	2818.00
726.24	2916.31
726.43	2846.68
726.62	2863.06
726.81	2588.63
727.00	2752.47
727.20	2932.69
727.39	2824.15
727.58	2590.68
727.77	2641.88
727.96	2734.04
728.15	2955.22
728.34	2760.66
728.54	2805.72
728.73	3008.47
728.92	2744.28
729.11	2705.37
729.30	2633.69
729.49	2973.65
729.68	2873.30
729.88	2645.98
730.07	2416.60
730.26	2551.77
730.45	3117.01
730.64	3321.81
730.83	2611.16
731.02	2301.92
731.21	3047.38
731.41	2901.97
731.60	2424.80
731.79	2672.60
731.98	3219.41
732.17	3110.86
732.36	2398.17
732.55	2308.06
732.74	3207.12
732.93	2908.12
733.13	2533.34
733.32	2553.82
733.51	2826.20
733.70	3282.89
733.89	2676.70
734.08	2586.58
734.27	2740.18
734.46	3063.76
734.65	2508.76
734.85	2688.98
735.04	2805.72
735.23	3207.12
735.42	2602.97
735.61	2193.37
735.80	2924.50
735.99	3092.43
736.18	3149.78
736.37	2301.92
736.56	3076.05
736.75	2822.10
736.94	2541.53
737.14	2400.22
737.33	2879.44
737.52	2654.17
737.71	2656.22
737.90	2695.13
738.09	3166.16
738.28	2830.29
738.47	2748.37
738.66	2742.23
738.85	3084.24
739.04	2832.34
739.23	2734.04
739.42	2183.13
739.61	2879.44
739.80	2791.38
740.00	2478.04
740.19	2410.46
740.38	2785.24
740.57	2666.46
740.76	2449.37
740.95	2541.53
741.14	3110.86
741.33	3356.62
741.52	2594.78
741.71	2359.26
741.90	3020.75
742.09	3121.10
742.28	2432.99
742.47	2236.38
742.66	2801.62
742.85	2680.79
743.04	2367.45
743.23	2635.74
743.42	3004.37
743.61	2852.82
743.80	2394.08
743.99	2336.73
744.18	3053.52
744.37	2891.73
744.56	2541.53
744.75	2277.34
744.94	3141.58
745.13	2930.64
745.32	2174.94
745.51	2506.71
745.71	2885.59
745.90	2811.86
746.09	2582.49
746.28	2490.33
746.47	2828.24
746.66	3012.56
746.85	2598.87
747.04	2383.84
747.23	2824.15
747.42	3139.54
747.61	2310.11
747.80	2703.32
747.99	2938.84
748.18	2691.03
748.36	2301.92
748.55	2729.94
748.74	3227.60
748.93	3016.66
749.12	2301.92
749.31	2547.67
749.50	2818.00
749.69	3059.67
749.88	2441.18
750.07	2252.77
750.26	3205.07
750.45	2713.56
750.64	2248.67
750.83	2389.98
751.02	2897.88
751.21	3041.23
751.40	2555.86
751.59	2588.63
751.78	3006.42
751.97	3055.57
752.16	2713.56
752.35	2654.17
752.54	3065.81
752.73	2850.77
752.92	2439.13
753.11	2725.85
753.30	2705.37
753.49	2539.48
753.68	2465.75
753.87	2490.33
754.05	3110.86
754.24	2775.00
754.43	2703.32
754.62	2306.01
754.81	3502.03
755.00	3074.00
755.19	2541.53
755.38	2709.46
755.57	3063.76
755.76	3086.29
755.95	2678.74
756.14	2287.58
756.33	3080.14
756.52	2785.24
756.70	2475.99
756.89	2551.77
757.08	2996.18
757.27	2947.03
757.46	2500.57
757.65	2385.88
757.84	3145.68
758.03	2676.70
758.22	2398.17
758.41	2445.27
758.60	2621.40
758.79	2858.96
758.97	2631.64
759.16	2813.91
759.35	2867.16
759.54	2914.26
759.73	2449.37
759.92	2457.56
760.11	2664.41
760.30	2852.82
760.49	2414.56
760.67	2422.75
760.86	3004.37
761.05	3190.74
761.24	2432.99
761.43	2234.33
761.62	3051.47
761.81	2881.49
762.00	2580.44
762.19	2371.55
762.37	2998.23
762.56	3110.86
762.75	2246.62
762.94	2484.19
763.13	2568.15
763.32	2944.98
763.51	2260.96
763.70	2220.00
763.88	3160.02
764.07	2826.20
764.26	2400.22
764.45	2260.96
764.64	3037.14
764.83	3141.58
765.02	2455.51
765.20	2506.71
765.39	2930.64
765.58	3196.88
765.77	2711.51
765.96	2912.21
766.15	2879.44
766.33	2856.92
766.52	2574.30
766.71	2428.89
766.90	3254.22
767.09	2899.92
767.28	2226.14
767.46	2453.47
767.65	2822.10
767.84	2828.24
768.03	2408.41
768.22	2283.49
768.41	2596.82
768.59	2861.01
768.78	2383.84
768.97	2469.85
769.16	3219.41
769.35	2799.57
769.54	2463.71
769.72	2439.13
769.91	2883.54
770.10	3186.64
770.29	2365.40
770.48	2533.34
770.66	2938.84
770.85	2967.51
771.04	2580.44
771.23	2297.82
771.42	3151.82
771.60	3129.30
771.79	2529.24
771.98	2408.41
772.17	2990.03
772.36	3243.98
772.54	2318.30
772.73	2457.56
772.92	3071.95
773.11	2697.17
773.30	2510.81
773.48	2269.15
773.67	2863.06
773.86	2869.20
774.05	2308.06
774.23	2648.02
774.42	3059.67
774.61	3141.58
774.80	2463.71
774.99	2396.12
775.17	2963.41
775.36	2852.82
775.55	2600.92
775.74	2502.62
775.92	3063.76
776.11	2779.09
776.30	2682.84
776.49	2357.21
776.67	2809.81
776.86	2643.93
777.05	2387.93
777.24	2246.62
777.42	2883.54
777.61	2736.09
777.80	2740.18
777.99	2303.96
778.17	2813.91
778.36	2875.35
778.55	2367.45
778.74	2633.69
778.92	2805.72
779.11	3149.78
779.30	2502.62
779.49	2432.99
779.67	3006.42
779.86	2865.11
780.05	2471.90
780.24	2248.67
780.42	2930.64
780.61	2985.94
780.80	2490.33
780.98	2267.10
781.17	2881.49
781.36	2731.99
781.55	2465.75
781.73	2377.69
781.92	2983.89
782.11	2889.68
782.29	2367.45
782.48	2443.23
782.67	3186.64
782.86	3053.52
783.04	2475.99
783.23	2486.23
783.42	3059.67
783.60	2920.40
783.79	2486.23
783.98	2363.36
784.16	3035.09
784.35	2951.12
784.54	2602.97
784.73	2277.34
784.91	2947.03
785.10	2764.76
785.29	2461.66
785.47	2654.17
785.66	3121.10
785.85	2756.57
786.03	2437.08
786.22	2246.62
786.41	3080.14
786.59	3039.19
786.78	2318.30
786.97	2318.30
787.15	2891.73
787.34	2899.92
787.53	2334.68
787.71	2496.47
787.90	2883.54
788.09	2967.51
788.27	2658.26
788.46	2496.47
788.65	3041.23
788.83	2891.73
789.02	2277.34
789.21	2230.24
789.39	2758.61
789.58	2996.18
789.77	2340.83
789.95	2357.21
790.14	3178.45
790.33	2854.87
790.51	2258.91
790.70	2637.78
790.88	2842.58
791.07	2885.59
791.26	2940.88
791.44	2394.08
791.63	2805.72
791.82	3028.95
792.00	2326.49
792.19	2424.80
792.38	3291.09
792.56	2889.68
792.75	2594.78
792.93	2555.86
793.12	3125.20
793.31	2809.81
793.49	2731.99
793.68	2392.03
793.86	2746.33
794.05	3151.82
794.24	2461.66
794.42	2570.20
794.61	2906.07
794.80	2850.77
794.98	2676.70
795.17	2439.13
795.35	3065.81
795.54	2955.22
795.73	2555.86
795.91	3010.51
796.10	3090.38
796.28	2930.64
796.47	2357.21
796.66	2244.57
796.84	3352.52
797.03	2879.44
797.21	2269.15
797.40	2486.23
797.58	3096.53
797.77	2904.02
797.96	2609.11
798.14	2912.21
798.33	3186.64
798.51	2985.94
798.70	2326.49
798.88	2543.58
799.07	2881.49
799.26	2910.16
799.44	2463.71
799.63	2516.95
799.81	2682.84
800.00	2932.69
800.18	2818.00
800.37	2553.82
800.56	2682.84
800.74	2889.68
800.93	2383.84
801.11	2566.10
801.30	2924.50
801.48	2865.11
801.67	2527.19
801.85	2490.33
802.04	3037.14
802.22	2770.90
802.41	2514.91
802.60	2666.46
802.78	3043.28
802.97	2699.22
803.15	2572.25
803.34	2531.29
803.52	2953.17
803.71	2987.99
803.89	2297.82
804.08	2801.62
804.26	3192.78
804.45	2793.43
804.63	2584.54
804.82	2510.81
805.00	2906.07
805.19	3248.08
805.37	2428.89
805.56	2484.19
805.74	3268.56
805.93	2871.25
806.11	2715.61
806.30	2416.60
806.48	2883.54
806.67	2996.18
806.85	2572.25
807.04	2519.00
807.22	2750.42
807.41	2912.21
807.59	2801.62
807.78	2326.49
807.96	3284.94
808.15	2893.78
808.33	2758.61
808.52	2797.53
808.70	3137.49
808.89	3084.24
809.07	3092.43
809.26	2578.39
809.44	2899.92
809.63	3084.24
809.81	2856.92
810.00	2580.44
810.18	2996.18
810.37	2932.69
810.55	2709.46
810.74	2670.55
810.92	3200.98
811.11	3248.08
811.29	2093.02
811.48	2578.39
811.66	2764.76
811.84	2758.61
812.03	2699.22
812.21	2731.99
812.40	2781.14
812.58	2631.64
812.77	2731.99
812.95	2488.28
813.14	2852.82
813.32	2803.67
813.51	2539.48
813.69	2516.95
813.87	2742.23
814.06	2914.26
814.24	2605.02
814.43	2324.44
814.61	3018.71
814.80	2936.79
814.98	2435.03
815.16	2553.82
815.35	3112.91
815.53	3252.17
815.72	2590.68
815.90	2430.94
816.09	2871.25
816.27	2893.78
816.45	2617.30
816.64	2547.67
816.82	3293.13
817.01	2672.60
817.19	2414.56
817.37	2643.93
817.56	3074.00
817.74	2686.94
817.93	2820.05
818.11	2629.59
818.30	2785.24
818.48	2621.40
818.66	2609.11
818.85	2471.90
819.03	2904.02
819.21	2740.18
819.40	2686.94
819.58	3041.23
819.77	2912.21
819.95	2981.84
820.13	2867.16
820.32	2367.45
820.50	3217.36
820.69	3125.20
820.87	2523.10
821.05	2392.03
821.24	2977.75
821.42	3039.19
821.60	2486.23
821.79	2731.99
821.97	3006.42
822.16	3209.17
822.34	2504.67
822.52	2578.39
822.71	3176.40
822.89	3030.99
823.07	2731.99
823.26	2502.62
823.44	2805.72
823.62	2768.85
823.81	2627.54
823.99	2387.93
824.18	3086.29
824.36	2684.89
824.54	2723.80
824.73	2674.65
824.91	3225.55
825.09	3051.47
825.28	2856.92
825.46	2785.24
825.64	3129.30
825.83	2908.12
826.01	2670.55
826.19	2514.91
826.38	2842.58
826.56	2881.49
826.74	2494.43
826.93	2557.91
827.11	2854.87
827.29	2971.60
827.48	2568.15
827.66	2584.54
827.84	2975.70
828.03	2797.53
828.21	2310.11
828.39	2367.45
828.57	3227.60
828.76	3071.95
828.94	2523.10
829.12	2889.68
829.31	2947.03
829.49	2777.05
829.67	2494.43
829.86	2490.33
830.04	2858.96
830.22	3067.86
830.40	2617.30
830.59	2633.69
830.77	2973.65
830.95	3002.32
831.14	2873.30
831.32	2398.17
831.50	2826.20
831.69	2957.27
831.87	2834.39
832.05	2541.53
832.23	2926.55
832.42	3123.15
832.60	2437.08
832.78	2430.94
832.96	4239.30
833.15	3035.09
833.33	2545.63
833.51	2797.53
833.70	3102.67
833.88	3002.32
834.06	2631.64
834.24	2510.81
834.43	3198.93
834.61	2957.27
834.79	2654.17
834.97	2971.60
835.16	3043.28
835.34	2826.20
835.52	2815.96
835.70	2469.85
835.89	2932.69
836.07	3108.82
836.25	2709.46
836.43	2467.80
836.62	2899.92
836.80	3002.32
836.98	2549.72
837.16	2428.89
837.34	2818.00
837.53	3049.43
837.71	2658.26
837.89	2791.38
838.07	3051.47
838.26	3067.86
838.44	2619.35
838.62	3223.50
838.80	3000.27
838.99	3102.67
839.17	2432.99
839.35	2746.33
839.53	3012.56
839.71	3135.44
839.90	2492.38
840.08	2670.55
840.26	3190.74
840.44	3059.67
840.62	2820.05
840.81	2389.98
840.99	3370.96
841.17	2916.31
841.35	2676.70
841.53	2576.34
841.72	3127.25
841.90	2877.40
842.08	2514.91
842.26	2475.99
842.44	2901.97
842.63	3184.59
842.81	2899.92
842.99	2727.89
843.17	2963.41
843.35	2979.79
843.53	2873.30
843.72	2645.98
843.90	3063.76
844.08	2854.87
844.26	2652.12
844.44	2617.30
844.62	3229.65
844.81	3063.76
844.99	2910.16
845.17	2551.77
845.35	3026.90
845.53	2895.83
845.71	4538.30
845.90	2639.83
846.08	2922.45
846.26	2775.00
846.44	2430.94
846.62	2594.78
846.80	2920.40
846.98	2775.00
847.17	3569.61
847.35	3043.28
847.53	3063.76
847.71	2895.83
847.89	3069.91
848.07	2463.71
848.25	2899.92
848.44	2785.24
848.62	2777.05
848.80	2514.91
848.98	2949.08
849.16	2932.69
849.34	2826.20
849.52	2580.44
849.70	2969.55
849.89	2973.65
850.07	2703.32
850.25	2803.67
850.43	2926.55
850.61	3024.85
850.79	2523.10
850.97	2625.50
851.15	3112.91
851.33	2891.73
851.52	2637.78
851.70	2850.77
851.88	3094.48
852.06	2910.16
852.24	2514.91
852.42	2840.53
852.60	3239.89
852.78	3170.26
852.96	2605.02
853.14	2756.57
853.33	3289.04
853.51	3018.71
853.69	2801.62
853.87	2744.28
854.05	2938.84
854.23	2715.61
854.41	2473.95
854.59	2723.80
854.77	3018.71
854.95	2932.69
855.13	2512.86
855.31	2760.66
855.49	2863.06
855.68	2795.48
855.86	2629.59
856.04	2969.55
856.22	2760.66
856.40	2947.03
856.58	2621.40
856.76	2703.32
856.94	2742.23
857.12	2979.79
857.30	2320.35
857.48	2643.93
857.66	3018.71
857.84	3403.72
858.02	2672.60
858.20	2901.97
858.38	2803.67
858.56	2975.70
858.74	2441.18
858.92	2588.63
859.10	3000.27
859.29	2998.23
859.47	2482.14
859.65	2875.35
859.83	2979.79
860.01	2883.54
860.19	2514.91
860.37	2719.70
860.55	3084.24
860.73	2901.97
860.91	2484.19
861.09	2987.99
861.27	2963.41
861.45	3119.06
861.63	2641.88
861.81	2920.40
861.99	2899.92
862.17	2764.76
862.35	2471.90
862.53	2572.25
862.71	3246.03
862.89	2848.72
863.07	2484.19
863.25	2830.29
863.43	2998.23
863.61	3092.43
863.79	2820.05
863.97	2818.00
864.15	2912.21
864.33	2711.51
864.51	2656.22
864.69	2457.56
864.87	3051.47
865.05	2879.44
865.23	2715.61
865.41	2658.26
865.59	3127.25
865.77	3014.61
865.95	2719.70
866.13	2437.08
866.30	2891.73
866.48	2643.93
866.66	2717.65
866.84	2711.51
867.02	2981.84
867.20	2795.48
867.38	2609.11
867.56	2650.07
867.74	3143.63
867.92	2949.08
868.10	2588.63
868.28	2543.58
868.46	3033.04
868.64	3080.14
868.82	2699.22
869.00	2588.63
869.18	2799.57
869.36	3033.04
869.54	2906.07
869.72	2842.58
869.89	2848.72
870.07	2813.91
870.25	2582.49
870.43	2684.89
870.61	2854.87
870.79	2944.98
870.97	2605.02
871.15	2764.76
871.33	3430.35
871.51	2908.12
871.69	2758.61
871.87	2650.07
872.05	3057.62
872.22	3186.64
872.40	2574.30
872.58	2748.37
872.76	3168.21
872.94	3022.80
873.12	2748.37
873.30	2426.84
873.48	3026.90
873.66	2924.50
873.84	2605.02
874.01	2592.73
874.19	2875.35
874.37	2832.34
874.55	2539.48
874.73	2580.44
874.91	3143.63
875.09	2803.67
875.27	2473.95
875.45	2584.54
875.62	3069.91
875.80	2809.81
875.98	2602.97
876.16	2863.06
876.34	3108.82
876.52	2711.51
876.70	2934.74
876.88	2475.99
877.05	3110.86
877.23	3102.67
877.41	2701.27
877.59	3104.72
877.77	3076.05
877.95	2736.09
878.13	2578.39
878.30	2600.92
878.48	2953.17
878.66	2983.89
878.84	2889.68
879.02	2592.73
879.20	2979.79
879.37	2992.08
879.55	2820.05
879.73	2822.10
879.91	2996.18
880.09	2920.40
880.27	3141.58
880.45	2580.44
880.62	2832.34
880.80	2760.66
880.98	2676.70
881.16	2701.27
881.34	2912.21
881.51	2850.77
881.69	2717.65
881.87	2559.96
882.05	2932.69
882.23	2727.89
882.41	2643.93
882.58	2727.89
882.76	2953.17
882.94	2727.89
883.12	2926.55
883.30	2930.64
883.47	3160.02
883.65	3004.37
883.83	2787.29
884.01	2605.02
884.19	2961.36
884.36	2887.64
884.54	2465.75
884.72	2928.60
884.90	2875.35
885.08	3061.71
885.25	3456.97
885.43	2648.02
885.61	2793.43
885.79	2908.12
885.97	2867.16
886.14	2852.82
886.32	2832.34
886.50	3243.98
886.68	2602.97
886.85	2658.26
887.03	3157.97
887.21	2965.46
887.39	2725.85
887.56	2940.88
887.74	2885.59
887.92	2815.96
888.10	2734.04
888.27	2736.09
888.45	3178.45
888.63	3135.44
888.81	2701.27
888.99	2617.30
889.16	2828.24
889.34	2863.06
889.52	2461.66
889.69	2662.36
889.87	3192.78
890.05	2891.73
890.23	2783.19
890.40	2551.77
890.58	2963.41
890.76	2949.08
890.94	2629.59
891.11	2654.17
891.29	2996.18
891.47	2785.24
891.65	2912.21
891.82	2928.60
892.00	2764.76
892.18	3028.95
892.35	2727.89
892.53	2711.51
892.71	3188.69
892.89	3071.95
893.06	2746.33
893.24	2736.09
893.42	2637.78
893.59	2893.78
893.77	2592.73
893.95	2758.61
894.13	2670.55
894.30	3112.91
894.48	2660.31
894.66	3213.26
894.83	2793.43
895.01	2912.21
895.19	2875.35
895.36	2691.03
895.54	3180.50
895.72	2990.03
895.89	2531.29
896.07	2611.16
896.25	3006.42
896.43	2770.90
896.60	2990.03
896.78	2772.95
896.96	3108.82
897.13	3012.56
897.31	2580.44
897.49	2789.33
897.66	3178.45
897.84	2901.97
898.02	2904.02
898.19	2805.72
898.37	2867.16
898.55	3125.20
898.72	2924.50
898.90	2826.20
899.07	2934.74
899.25	3098.58
899.43	2865.11
899.60	3276.75
899.78	2824.15
899.96	2695.13
900.13	2519.00
900.31	2858.96
900.49	2879.44
900.66	3117.01
900.84	2912.21
901.02	2965.46
901.19	3043.28
901.37	2762.71
901.54	2830.29
901.72	2486.23
901.90	2871.25
902.07	2916.31
902.25	2731.99
902.43	2734.04
902.60	3209.17
902.78	2725.85
902.95	2688.98
903.13	2668.50
903.31	2768.85
903.48	2822.10
903.66	2752.47
903.83	2904.02
904.01	2996.18
904.19	2848.72
904.36	2764.76
904.54	2514.91
904.71	3100.62
904.89	2764.76
905.07	2635.74
905.24	2652.12
905.42	2942.93
905.59	3190.74
905.77	2914.26
905.95	2668.50
906.12	2760.66
906.30	2992.08
906.47	2908.12
906.65	3086.29
906.82	3112.91
907.00	3215.31
907.18	2422.75
907.35	2682.84
907.53	3094.48
907.70	3053.52
907.88	2713.56
908.05	3739.59
908.23	3018.71
908.41	3008.47
908.58	2719.70
908.76	2359.26
908.93	3239.89
909.11	2947.03
909.28	2686.94
909.46	2676.70
909.63	3082.19
909.81	2981.84
909.99	2781.14
910.16	2625.50
910.34	2871.25
910.51	2975.70
910.69	2932.69
910.86	2508.76
911.04	3047.38
911.21	2609.11
911.39	3270.61
911.56	2486.23
911.74	2869.20
911.91	2990.03
912.09	2750.42
912.26	2594.78
912.44	2662.36
912.62	2758.61
912.79	2584.54
912.97	2838.48
913.14	3217.36
913.32	3035.09
913.49	2621.40
913.67	2766.81
913.84	2633.69
914.02	2772.95
914.19	2539.48
914.37	2762.71
914.54	2701.27
914.72	2629.59
914.89	2600.92
915.07	2912.21
915.24	2799.57
915.42	2918.36
915.59	2717.65
915.77	2854.87
915.94	3264.46
916.12	3198.93
916.29	2723.80
916.46	2811.86
916.64	2957.27
916.81	3203.02
916.99	2856.92
917.16	2678.74
917.34	3219.41
917.51	3033.04
917.69	2643.93
917.86	2562.01
918.04	2938.84
918.21	3092.43
918.39	2879.44
918.56	2740.18
918.74	2734.04
918.91	3227.60
919.08	2506.71
919.26	2901.97
919.43	2975.70
919.61	2977.75
919.78	2684.89
919.96	3051.47
920.13	3215.31
920.31	2897.88
920.48	2881.49
920.65	2736.09
920.83	3170.26
921.00	3053.52
921.18	2738.13
921.35	2834.39
921.53	2832.34
921.70	2772.95
921.88	2645.98
922.05	2484.19
922.22	2785.24
922.40	2875.35
922.57	2635.74
922.75	2478.04
922.92	2867.16
923.09	2858.96
923.27	2719.70
923.44	3026.90
923.62	2824.15
923.79	3108.82
923.96	2693.08
924.14	2553.82
924.31	3129.30
924.49	2904.02
924.66	2701.27
924.83	2787.29
925.01	2916.31
925.18	3243.98
925.36	2922.45
925.53	2564.06
925.70	2787.29
925.88	2602.97
926.05	2811.86
926.23	2922.45
926.40	2996.18
926.57	2979.79
926.75	2686.94
926.92	2441.18
927.09	2940.88
927.27	2695.13
927.44	2811.86
927.62	2539.48
927.79	3194.83
927.96	2680.79
928.14	2590.68
928.31	2744.28
928.48	3250.13
928.66	2830.29
928.83	2447.32
929.00	2686.94
929.18	2971.60
929.35	2975.70
929.52	2990.03
929.70	2631.64
929.87	2832.34
930.05	2750.42
930.22	2768.85
930.39	2691.03
930.57	2752.47
930.74	3293.13
930.91	2547.67
931.09	2879.44
931.26	2901.97
931.43	3000.27
931.61	2422.75
931.78	2754.52
931.95	2875.35
932.12	3282.89
932.30	2543.58
932.47	2998.23
932.64	2723.80
932.82	2744.28
932.99	2738.13
933.16	2637.78
933.34	2838.48
933.51	2912.21
933.68	2617.30
933.86	2918.36
934.03	2908.12
934.20	2729.94
934.38	2955.22
934.55	2512.86
934.72	3370.96
934.89	2957.27
935.07	2633.69
935.24	2969.55
935.41	2824.15
935.59	2897.88
935.76	2787.29
935.93	2740.18
936.10	2779.09
936.28	2858.96
936.45	2623.45
936.62	2766.81
936.79	3149.78
936.97	2789.33
937.14	2703.32
937.31	2760.66
937.49	2793.43
937.66	2924.50
937.83	2938.84
938.00	2899.92
938.18	3149.78
938.35	3033.04
938.52	2703.32
938.69	2758.61
938.87	2840.53
939.04	2852.82
939.21	2719.70
939.38	2717.65
939.56	2920.40
939.73	2576.34
939.90	2801.62
940.07	2711.51
940.25	2832.34
940.42	2967.51
940.59	2783.19
940.76	2660.31
940.94	2680.79
941.11	2729.94
941.28	2738.13
941.45	2842.58
941.62	2944.98
941.80	2752.47
941.97	2914.26
942.14	2562.01
942.31	3176.40
942.48	2725.85
942.66	2781.14
942.83	2930.64
943.00	2633.69
943.17	3076.05
943.35	2934.74
943.52	2738.13
943.69	2639.83
943.86	2758.61
944.03	2492.38
944.21	3041.23
944.38	2930.64
944.55	2818.00
944.72	2699.22
944.89	2553.82
945.06	2820.05
945.24	2772.95
945.41	3229.65
945.58	2691.03
945.75	3018.71
945.92	2723.80
946.10	3043.28
946.27	2523.10
946.44	2856.92
946.61	2725.85
946.78	3012.56
946.95	2547.67
947.13	2705.37
947.30	2709.46
947.47	2697.17
947.64	2848.72
947.81	3012.56
947.98	2838.48
948.16	2807.77
948.33	2713.56
948.50	2740.18
948.67	2832.34
948.84	2908.12
949.01	2707.41
949.18	2949.08
949.36	3059.67
949.53	2727.89
949.70	2736.09
949.87	2965.46
950.04	2705.37
950.21	2865.11
950.38	2662.36
950.56	2834.39
950.73	2936.79
950.90	2727.89
951.07	2832.34
951.24	2944.98
951.41	2756.57
951.58	2725.85
951.75	2793.43
951.92	2695.13
952.10	2748.37
952.27	2566.10
952.44	2867.16
952.61	3487.69
952.78	2779.09
952.95	2471.90
953.12	2901.97
953.29	2904.02
953.46	2729.94
953.64	2850.77
953.81	2643.93
953.98	2994.13
954.15	2715.61
954.32	2711.51
954.49	2521.05
954.66	2846.68
954.83	2826.20
955.00	2596.82
955.17	2822.10
955.34	2678.74
955.51	2777.05
955.69	3262.41
955.86	2684.89
956.03	2834.39
956.20	2912.21
956.37	2797.53
956.54	2535.39
956.71	2897.88
956.88	2738.13
957.05	2717.65
957.22	2559.96
957.39	2955.22
957.56	2750.42
957.73	2660.31
957.90	2643.93
958.07	3024.85
958.24	3012.56
958.41	2674.65
958.59	2729.94
958.76	3047.38
958.93	3157.97
959.10	2815.96
959.27	2584.54
959.44	2994.13
959.61	2717.65
959.78	2838.48
959.95	2658.26
960.12	3121.10
960.29	2930.64
960.46	2709.46
960.63	2437.08
960.80	3006.42
960.97	3002.32
961.14	2496.47
961.31	2758.61
961.48	3157.97
961.65	2938.84
961.82	2752.47
961.99	2830.29
962.16	2775.00
962.33	2838.48
962.50	2775.00
962.67	2686.94
962.84	2908.12
963.01	2764.76
963.18	2656.22
963.35	2607.06
963.52	2983.89
963.69	2850.77
963.86	2932.69
964.03	2777.05
964.20	3192.78
964.37	2930.64
964.54	2963.41
964.71	2785.24
964.88	2848.72
965.05	2924.50
965.22	2828.24
965.39	2889.68
965.56	2791.38
965.73	2811.86
965.90	2961.36
966.07	2605.02
966.24	2947.03
966.41	2775.00
966.58	2731.99
966.74	2969.55
966.91	3225.55
967.08	3166.16
967.25	2627.54
967.42	2660.31
967.59	3055.57
967.76	2637.78
967.93	2856.92
968.10	2826.20
968.27	2994.13
968.44	2867.16
968.61	2736.09
968.78	2531.29
968.95	2818.00
969.12	2879.44
969.29	2787.29
969.46	2609.11
969.62	3162.06
969.79	2711.51
969.96	2559.96
970.13	2549.72
970.30	2906.07
970.47	2936.79
970.64	2891.73
970.81	2832.34
970.98	2973.65
971.15	2838.48
971.32	2443.23
971.49	2938.84
971.65	3104.72
971.82	2914.26
971.99	2686.94
972.16	2949.08
972.33	2813.91
972.50	2834.39
972.67	2777.05
972.84	2785.24
973.01	2803.67
973.17	2969.55
973.34	2885.59
973.51	2815.96
973.68	2908.12
973.85	2760.66
974.02	2797.53
974.19	2650.07
974.36	3020.75
974.53	3033.04
974.69	2883.54
974.86	2580.44
975.03	3235.79
975.20	2826.20
975.37	2838.48
975.54	2846.68
975.71	2996.18
975.87	2885.59
976.04	2969.55
976.21	2748.37
976.38	2977.75
976.55	2801.62
976.72	2602.97
976.89	2961.36
977.05	2994.13
977.22	3014.61
977.39	2570.20
977.56	2885.59
977.73	2879.44
977.90	2709.46
978.06	2856.92
978.23	2881.49
978.40	2686.94
978.57	3084.24
978.74	2967.51
978.91	2897.88
979.07	2750.42
979.24	3047.38
979.41	2727.89
979.58	2828.24
979.75	3076.05
979.91	2719.70
980.08	2478.04
980.25	2779.09
980.42	3024.85
980.59	2873.30
980.75	2680.79
980.92	2742.23
981.09	2867.16
981.26	2967.51
981.43	3012.56
981.59	2787.29
981.76	2809.81
981.93	2693.08
982.10	2627.54
982.27	2688.98
982.43	3033.04
982.60	2660.31
982.77	2584.54
982.94	2715.61
983.11	2750.42
983.27	2621.40
983.44	2766.81
983.61	2815.96
983.78	3153.87
983.94	3057.62
984.11	2621.40
984.28	2803.67
984.45	3129.30
984.61	2615.26
984.78	2656.22
984.95	2607.06
985.12	2969.55
985.28	3184.59
985.45	2684.89
985.62	2621.40
985.79	2838.48
985.95	2793.43
986.12	2572.25
986.29	2648.02
986.46	3176.40
986.62	3096.53
986.79	2777.05
986.96	2498.52
987.13	2893.78
987.29	3082.19
987.46	2719.70
987.63	2633.69
987.80	2721.75
987.96	3252.17
988.13	2643.93
988.30	2695.13
988.46	2805.72
988.63	3018.71
988.80	2211.81
988.97	2201.57
989.13	2992.08
989.30	2971.60
989.47	2070.50
989.63	2121.70
989.80	3207.12
989.97	3028.95
990.13	2463.71
990.30	2709.46
990.47	2815.96
990.64	2811.86
990.80	2119.65
990.97	2351.07
991.14	2744.28
991.30	2889.68
991.47	2277.34
991.64	2349.02
991.80	2848.72
991.97	2873.30
992.14	2220.00
992.30	2725.85
992.47	2742.23
992.64	2877.40
992.80	2160.61
992.97	2211.81
993.14	3219.41
993.30	3710.92
993.47	2176.99
993.64	2322.40
993.80	3184.59
993.97	2961.36
994.14	2367.45
994.30	2645.98
994.47	2990.03
994.64	2822.10
994.80	2463.71
994.97	2369.50
995.14	3092.43
995.30	2883.54
995.47	2273.25
995.63	2418.65
995.80	2932.69
995.97	3250.13
996.13	2236.38
996.30	2277.34
996.47	2873.30
996.63	3420.11
996.80	2842.58
996.97	2553.82
997.13	3067.86
997.30	3194.83
997.46	2281.44
997.63	2492.38
997.80	3153.87
997.96	3078.10
998.13	2260.96
998.29	2275.29
998.46	2916.31
998.63	2818.00
998.79	2203.61
998.96	2496.47
999.12	3063.76
999.29	2748.37
999.46	2394.08
999.62	2643.93
999.79	2996.18
999.95	2908.12
1000.12	2293.72
1000.29	2475.99
1000.45	3039.19
1000.62	3057.62
1000.78	2349.02
1000.95	2306.01
1001.11	2969.55
1001.28	3020.75
1001.45	2289.63
1001.61	2719.70
1001.78	3096.53
1001.94	3028.95
1002.11	2508.76
1002.27	2619.35
1002.44	3098.58
1002.61	3010.51
1002.77	2263.01
1002.94	2269.15
1003.10	3037.14
1003.27	3035.09
1003.43	2342.88
1003.60	2430.94
1003.76	2908.12
1003.93	2932.69
1004.10	2461.66
1004.26	2562.01
1004.43	3121.10
1004.59	3325.90
1004.76	2336.73
1004.92	2334.68
1005.09	3284.94
1005.25	3096.53
1005.42	2273.25
1005.58	2572.25
1005.75	3004.37
1005.91	2961.36
1006.08	2574.30
1006.24	2269.15
1006.41	2936.79
1006.57	2840.53
1006.74	2211.81
1006.90	2512.86
1007.07	2844.63
1007.23	3336.14
1007.40	2414.56
1007.56	2260.96
1007.73	2785.24
1007.89	2994.13
1008.06	2580.44
1008.22	2471.90
1008.39	2818.00
1008.55	2899.92
1008.72	2447.32
1008.88	2377.69
1009.05	2793.43
1009.21	3129.30
1009.38	2084.83
1009.54	2351.07
1009.71	3194.83
1009.87	3215.31
1010.04	2086.88
1010.20	2596.82
1010.37	2682.84
1010.53	3133.39
1010.70	2414.56
1010.86	2310.11
1011.03	2775.00
1011.19	2762.71
1011.35	2521.05
1011.52	2398.17
1011.68	2883.54
1011.85	2861.01
1012.01	2656.22
1012.18	2521.05
1012.34	2875.35
1012.51	2928.60
1012.67	2400.22
1012.83	2326.49
1013.00	3026.90
1013.16	2818.00
1013.33	2273.25
1013.49	2764.76
1013.66	2996.18
1013.82	3413.96
1013.99	2301.92
1014.15	2422.75
1014.31	3102.67
1014.48	3047.38
1014.64	2426.84
1014.81	2457.56
1014.97	2785.24
1015.13	3069.91
1015.30	2375.64
1015.46	2496.47
1015.63	2766.81
1015.79	2885.59
1015.95	2203.61
1016.12	2342.88
1016.28	2850.77
1016.45	2879.44
1016.61	2469.85
1016.77	2453.47
1016.94	2797.53
1017.10	3006.42
1017.27	2340.83
1017.43	2281.44
1017.59	2832.34
1017.76	3065.81
1017.92	2244.57
1018.09	2269.15
1018.25	3129.30
1018.41	3084.24
1018.58	2512.86
1018.74	2389.98
1018.90	2873.30
1019.07	2987.99
1019.23	2197.47
1019.40	2273.25
1019.56	2867.16
1019.72	2674.65
1019.89	2447.32
1020.05	2899.92
1020.21	3004.37
1020.38	2901.97
1020.54	2156.51
1020.70	2392.03
1020.87	2895.83
1021.03	3041.23
1021.19	2336.73
1021.36	2256.86
1021.52	3112.91
1021.68	3233.74
1021.85	2820.05
1022.01	2459.61
1022.17	2981.84
1022.34	2949.08
1022.50	2308.06
1022.66	2473.95
1022.83	3129.30
1022.99	3014.61
1023.15	2254.81
1023.32	2596.82
1023.48	3012.56
1023.64	2889.68
1023.81	2187.23
1023.97	2590.68
1024.13	2899.92
1024.30	2893.78
1024.46	2551.77
1024.62	2349.02
1024.79	3000.27
1024.95	3135.44
1025.11	2162.66
1025.27	2473.95
1025.44	2754.52
1025.60	2854.87
1025.76	2424.80
1025.93	2285.53
1026.09	2850.77
1026.25	2899.92
1026.41	2506.71
1026.58	2258.91
1026.74	2824.15
1026.90	3071.95
1027.07	2645.98
1027.23	2207.71
1027.39	2861.01
1027.55	3143.63
1027.72	2435.03
1027.88	2469.85
1028.04	2922.45
1028.20	3108.82
1028.37	2037.73
1028.53	2523.10
1028.69	2752.47
1028.85	3121.10
1029.02	2525.15
1029.18	2367.45
1029.34	2799.57
1029.50	3104.72
1029.67	2541.53
1029.83	2441.18
1029.99	3069.91
1030.15	2916.31
1030.32	2263.01
1030.48	2478.04
1030.64	2899.92
1030.80	3205.07
1030.97	2631.64
1031.13	2453.47
1031.29	3037.14
1031.45	3022.80
1031.61	2424.80
1031.78	2400.22
1031.94	3266.51
1032.10	3086.29
1032.26	2465.75
1032.42	2484.19
1032.59	3153.87
1032.75	2840.53
1032.91	2441.18
1033.07	2363.36
1033.24	2826.20
1033.40	3473.36
1033.56	2482.14
1033.72	2258.91
1033.88	2990.03
1034.04	3250.13
1034.21	2562.01
1034.37	2564.06
1034.53	3024.85
1034.69	2805.72
1034.85	2295.77
1035.02	2416.60
1035.18	2881.49
1035.34	3178.45
1035.50	2250.72
1035.66	2445.27
1035.82	2897.88
1035.99	3239.89
1036.15	2432.99
1036.31	2623.45
1036.47	3014.61
1036.63	3522.51
1036.79	2889.68
1036.96	2637.78
1037.12	3160.02
1037.28	2787.29
1037.44	2220.00
1037.60	2365.40
1037.76	2957.27
1037.92	2934.74
1038.09	2154.46
1038.25	2619.35
1038.41	3133.39
1038.57	3127.25
1038.73	2357.21
1038.89	2371.55
1039.05	3157.97
1039.22	3026.90
1039.38	2398.17
1039.54	2727.89
1039.70	2924.50
1039.86	3190.74
1040.02	2363.36
1040.18	2375.64
1040.34	3006.42
1040.51	3112.91
1040.67	3088.34
1040.83	2750.42
1040.99	3112.91
1041.15	3284.94
1041.31	2287.58
1041.47	2621.40
1041.63	2959.31
