345.74	1366.00
345.96	1366.00
346.17	1366.00
346.39	1370.09
346.60	1357.80
346.81	2418.65
347.03	2473.95
347.24	3121.10
347.46	3170.26
347.67	2551.77
347.89	2408.41
348.10	2965.46
348.32	2793.43
348.53	2480.09
348.75	2475.99
348.96	2813.91
349.18	3188.69
349.39	2514.91
349.61	2383.84
349.82	2994.13
350.04	2994.13
350.25	2445.27
350.47	2602.97
350.68	3047.38
350.90	3246.03
351.11	2334.68
351.32	2494.43
351.54	3266.51
351.75	3174.35
351.97	2531.29
352.18	2439.13
352.40	2838.48
352.61	3135.44
352.83	2596.82
353.04	2340.83
353.26	3102.67
353.47	2879.44
353.69	2516.95
353.90	2494.43
354.11	2752.47
354.33	3360.72
354.54	2236.38
354.76	2463.71
354.97	2793.43
355.19	3096.53
355.40	2369.50
355.62	2924.50
355.83	2955.22
356.04	3014.61
356.26	2402.27
356.47	2598.87
356.69	2723.80
356.90	3446.73
357.12	2555.86
357.33	2332.64
357.55	2914.26
357.76	3047.38
357.97	2285.53
358.19	2519.00
358.40	2695.13
358.62	3233.74
358.83	2461.66
359.05	2639.83
359.26	2858.96
359.47	2996.18
359.69	2613.21
359.90	2848.72
360.12	2881.49
360.33	2881.49
360.55	2310.11
360.76	2613.21
360.97	3039.19
361.19	3194.83
361.40	2336.73
361.62	2578.39
361.83	3192.78
362.04	3243.98
362.26	2506.71
362.47	2512.86
362.69	2856.92
362.90	3037.14
363.12	2406.36
363.33	2437.08
363.54	2947.03
363.76	3094.48
363.97	2469.85
364.19	2506.71
364.40	3293.13
364.61	2899.92
364.83	2234.33
365.04	2580.44
365.26	2822.10
365.47	3241.93
365.68	2496.47
365.90	2557.91
366.11	2938.84
366.33	3198.93
366.54	2392.03
366.75	2308.06
366.97	2701.27
367.18	2957.27
367.40	2521.05
367.61	2494.43
367.82	2973.65
368.04	3053.52
368.25	2488.28
368.46	2422.75
368.68	2918.36
368.89	3231.69
369.11	2441.18
369.32	2490.33
369.53	3295.18
369.75	3078.10
369.96	2822.10
370.18	2605.02
370.39	2885.59
370.60	2861.01
370.82	2432.99
371.03	2404.32
371.24	3276.75
371.46	2842.58
371.67	2535.39
371.88	2410.46
372.10	2682.84
372.31	2656.22
372.53	2260.96
372.74	2531.29
372.95	2775.00
373.17	2717.65
373.38	2635.74
373.59	2643.93
373.81	2955.22
374.02	3157.97
374.23	2478.04
374.45	2820.05
374.66	3045.33
374.88	2973.65
375.09	2406.36
375.30	2772.95
375.52	2854.87
375.73	3227.60
375.94	2385.88
376.16	2754.52
376.37	3055.57
376.58	3125.20
376.80	2711.51
377.01	2678.74
377.22	3383.24
377.44	3188.69
377.65	2602.97
377.86	2275.29
378.08	2983.89
378.29	2764.76
378.50	2609.11
378.72	2387.93
378.93	3411.92
379.14	3168.21
379.36	2820.05
379.57	2609.11
379.78	2607.06
380.00	3082.19
380.21	2277.34
380.42	2297.82
380.64	2703.32
380.85	2740.18
381.06	2559.96
381.28	2408.41
381.49	3325.90
381.70	2815.96
381.92	2416.60
382.13	2570.20
382.34	3368.91
382.56	3211.22
382.77	2502.62
382.98	2469.85
383.19	3030.99
383.41	2983.89
383.62	2475.99
383.83	2529.24
384.05	2932.69
384.26	3000.27
384.47	2623.45
384.69	2541.53
384.90	2832.34
385.11	3153.87
385.33	2400.22
385.54	2643.93
385.75	2705.37
385.96	3084.24
386.18	2957.27
386.39	2568.15
386.60	2811.86
386.82	3225.55
387.03	2410.46
387.24	2551.77
387.45	2826.20
387.67	2809.81
387.88	2635.74
388.09	2600.92
388.31	2848.72
388.52	2934.74
388.73	2799.57
388.94	2394.08
389.16	3213.26
389.37	2740.18
389.58	2598.87
389.80	2480.09
390.01	2879.44
390.22	3092.43
390.43	2686.94
390.65	2629.59
390.86	2971.60
391.07	3039.19
391.29	2596.82
391.50	2263.01
391.71	3096.53
391.92	3047.38
392.14	2590.68
392.35	2695.13
392.56	2826.20
392.77	3061.71
392.99	2600.92
393.20	2342.88
393.41	2807.77
393.62	2867.16
393.84	2375.64
394.05	2480.09
394.26	3039.19
394.47	3217.36
394.69	2711.51
394.90	2740.18
395.11	2881.49
395.32	2815.96
395.54	2426.84
395.75	2379.74
395.96	2834.39
396.17	3327.95
396.39	2805.72
396.60	2430.94
396.81	3014.61
397.02	2953.17
397.24	2701.27
397.45	2818.00
397.66	2891.73
397.87	3151.82
398.09	2639.83
398.30	2475.99
398.51	3090.38
398.72	2775.00
398.94	2473.95
399.15	2934.74
399.36	2990.03
399.57	3162.06
399.79	2637.78
400.00	2875.35
400.21	2572.25
400.42	3006.42
400.63	2543.58
400.85	2795.48
401.06	2906.07
401.27	2983.89
401.48	3088.34
401.70	2512.86
401.91	3252.17
402.12	3112.91
402.33	2734.04
402.54	2453.47
402.76	2928.60
402.97	3215.31
403.18	2498.52
403.39	2519.00
403.60	3014.61
403.82	2858.96
404.03	2246.62
404.24	2496.47
404.45	3053.52
404.66	3342.28
404.88	2283.49
405.09	2942.93
405.30	2987.99
405.51	2981.84
405.73	2527.19
405.94	2306.01
406.15	2854.87
406.36	2848.72
406.57	2516.95
406.78	2441.18
407.00	2867.16
407.21	3129.30
407.42	2387.93
407.63	2797.53
407.84	3131.34
408.06	2994.13
408.27	2326.49
408.48	2527.19
408.69	2938.84
408.90	2836.44
409.12	2281.44
409.33	2432.99
409.54	2777.05
409.75	2879.44
409.96	2496.47
410.17	2750.42
410.39	2818.00
410.60	3297.23
410.81	2611.16
411.02	2787.29
411.23	4480.96
411.44	2709.46
411.66	2504.67
411.87	2838.48
412.08	3315.66
412.29	2738.13
412.50	2414.56
412.71	2478.04
412.93	2832.34
413.14	2947.03
413.35	2605.02
413.56	2373.60
413.77	2940.88
413.98	2869.20
414.20	2439.13
414.41	2633.69
414.62	2881.49
414.83	2746.33
415.04	2490.33
415.25	2596.82
415.46	3207.12
415.68	2947.03
415.89	2301.92
416.10	2621.40
416.31	2652.12
416.52	3043.28
416.73	2633.69
416.94	2463.71
417.16	2951.12
417.37	2987.99
417.58	2668.50
417.79	2371.55
418.00	2871.25
418.21	2822.10
418.42	2711.51
418.64	2432.99
418.85	2703.32
419.06	3000.27
419.27	2359.26
419.48	2582.49
419.69	2973.65
419.90	2660.31
420.11	2463.71
420.33	2410.46
420.54	3284.94
420.75	3084.24
420.96	2361.31
421.17	2625.50
421.38	3006.42
421.59	2731.99
421.80	2410.46
422.02	2473.95
422.23	2889.68
422.44	3135.44
422.65	2420.70
422.86	2478.04
423.07	2703.32
423.28	2947.03
423.49	2258.91
423.70	2555.86
423.92	2729.94
424.13	3135.44
424.34	2375.64
424.55	2424.80
424.76	3184.59
424.97	3305.42
425.18	2289.63
425.39	2635.74
425.60	2721.75
425.81	2842.58
426.03	2629.59
426.24	2492.38
426.45	2918.36
426.66	3313.61
426.87	2502.62
427.08	2740.18
427.29	2959.31
427.50	2883.54
427.71	2351.07
427.92	2375.64
428.13	2729.94
428.34	2777.05
428.56	2789.33
428.77	2635.74
428.98	3315.66
429.19	2985.94
429.40	2596.82
429.61	2510.81
429.82	3051.47
430.03	2791.38
430.24	2594.78
430.45	2258.91
430.66	3006.42
430.87	2940.88
431.08	2609.11
431.30	2357.21
431.51	2940.88
431.72	3030.99
431.93	2703.32
432.14	2459.61
432.35	2928.60
432.56	3151.82
432.77	2504.67
432.98	2586.58
433.19	2936.79
433.40	2875.35
433.61	2371.55
433.82	2557.91
434.03	2727.89
434.24	2858.96
434.45	3028.95
434.66	2889.68
434.87	3127.25
435.09	2979.79
435.30	2605.02
435.51	2631.64
435.72	3014.61
435.93	2686.94
436.14	2607.06
436.35	2545.63
436.56	3086.29
436.77	2975.70
436.98	2463.71
437.19	2654.17
437.40	3227.60
437.61	2906.07
437.82	2584.54
438.03	2473.95
438.24	2883.54
438.45	2895.83
438.66	2441.18
438.87	2365.40
439.08	2828.24
439.29	2858.96
439.50	2744.28
439.71	3002.32
439.92	2736.09
440.13	2668.50
440.34	2584.54
440.55	2682.84
440.76	2750.42
440.97	3055.57
441.18	2736.09
441.39	2527.19
441.60	2832.34
441.81	2752.47
442.02	2605.02
442.23	2615.26
442.44	2990.03
442.65	2672.60
442.86	2725.85
443.07	2736.09
443.28	2824.15
443.49	2891.73
443.70	2738.13
443.91	2482.14
444.12	2768.85
444.33	2727.89
444.54	2645.98
444.75	2543.58
444.96	3039.19
445.17	3078.10
445.38	2818.00
445.59	2602.97
445.80	2834.39
446.01	2662.36
446.22	3006.42
446.43	2498.52
446.64	2645.98
446.85	2867.16
447.06	2660.31
447.27	2584.54
447.48	3022.80
447.69	2715.61
447.90	2701.27
448.11	2324.44
448.32	2852.82
448.53	2643.93
448.74	2924.50
448.95	2662.36
449.16	2707.41
449.37	2803.67
449.58	2621.40
449.79	2422.75
450.00	2588.63
450.21	2656.22
450.42	2656.22
450.63	2594.78
450.84	2693.08
451.05	2631.64
451.26	2619.35
451.47	2742.23
451.68	2871.25
451.89	2709.46
452.10	2541.53
452.30	2815.96
452.51	2695.13
452.72	2539.48
452.93	2557.91
453.14	2623.45
453.35	2707.41
453.56	2883.54
453.77	2627.54
453.98	2584.54
454.19	2961.36
454.40	2703.32
454.61	2619.35
454.82	2654.17
455.03	2482.14
455.24	2637.78
455.45	2713.56
455.66	2756.57
455.87	2723.80
456.07	2648.02
456.28	2559.96
456.49	2344.92
456.70	2842.58
456.91	2695.13
457.12	2537.43
457.33	2445.27
457.54	2764.76
457.75	2924.50
457.96	2885.59
458.17	2699.22
458.38	2650.07
458.59	2531.29
458.79	2420.70
459.00	2365.40
459.21	2758.61
459.42	2496.47
459.63	2467.80
459.84	2377.69
460.05	3526.60
460.26	2791.38
460.47	2541.53
460.68	2480.09
460.89	2926.55
461.09	2877.40
461.30	2668.50
461.51	2564.06
461.72	2973.65
461.93	2793.43
462.14	2527.19
462.35	2318.30
462.56	2848.72
462.77	2451.42
462.98	2867.16
463.18	2627.54
463.39	2820.05
463.60	2889.68
463.81	2471.90
464.02	2901.97
464.23	2826.20
464.44	3227.60
464.65	2568.15
464.86	2432.99
465.06	2441.18
465.27	2660.31
465.48	2387.93
465.69	2574.30
465.90	2826.20
466.11	2582.49
466.32	2404.32
466.53	2490.33
466.74	2889.68
466.94	2721.75
467.15	2609.11
467.36	2539.48
467.57	2867.16
467.78	2756.57
467.99	2613.21
468.20	3006.42
468.40	2578.39
468.61	2562.01
468.82	2611.16
469.03	3016.66
469.24	2924.50
469.45	2633.69
469.66	2627.54
469.86	2494.43
470.07	2858.96
470.28	2719.70
470.49	2392.03
470.70	2562.01
470.91	2609.11
471.12	2777.05
471.32	2553.82
471.53	2609.11
471.74	2734.04
471.95	2715.61
472.16	2555.86
472.37	2613.21
472.58	2887.64
472.78	2533.34
472.99	2668.50
473.20	2562.01
473.41	2688.98
473.62	2584.54
473.83	3069.91
474.03	2707.41
474.24	2650.07
474.45	2709.46
474.66	2539.48
474.87	2541.53
475.08	2709.46
475.28	2834.39
475.49	2869.20
475.70	2523.10
475.91	2842.58
476.12	2768.85
476.32	2531.29
476.53	2703.32
476.74	2875.35
476.95	2715.61
477.16	2461.66
477.37	2621.40
477.57	2777.05
477.78	2619.35
477.99	2611.16
478.20	2566.10
478.41	3065.81
478.61	2848.72
478.82	2838.48
479.03	2500.57
479.24	2805.72
479.45	2672.60
479.65	2590.68
479.86	2727.89
480.07	2791.38
480.28	2645.98
480.49	3610.57
480.69	2523.10
480.90	2797.53
481.11	2736.09
481.32	2361.31
481.53	2635.74
481.73	2750.42
481.94	2709.46
482.15	2527.19
482.36	2582.49
482.57	2613.21
482.77	3063.76
482.98	2789.33
483.19	2557.91
483.40	2539.48
483.60	2709.46
483.81	2654.17
484.02	2752.47
484.23	2686.94
484.44	2492.38
484.64	2688.98
484.85	2557.91
485.06	2795.48
485.27	2731.99
485.47	2695.13
485.68	2574.30
485.89	2832.34
486.10	2944.98
486.31	2863.06
486.51	2639.83
486.72	2764.76
486.93	2707.41
487.14	2525.15
487.34	2424.80
487.55	2695.13
487.76	2815.96
487.97	2678.74
488.17	2633.69
488.38	2746.33
488.59	2709.46
488.80	2768.85
489.00	2736.09
489.21	2944.98
489.42	2674.65
489.63	2842.58
489.83	2701.27
490.04	2635.74
490.25	2719.70
490.46	2605.02
490.66	2848.72
490.87	2754.52
491.08	2605.02
491.29	2523.10
491.49	2613.21
491.70	2746.33
491.91	2654.17
492.11	2740.18
492.32	2652.12
492.53	2392.03
492.74	2914.26
492.94	2979.79
493.15	2678.74
493.36	2734.04
493.57	2678.74
493.77	2719.70
493.98	2856.92
494.19	3014.61
494.39	2756.57
494.60	2461.66
494.81	2461.66
495.02	2883.54
495.22	2936.79
495.43	2441.18
495.64	2377.69
495.84	2580.44
496.05	3186.64
496.26	2793.43
496.47	2760.66
496.67	3170.26
496.88	2805.72
497.09	2719.70
497.29	2402.27
497.50	2553.82
497.71	2877.40
497.91	2408.41
498.12	2815.96
498.33	2652.12
498.54	2789.33
498.74	2549.72
498.95	2541.53
499.16	2815.96
499.36	2639.83
499.57	2459.61
499.78	2490.33
499.98	2592.73
500.19	2580.44
500.40	2523.10
500.60	2924.50
500.81	2697.17
501.02	2932.69
501.22	3104.72
501.43	2535.39
501.64	2672.60
501.85	2875.35
502.05	3274.70
502.26	2512.86
502.47	3131.34
502.67	2633.69
502.88	2641.88
503.09	2750.42
503.29	2514.91
503.50	2480.09
503.71	3030.99
503.91	2602.97
504.12	2711.51
504.33	2705.37
504.53	2711.51
504.74	2682.84
504.95	2985.94
505.15	2660.31
505.36	2875.35
505.56	2541.53
505.77	3119.06
505.98	2494.43
506.18	2930.64
506.39	2488.28
506.60	2594.78
506.80	2932.69
507.01	2695.13
507.22	2682.84
507.42	2881.49
507.63	2555.86
507.84	2711.51
508.04	2375.64
508.25	3061.71
508.45	3155.92
508.66	2686.94
508.87	2471.90
509.07	2791.38
509.28	2746.33
509.49	2586.58
509.69	2830.29
509.90	2701.27
510.11	2590.68
510.31	2568.15
510.52	2420.70
510.72	2744.28
510.93	2709.46
511.14	2613.21
511.34	2519.00
511.55	2650.07
511.76	3121.10
511.96	3024.85
512.17	2717.65
512.37	2965.46
512.58	2686.94
512.79	2555.86
512.99	2623.45
513.20	2744.28
513.40	2930.64
513.61	2740.18
513.82	2578.39
514.02	2547.67
514.23	2672.60
514.43	3014.61
514.64	2615.26
514.85	2873.30
515.05	2883.54
515.26	2711.51
515.46	2715.61
515.67	2955.22
515.88	2629.59
516.08	3129.30
516.29	2598.87
516.49	2818.00
516.70	2799.57
516.91	2717.65
517.11	2717.65
517.32	2752.47
517.52	2875.35
517.73	2506.71
517.93	2883.54
518.14	2856.92
518.35	2545.63
518.55	2457.56
518.76	2895.83
518.96	3006.42
519.17	2488.28
519.38	2695.13
519.58	2971.60
519.79	2826.20
519.99	2832.34
520.20	2627.54
520.40	2613.21
520.61	2842.58
520.82	3151.82
521.02	2932.69
521.23	2801.62
521.43	2926.55
521.64	2578.39
521.84	2674.65
522.05	2699.22
522.25	2564.06
522.46	2682.84
522.67	2785.24
522.87	2975.70
523.08	3088.34
523.28	2838.48
523.49	3061.71
523.69	2740.18
523.90	2824.15
524.10	2867.16
524.31	2686.94
524.51	2906.07
524.72	2996.18
524.93	2889.68
525.13	2678.74
525.34	2699.22
525.54	2867.16
525.75	3092.43
525.95	2660.31
526.16	3000.27
526.36	2850.77
526.57	3061.71
526.77	2355.16
526.98	3200.98
527.18	2744.28
527.39	2701.27
527.59	3080.14
527.80	2824.15
528.00	3006.42
528.21	2932.69
528.42	2930.64
528.62	2916.31
528.83	2678.74
529.03	3338.19
529.24	2932.69
529.44	2715.61
529.65	3047.38
529.85	2897.88
530.06	3157.97
530.26	2893.78
530.47	2959.31
530.67	3229.65
530.88	2686.94
531.08	2838.48
531.29	2834.39
531.49	2820.05
531.70	2920.40
531.90	2752.47
532.11	2770.90
532.31	2873.30
532.52	3069.91
532.72	2600.92
532.93	2981.84
533.13	2777.05
533.34	2684.89
533.54	3026.90
533.75	2637.78
533.95	2748.37
534.16	2801.62
534.36	2867.16
534.57	2979.79
534.77	3250.13
534.97	2990.03
535.18	2725.85
535.38	2793.43
535.59	2846.68
535.79	2920.40
536.00	2834.39
536.20	2957.27
536.41	2633.69
536.61	2994.13
536.82	2885.59
537.02	2957.27
537.23	3047.38
537.43	3102.67
537.64	2813.91
537.84	3104.72
538.05	3028.95
538.25	3160.02
538.45	2947.03
538.66	3186.64
538.86	3059.67
539.07	2875.35
539.27	2944.98
539.48	2975.70
539.68	3252.17
539.89	3065.81
540.09	3502.03
540.29	3231.69
540.50	2824.15
540.70	3174.35
540.91	2951.12
541.11	3311.57
541.32	3014.61
541.52	3102.67
541.73	3055.57
541.93	3039.19
542.13	3225.55
542.34	2992.08
542.54	3112.91
542.75	3190.74
542.95	3676.10
543.16	3137.49
543.36	3309.52
543.56	3205.07
543.77	3291.09
543.97	3413.96
544.18	3215.31
544.38	3342.28
544.59	3182.54
544.79	3121.10
544.99	3631.05
545.20	3653.58
545.40	3252.17
545.61	3209.17
545.81	3379.15
546.01	3657.67
546.22	3440.59
546.42	3297.23
546.63	3246.03
546.83	3473.36
547.04	3461.07
547.24	3370.96
547.44	3209.17
547.65	3489.74
547.85	3203.02
548.06	3192.78
548.26	3229.65
548.46	3932.10
548.67	3553.23
548.87	3440.59
549.08	3422.16
549.28	3512.27
549.48	3575.75
549.69	3772.36
549.89	3221.45
550.09	3829.70
550.30	3854.28
550.50	3309.52
550.71	3479.50
550.91	3690.44
551.11	3305.42
551.32	3919.81
551.52	3477.45
551.73	3825.61
551.93	3506.12
552.13	3985.35
552.34	3971.01
552.54	3559.37
552.74	3858.37
552.95	3563.47
553.15	3803.08
553.35	3776.45
553.56	3848.13
553.76	4063.17
553.97	3798.98
554.17	3858.37
554.37	3815.37
554.58	3956.68
554.78	3831.75
554.98	3940.29
555.19	3729.35
555.39	3858.37
555.59	3782.60
555.80	4001.73
556.00	3915.72
556.20	3964.87
556.41	3938.24
556.61	3932.10
556.82	3796.93
557.02	4132.80
557.22	3909.57
557.43	3839.94
557.63	4143.04
557.83	4038.59
558.04	4558.78
558.24	4036.55
558.44	4310.97
558.65	4005.83
558.85	3803.08
559.05	4265.92
559.26	4210.62
559.46	4067.27
559.66	3964.87
559.87	4290.49
560.07	4347.84
560.27	4628.41
560.48	4532.15
560.68	4407.23
560.88	4173.76
561.08	4515.77
561.29	4603.83
561.49	4333.50
561.69	4280.25
561.90	4888.50
562.10	4448.19
562.30	4808.63
562.51	4483.00
562.71	4497.34
562.91	4865.97
563.12	4497.34
563.32	4310.97
563.52	4659.13
563.72	4546.49
563.93	4609.98
564.13	4448.19
564.33	4904.89
564.54	4775.86
564.74	4650.94
564.94	4700.09
565.15	4483.00
565.35	4659.13
565.55	5070.77
565.75	4396.99
565.96	4874.17
566.16	4845.49
566.36	4693.94
566.57	4689.85
566.77	5283.76
566.97	4726.71
567.17	4976.56
567.38	4601.79
567.58	4825.01
567.78	4925.36
567.99	5388.21
568.19	4929.46
568.39	5078.96
568.59	5164.98
568.80	5001.14
569.00	5246.90
569.20	5099.44
569.40	4796.34
569.61	5242.80
569.81	5113.78
570.01	4995.00
570.21	4853.69
570.42	5519.28
570.62	4919.22
570.82	4951.99
571.02	4798.39
571.23	5025.72
571.43	5322.67
571.63	5216.18
571.84	4896.69
572.04	4845.49
572.24	5431.21
572.44	5320.62
572.64	5259.18
572.85	5193.65
573.05	5386.16
573.25	5633.96
573.45	4937.65
573.66	5834.66
573.86	5169.07
574.06	5326.77
574.26	5644.20
574.47	5300.14
574.67	5609.39
574.87	5230.51
575.07	5337.01
575.28	5386.16
575.48	5439.40
575.68	5504.94
575.88	5285.81
576.08	5623.72
576.29	5595.05
576.49	5533.61
576.69	5615.53
576.89	5390.25
577.10	5529.52
577.30	5767.08
577.50	5420.97
577.70	5390.25
577.90	5875.62
578.11	5781.42
578.31	5316.53
578.51	5750.70
578.71	5390.25
578.91	5762.98
579.12	5754.79
579.32	5578.67
579.52	7272.34
579.72	5687.21
579.92	5599.15
580.13	5797.80
580.33	5855.14
580.53	5689.26
580.73	5636.01
580.93	5859.24
581.14	5754.79
581.34	5857.19
581.54	5595.05
581.74	5830.57
581.94	5627.82
582.15	6082.47
582.35	5363.63
582.55	5842.85
582.75	6137.76
582.95	5795.75
583.15	5986.21
583.36	5926.82
583.56	5871.53
583.76	5613.48
583.96	5861.29
584.16	5916.58
584.37	5857.19
584.57	5889.96
584.77	5742.50
584.97	5740.46
585.17	5832.62
585.37	5863.33
585.57	5914.53
585.78	5492.65
585.98	5781.42
586.18	5840.81
586.38	5787.56
586.58	5535.66
586.78	5805.99
586.99	5777.32
587.19	5885.86
587.39	5906.34
587.59	5668.78
587.79	5787.56
587.99	5853.09
588.19	5885.86
588.40	5992.36
588.60	5791.66
588.80	6162.34
589.00	5603.24
589.20	5855.14
589.40	6086.56
589.60	5599.15
589.81	5953.45
590.01	5857.19
590.21	6289.31
590.41	5650.35
590.61	5928.87
590.81	5715.88
591.01	6139.81
591.22	5853.09
591.42	6344.61
591.62	6166.43
591.82	5984.16
592.02	6045.60
592.22	5996.45
592.42	6584.22
592.62	5808.04
592.82	5935.01
593.03	6145.95
593.23	5914.53
593.43	6066.08
593.63	5808.04
593.83	5945.25
594.03	6262.69
594.23	6041.51
594.43	5693.35
594.63	5734.31
594.84	5892.01
595.04	6182.82
595.24	6059.94
595.44	5978.02
595.64	6088.61
595.84	6068.13
596.04	6051.75
596.24	5959.59
596.44	5834.66
596.64	5773.22
596.84	5994.40
597.05	5963.68
597.25	6107.04
597.45	6076.32
597.65	5805.99
597.85	5865.38
598.05	5883.81
598.25	5719.98
598.45	5910.44
598.65	6004.64
598.85	5816.23
599.05	6354.85
599.25	5873.57
599.46	5724.07
599.66	6049.70
599.86	5885.86
600.06	5906.34
600.26	5873.57
600.46	5816.23
600.66	6100.90
600.86	6016.93
601.06	5691.31
601.26	5930.92
601.46	6053.80
601.66	5789.61
601.86	5724.07
602.06	5982.12
602.26	5590.95
602.46	5734.31
602.66	5664.68
602.87	5756.84
603.07	5959.59
603.27	5734.31
603.47	5701.54
603.67	6338.46
603.87	5990.31
604.07	5717.93
604.27	5683.11
604.47	5773.22
604.67	5670.83
604.87	5668.78
605.07	5719.98
605.27	5799.85
605.47	5715.88
605.67	5795.75
605.87	5705.64
606.07	6010.79
606.27	5654.44
606.47	5509.04
606.67	5492.65
606.87	5521.32
607.07	5799.85
607.27	5539.76
607.47	5705.64
607.67	5791.66
607.87	5543.85
608.07	5740.46
608.27	5699.50
608.47	5484.46
608.67	5984.16
608.87	5605.29
609.07	5805.99
609.27	5668.78
609.47	5691.31
609.67	5629.87
609.87	5666.73
610.07	5705.64
610.27	7866.25
610.47	5517.23
610.67	5638.06
610.87	5437.36
611.07	6057.89
611.27	5523.37
611.47	5689.26
611.67	5828.52
611.87	5564.33
612.07	5455.79
612.27	5420.97
612.47	5320.62
612.67	5539.76
612.87	5529.52
613.07	5412.78
613.27	5375.92
613.47	5660.59
613.67	5607.34
613.87	5597.10
614.07	5306.29
614.27	5285.81
614.47	5353.39
614.67	5504.94
614.87	5255.09
615.07	5451.69
615.27	5287.86
615.47	5306.29
615.67	5603.24
615.87	5191.60
616.07	5447.60
616.27	5472.17
616.47	5072.82
616.67	5152.69
616.87	5474.22
617.07	5011.38
617.27	5472.17
617.47	5259.18
617.66	5267.38
617.86	5154.74
618.06	5074.87
618.26	5095.35
618.46	5275.57
618.66	5420.97
618.86	5388.21
619.06	5201.84
619.26	5224.37
619.46	5214.13
619.66	5414.83
619.86	5408.69
620.06	5181.36
620.26	5318.57
620.46	6041.51
620.66	5750.70
620.85	5218.22
621.05	5543.85
621.25	5296.05
621.45	5038.00
621.65	5377.97
621.85	5107.63
622.05	5351.34
622.25	4865.97
622.45	4929.46
622.65	5042.10
622.85	4917.17
623.05	5144.50
623.25	5044.15
623.44	5369.77
623.64	4814.77
623.84	5085.11
624.04	4796.34
624.24	5009.33
624.44	5103.54
624.64	5052.34
624.84	4941.75
625.04	4882.36
625.24	4851.64
625.43	4921.27
625.63	5060.53
625.83	4861.88
626.03	4562.87
626.23	4970.42
626.43	4798.39
626.63	4710.33
626.83	4890.55
627.03	5017.52
627.22	4827.06
627.42	4853.69
627.62	4540.35
627.82	4831.16
628.02	4734.90
628.22	4585.40
628.42	4681.66
628.62	4409.28
628.82	4497.34
629.01	5201.84
629.21	4644.79
629.41	4947.89
629.61	4915.12
629.81	4779.96
630.01	4757.43
630.21	4988.85
630.40	4849.59
630.60	4806.58
630.80	4808.63
631.00	4734.90
631.20	4876.21
631.40	4650.94
631.60	4675.51
631.79	4528.06
631.99	4695.99
632.19	4825.01
632.39	4710.33
632.59	4710.33
632.79	4599.74
632.99	6463.39
633.18	4609.98
633.38	4517.82
633.58	4708.28
633.78	4544.44
633.98	4425.66
634.18	4437.95
634.37	5091.25
634.57	4552.63
634.77	5316.53
634.97	4444.09
635.17	4560.83
635.37	4886.45
635.56	4288.45
635.76	4564.92
635.96	4261.82
636.16	4462.52
636.36	4358.08
636.56	4276.16
636.75	4464.57
636.95	4573.11
637.15	4274.11
637.35	4372.41
637.55	4648.89
637.74	4642.75
637.94	4255.68
638.14	4470.72
638.34	4370.37
638.54	3997.64
638.73	4396.99
638.93	4431.80
639.13	4302.78
639.33	4390.84
639.53	4276.16
639.73	4169.66
639.92	4255.68
640.12	4069.31
640.32	4085.70
640.52	4362.17
640.71	4014.02
640.91	4224.96
641.11	4079.55
641.31	4186.05
641.51	4161.47
641.70	4376.51
641.90	4386.75
642.10	4186.05
642.30	4243.39
642.50	4173.76
642.69	4263.87
642.89	4077.51
643.09	4151.23
643.29	4300.73
643.48	4128.70
643.68	4331.45
643.88	4390.84
644.08	3741.64
644.28	4128.70
644.47	4220.86
644.67	3809.22
644.87	3903.43
645.07	4093.89
645.26	3948.48
645.46	3821.51
645.66	3928.00
645.86	4104.13
646.05	4366.27
646.25	4116.42
646.45	4130.75
646.65	4134.85
646.84	4083.65
647.04	3829.70
647.24	3985.35
647.44	3915.72
647.63	3936.20
647.83	4026.31
648.03	4005.83
648.23	3874.76
648.42	4018.11
648.62	3618.76
648.82	3676.10
649.02	3864.52
649.21	3899.33
649.41	4186.05
649.61	4124.61
649.80	3696.58
650.00	4210.62
650.20	3764.17
650.40	3811.27
650.59	4145.09
650.79	3788.74
650.99	4274.11
651.18	3663.82
651.38	3659.72
651.58	3921.86
651.78	3841.99
651.97	3899.33
652.17	3700.68
652.37	4102.08
652.56	3794.89
652.76	3948.48
652.96	3616.71
653.16	3930.05
653.35	3977.16
653.55	3977.16
653.75	3633.10
653.94	3956.68
654.14	3686.34
654.34	3801.03
654.54	3579.85
654.73	3973.06
654.93	3700.68
655.13	3897.28
655.32	3717.06
655.52	3817.41
655.72	3749.83
655.91	3608.52
656.11	3385.29
656.31	3788.74
656.50	3725.26
656.70	3569.61
656.90	3442.64
657.09	3825.61
657.29	3622.86
657.49	3512.27
657.68	3243.98
657.88	3551.18
658.08	3567.56
658.27	3913.67
658.47	3573.71
658.67	3715.02
658.86	3569.61
659.06	3524.55
659.26	3569.61
659.45	3487.69
659.65	3409.87
659.85	3624.90
660.04	3579.85
660.24	3456.97
660.44	3520.46
660.63	3483.59
660.83	3665.86
661.03	3772.36
661.22	3428.30
661.42	3645.38
661.62	3461.07
661.81	3715.02
662.01	3256.27
662.21	3270.61
662.40	3436.49
662.60	3825.61
662.79	3323.85
662.99	3672.01
663.19	3436.49
663.38	3618.76
663.58	3491.79
663.78	3626.95
663.97	3426.25
664.17	3706.82
664.36	3379.15
664.56	3563.47
664.76	3194.83
664.95	3454.92
665.15	3571.66
665.35	3518.41
665.54	3653.58
665.74	3573.71
665.93	3870.66
666.13	3432.40
666.33	3407.82
666.52	3391.44
666.72	3551.18
666.91	3225.55
667.11	3344.33
667.31	3502.03
667.50	3274.70
667.70	3534.79
667.89	3407.82
668.09	3559.37
668.29	3420.11
668.48	3303.37
668.68	3993.54
668.87	3330.00
669.07	3194.83
669.27	3473.36
669.46	3016.66
669.66	3254.22
669.85	2996.18
670.05	3524.55
670.25	3284.94
670.44	3211.22
670.64	3293.13
670.83	3547.08
671.03	3295.18
671.22	3303.37
671.42	3393.48
671.62	3020.75
671.81	3309.52
672.01	3481.55
672.20	3153.87
672.40	3254.22
672.59	3504.07
672.79	3424.20
672.99	3153.87
673.18	3444.68
673.38	3348.43
673.57	3569.61
673.77	3229.65
673.96	3123.15
674.16	3264.46
674.36	3569.61
674.55	3274.70
674.75	3274.70
674.94	3147.73
675.14	3430.35
675.33	3364.81
675.53	3280.85
675.72	3010.51
675.92	3715.02
676.11	3454.92
676.31	3137.49
676.50	3129.30
676.70	3534.79
676.90	3205.07
677.09	3286.99
677.29	3166.16
677.48	3237.84
677.68	3250.13
677.87	3053.52
678.07	3000.27
678.26	3356.62
678.46	3157.97
678.65	3117.01
678.85	3110.86
679.04	3340.24
679.24	2969.55
679.43	3000.27
679.63	2850.77
679.82	3588.04
680.02	3727.30
680.21	3151.82
680.41	2838.48
680.60	3334.09
680.80	3649.48
680.99	3256.27
681.19	3393.48
681.38	3362.76
681.58	3041.23
681.77	3448.78
681.97	3006.42
682.16	3397.58
682.36	3340.24
682.55	3102.67
682.75	2867.16
682.94	3286.99
683.14	3190.74
683.33	2803.67
683.53	3370.96
683.72	3309.52
683.92	3112.91
684.11	3301.33
684.31	2949.08
684.50	3071.95
684.70	3061.71
684.89	3071.95
685.09	2686.94
685.28	2973.65
685.48	3047.38
685.67	3047.38
685.87	2887.64
686.06	3215.31
686.26	3198.93
686.45	2965.46
686.64	2924.50
686.84	2932.69
687.03	3250.13
687.23	2977.75
687.42	3039.19
687.62	3092.43
687.81	3223.50
688.01	3002.32
688.20	3041.23
688.40	3438.54
688.59	3176.40
688.78	3129.30
688.98	3129.30
689.17	3313.61
689.37	3022.80
689.56	3024.85
689.76	3119.06
689.95	3250.13
690.15	2920.40
690.34	3256.27
690.53	3074.00
690.73	3004.37
690.92	2793.43
691.12	3022.80
691.31	3227.60
691.51	3264.46
691.70	3200.98
691.89	2879.44
692.09	2754.52
692.28	3141.58
692.48	3082.19
692.67	3205.07
692.87	2975.70
693.06	2944.98
693.25	2944.98
693.45	2942.93
693.64	3020.75
693.84	3225.55
694.03	3096.53
694.22	2922.45
694.42	2768.85
694.61	3047.38
694.81	4448.19
695.00	3069.91
695.19	2840.53
695.39	3289.04
695.58	3088.34
695.78	2908.12
695.97	2826.20
696.16	3418.06
696.36	3246.03
696.55	2973.65
696.75	2783.19
696.94	2795.48
697.13	3366.86
697.33	2842.58
697.52	2969.55
697.71	3082.19
697.91	3188.69
698.10	3444.68
698.30	2858.96
698.49	3260.37
698.68	2775.00
698.88	2809.81
699.07	3012.56
699.26	3567.56
699.46	2981.84
699.65	3108.82
699.85	3006.42
700.04	2897.88
700.23	2662.36
700.43	2885.59
700.62	2826.20
700.81	3047.38
701.01	2775.00
701.20	3045.33
701.39	2936.79
701.59	3035.09
701.78	2871.25
701.98	2832.34
702.17	2805.72
702.36	3098.58
702.56	3055.57
702.75	2895.83
702.94	2953.17
703.14	4462.52
703.33	3012.56
703.52	6291.36
703.72	2742.23
703.91	3030.99
704.10	2729.94
704.30	2807.77
704.49	2711.51
704.68	2994.13
704.88	3276.75
705.07	3258.32
705.26	2875.35
705.46	2873.30
705.65	2949.08
705.84	2688.98
706.03	2842.58
706.23	2873.30
706.42	2863.06
706.61	2832.34
706.81	3176.40
707.00	3129.30
707.19	2861.01
707.39	2998.23
707.58	2701.27
707.77	2875.35
707.97	3241.93
708.16	2924.50
708.35	2983.89
708.55	2875.35
708.74	2879.44
708.93	3235.79
709.12	2938.84
709.32	2965.46
709.51	3221.45
709.70	3055.57
709.90	3043.28
710.09	2887.64
710.28	2912.21
710.47	2725.85
710.67	2789.33
710.86	3184.59
711.05	2744.28
711.25	2781.14
711.44	2586.58
711.63	3012.56
711.82	3071.95
712.02	3342.28
712.21	2740.18
712.40	3069.91
712.59	3168.21
712.79	3139.54
712.98	2738.13
713.17	3117.01
713.37	2858.96
713.56	2660.31
713.75	2756.57
713.94	2961.36
714.14	2887.64
714.33	3067.86
714.52	2729.94
714.71	2852.82
714.91	2912.21
715.10	3086.29
715.29	2682.84
715.48	2768.85
715.68	3129.30
715.87	2897.88
716.06	2936.79
716.25	2930.64
716.45	3039.19
716.64	2957.27
716.83	2897.88
717.02	3207.12
717.21	2990.03
717.41	3250.13
717.60	3119.06
717.79	2777.05
717.98	2834.39
718.18	2940.88
718.37	2789.33
718.56	3375.05
718.75	3280.85
718.94	2916.31
719.14	2695.13
719.33	3006.42
719.52	2990.03
719.71	2746.33
719.91	2605.02
720.10	3325.90
720.29	2865.11
720.48	2758.61
720.67	2938.84
720.87	3401.68
721.06	2699.22
721.25	3063.76
721.44	2596.82
721.63	2981.84
721.83	3176.40
722.02	2684.89
722.21	2742.23
722.40	2920.40
722.59	3012.56
722.79	2828.24
722.98	2850.77
723.17	2709.46
723.36	2752.47
723.55	2666.46
723.74	2551.77
723.94	3002.32
724.13	2703.32
724.32	2764.76
724.51	2885.59
724.70	2912.21
724.90	2785.24
725.09	3096.53
725.28	2944.98
725.47	2836.44
725.66	2955.22
725.85	2801.62
726.05	2881.49
726.24	2930.64
726.43	2873.30
726.62	3037.14
726.81	2629.59
727.00	2834.39
727.20	3006.42
727.39	2818.00
727.58	2629.59
727.77	2748.37
727.96	2768.85
728.15	3088.34
728.34	2709.46
728.54	2889.68
728.73	3137.49
728.92	2805.72
729.11	2791.38
729.30	2693.08
729.49	3012.56
729.68	2934.74
729.88	2756.57
730.07	2531.29
730.26	2652.12
730.45	3276.75
730.64	3284.94
730.83	2668.50
731.02	2428.89
731.21	3086.29
731.41	2992.08
731.60	2383.84
731.79	2811.86
731.98	3211.22
732.17	3071.95
732.36	2408.41
732.55	2416.60
732.74	3305.42
732.93	2971.60
733.13	2656.22
733.32	2555.86
733.51	2916.31
733.70	3391.44
733.89	2658.26
734.08	2660.31
734.27	2818.00
734.46	3133.39
734.65	2527.19
734.85	2652.12
735.04	2846.68
735.23	3174.35
735.42	2725.85
735.61	2250.72
735.80	2961.36
735.99	3157.97
736.18	3188.69
736.37	2408.41
736.56	3182.54
736.75	2811.86
736.94	2568.15
737.14	2396.12
737.33	2861.01
737.52	2676.70
737.71	2627.54
737.90	2717.65
738.09	3094.48
738.28	2955.22
738.47	2699.22
738.66	2760.66
738.85	3135.44
739.04	2840.53
739.23	2725.85
739.42	2258.91
739.61	3055.57
739.80	2854.87
740.00	2457.56
740.19	2496.47
740.38	2867.16
740.57	2717.65
740.76	2447.32
740.95	2566.10
741.14	3211.22
741.33	3362.76
741.52	2609.11
741.71	2441.18
741.90	3039.19
742.09	3153.87
742.28	2447.32
742.47	2314.20
742.66	2797.53
742.85	2695.13
743.04	2316.25
743.23	2662.36
743.42	2994.13
743.61	2824.15
743.80	2484.19
743.99	2283.49
744.18	3112.91
744.37	2885.59
744.56	2564.06
744.75	2392.03
744.94	3166.16
745.13	2916.31
745.32	2168.80
745.51	2406.36
745.71	2955.22
745.90	2834.39
746.09	2613.21
746.28	2535.39
746.47	2881.49
746.66	3030.99
746.85	2684.89
747.04	2482.14
747.23	2850.77
747.42	3266.51
747.61	2318.30
747.80	2854.87
747.99	2973.65
748.18	2752.47
748.36	2357.21
748.55	2760.66
748.74	3233.74
748.93	3043.28
749.12	2441.18
749.31	2486.23
749.50	2824.15
749.69	3065.81
749.88	2439.13
750.07	2250.72
750.26	3272.65
750.45	2830.29
750.64	2265.05
750.83	2400.22
751.02	2861.01
751.21	3082.19
751.40	2529.24
751.59	2564.06
751.78	3082.19
751.97	3137.49
752.16	2793.43
752.35	2648.02
752.54	3063.76
752.73	3008.47
752.92	2443.23
753.11	2736.09
753.30	2736.09
753.49	2564.06
753.68	2619.35
753.87	2572.25
754.05	3119.06
754.24	2908.12
754.43	2781.14
754.62	2408.41
754.81	3545.03
755.00	3178.45
755.19	2430.94
755.38	2727.89
755.57	3041.23
755.76	3170.26
755.95	2600.92
756.14	2285.53
756.33	3114.96
756.52	2936.79
756.70	2490.33
756.89	2545.63
757.08	3153.87
757.27	3020.75
757.46	2478.04
757.65	2287.58
757.84	3141.58
758.03	2674.65
758.22	2459.61
758.41	2478.04
758.60	2723.80
758.79	2889.68
758.97	2682.84
759.16	2676.70
759.35	2949.08
759.54	2865.11
759.73	2406.36
759.92	2531.29
760.11	2682.84
760.30	2885.59
760.49	2496.47
760.67	2404.32
760.86	3110.86
761.05	3248.08
761.24	2494.43
761.43	2220.00
761.62	3045.33
761.81	3033.04
762.00	2564.06
762.19	2422.75
762.37	3016.66
762.56	3112.91
762.75	2265.05
762.94	2496.47
763.13	2686.94
763.32	2865.11
763.51	2252.77
763.70	2332.64
763.88	3297.23
764.07	2887.64
764.26	2453.47
764.45	2357.21
764.64	3094.48
764.83	3256.27
765.02	2535.39
765.20	2553.82
765.39	3028.95
765.58	3205.07
765.77	2701.27
765.96	2944.98
766.15	2887.64
766.33	2961.36
766.52	2713.56
766.71	2478.04
766.90	3334.09
767.09	2842.58
767.28	2236.38
767.46	2482.14
767.65	2785.24
767.84	2918.36
768.03	2420.70
768.22	2359.26
768.41	2645.98
768.59	2789.33
768.78	2449.37
768.97	2551.77
769.16	3274.70
769.35	2809.81
769.54	2441.18
769.72	2449.37
769.91	2904.02
770.10	3383.24
770.29	2326.49
770.48	2525.15
770.66	3053.52
770.85	2895.83
771.04	2594.78
771.23	2293.72
771.42	3237.84
771.60	3061.71
771.79	2562.01
771.98	2467.80
772.17	3061.71
772.36	3100.62
772.54	2271.20
772.73	2447.32
772.92	3129.30
773.11	2664.41
773.30	2512.86
773.48	2248.67
773.67	2891.73
773.86	2893.78
774.05	2377.69
774.23	2656.22
774.42	3080.14
774.61	3180.50
774.80	2430.94
774.99	2336.73
775.17	3086.29
775.36	2826.20
775.55	2525.15
775.74	2426.84
775.92	3041.23
776.11	2875.35
776.30	2865.11
776.49	2357.21
776.67	2785.24
776.86	2609.11
777.05	2416.60
777.24	2197.47
777.42	2891.73
777.61	2762.71
777.80	2707.41
777.99	2367.45
778.17	2777.05
778.36	2918.36
778.55	2365.40
778.74	2584.54
778.92	2863.06
779.11	3141.58
779.30	2553.82
779.49	2443.23
779.67	2947.03
779.86	2912.21
780.05	2361.31
780.24	2301.92
780.42	2965.46
780.61	2955.22
780.80	2586.58
780.98	2271.20
781.17	2891.73
781.36	2826.20
781.55	2578.39
781.73	2353.12
781.92	2983.89
782.11	2848.72
782.29	2365.40
782.48	2432.99
782.67	3160.02
782.86	3071.95
783.04	2492.38
783.23	2494.43
783.42	3010.51
783.60	3039.19
783.79	2473.95
783.98	2293.72
784.16	3043.28
784.35	2973.65
784.54	2537.43
784.73	2336.73
784.91	2998.23
785.10	2744.28
785.29	2535.39
785.47	2684.89
785.66	3047.38
785.85	2742.23
786.03	2387.93
786.22	2271.20
786.41	3119.06
786.59	2934.74
786.78	2234.33
786.97	2461.66
787.15	3035.09
787.34	2744.28
787.53	2394.08
787.71	2535.39
787.90	2891.73
788.09	2947.03
788.27	2666.46
788.46	2447.32
788.65	3045.33
788.83	2867.16
789.02	2258.91
789.21	2269.15
789.39	2609.11
789.58	3088.34
789.77	2439.13
789.95	2297.82
790.14	3305.42
790.33	2805.72
790.51	2308.06
790.70	2768.85
790.88	2869.20
791.07	2877.40
791.26	2828.24
791.44	2351.07
791.63	2865.11
791.82	2987.99
792.00	2293.72
792.19	2494.43
792.38	3164.11
792.56	2959.31
792.75	2572.25
792.93	2523.10
793.12	3063.76
793.31	2824.15
793.49	2777.05
793.68	2293.72
793.86	2777.05
794.05	3168.21
794.24	2500.57
794.42	2549.72
794.61	2910.16
794.80	2797.53
794.98	2766.81
795.17	2525.15
795.35	3194.83
795.54	2990.03
795.73	2555.86
795.91	3037.14
796.10	3012.56
796.28	2983.89
796.47	2299.87
796.66	2355.16
796.84	3389.39
797.03	2832.34
797.21	2197.47
797.40	2506.71
797.58	3252.17
797.77	2852.82
797.96	2660.31
798.14	2908.12
798.33	3221.45
798.51	3043.28
798.70	2310.11
798.88	2490.33
799.07	2877.40
799.26	2883.54
799.44	2590.68
799.63	2525.15
799.81	2693.08
800.00	2916.31
800.18	2830.29
800.37	2650.07
800.56	2801.62
800.74	2963.41
800.93	2449.37
801.11	2498.52
801.30	3014.61
801.48	2824.15
801.67	2539.48
801.85	2598.87
802.04	3084.24
802.22	2809.81
802.41	2545.63
802.60	2695.13
802.78	2942.93
802.97	2729.94
803.15	2588.63
803.34	2564.06
803.52	2865.11
803.71	3033.04
803.89	2236.38
804.08	2766.81
804.26	3209.17
804.45	2811.86
804.63	2566.10
804.82	2617.30
805.00	2895.83
805.19	3278.80
805.37	2410.46
805.56	2482.14
805.74	3256.27
805.93	2818.00
806.11	2617.30
806.30	2361.31
806.48	2891.73
806.67	3014.61
806.85	2555.86
807.04	2482.14
807.22	2775.00
807.41	2897.88
807.59	2869.20
807.78	2447.32
807.96	3207.12
808.15	2922.45
808.33	2715.61
808.52	2789.33
808.70	3211.22
808.89	3026.90
809.07	3035.09
809.26	2516.95
809.44	2932.69
809.63	3104.72
809.81	2910.16
810.00	2654.17
810.18	2977.75
810.37	2893.78
810.55	2707.41
810.74	2664.41
810.92	3127.25
811.11	3233.74
811.29	2179.04
811.48	2498.52
811.66	2766.81
811.84	2777.05
812.03	2602.97
812.21	2711.51
812.40	2899.92
812.58	2684.89
812.77	2758.61
812.95	2424.80
813.14	2869.20
813.32	2785.24
813.51	2586.58
813.69	2588.63
813.87	2762.71
814.06	2891.73
814.24	2611.16
814.43	2277.34
814.61	2953.17
814.80	3020.75
814.98	2420.70
815.16	2523.10
815.35	3211.22
815.53	3293.13
815.72	2609.11
815.90	2461.66
816.09	2922.45
816.27	2936.79
816.45	2633.69
816.64	2437.08
816.82	3309.52
817.01	2752.47
817.19	2475.99
817.37	2697.17
817.56	3135.44
817.74	2670.55
817.93	2818.00
818.11	2574.30
818.30	2801.62
818.48	2715.61
818.66	2613.21
818.85	2449.37
819.03	2815.96
819.21	2834.39
819.40	2650.07
819.58	3069.91
819.77	3024.85
819.95	3071.95
820.13	2910.16
820.32	2244.57
820.50	3178.45
820.69	3147.73
820.87	2539.48
821.05	2478.04
821.24	2990.03
821.42	3035.09
821.60	2465.75
821.79	2736.09
821.97	3018.71
822.16	3223.50
822.34	2551.77
822.52	2641.88
822.71	3176.40
822.89	3014.61
823.07	2775.00
823.26	2441.18
823.44	2815.96
823.62	2695.13
823.81	2645.98
823.99	2422.75
824.18	3033.04
824.36	2793.43
824.54	2703.32
824.73	2691.03
824.91	3266.51
825.09	3055.57
825.28	2807.77
825.46	2826.20
825.64	3080.14
825.83	2891.73
826.01	2748.37
826.19	2541.53
826.38	2912.21
826.56	2965.46
826.74	2463.71
826.93	2660.31
827.11	2934.74
827.29	2885.59
827.48	2584.54
827.66	2584.54
827.84	2949.08
828.03	2777.05
828.21	2373.60
828.39	2263.01
828.57	3186.64
828.76	3094.48
828.94	2473.95
829.12	2768.85
829.31	2920.40
829.49	2912.21
829.67	2439.13
829.86	2559.96
830.04	2875.35
830.22	3080.14
830.40	2463.71
830.59	2623.45
830.77	2996.18
830.95	3002.32
831.14	2875.35
831.32	2404.32
831.50	2832.34
831.69	2922.45
831.87	2815.96
832.05	2645.98
832.23	2908.12
832.42	3192.78
832.60	2471.90
832.78	2432.99
832.96	4157.38
833.15	3063.76
833.33	2473.95
833.51	2836.44
833.70	3010.51
833.88	2973.65
834.06	2750.42
834.24	2549.72
834.43	3284.94
834.61	2846.68
834.79	2705.37
834.97	2959.31
835.16	3119.06
835.34	2785.24
835.52	2865.11
835.70	2416.60
835.89	2875.35
836.07	3192.78
836.25	2797.53
836.43	2461.66
836.62	2906.07
836.80	3039.19
836.98	2441.18
837.16	2480.09
837.34	2832.34
837.53	3108.82
837.71	2625.50
837.89	2877.40
838.07	3045.33
838.26	3059.67
838.44	2693.08
838.62	3145.68
838.80	2969.55
838.99	2973.65
839.17	2379.74
839.35	2715.61
839.53	3030.99
839.71	3071.95
839.90	2404.32
840.08	2594.78
840.26	3026.90
840.44	3012.56
840.62	2752.47
840.81	2404.32
840.99	3383.24
841.17	2942.93
841.35	2643.93
841.53	2496.47
841.72	3133.39
841.90	3039.19
842.08	2559.96
842.26	2537.43
842.44	3000.27
842.63	3217.36
842.81	2813.91
842.99	2750.42
843.17	3004.37
843.35	2985.94
843.53	2881.49
843.72	2664.41
843.90	3106.77
844.08	2842.58
844.26	2629.59
844.44	2691.03
844.62	3260.37
844.81	3176.40
844.99	3004.37
845.17	2607.06
845.35	2981.84
845.53	2928.60
845.71	4503.48
845.90	2578.39
846.08	2926.55
846.26	2818.00
846.44	2351.07
846.62	2553.82
846.80	2920.40
846.98	2699.22
847.17	3629.00
847.35	2967.51
847.53	2996.18
847.71	2918.36
847.89	2998.23
848.07	2549.72
848.25	2891.73
848.44	2791.38
848.62	2760.66
848.80	2568.15
848.98	2805.72
849.16	2961.36
849.34	2908.12
849.52	2588.63
849.70	3051.47
849.89	3024.85
850.07	2756.57
850.25	2834.39
850.43	2858.96
850.61	3094.48
850.79	2523.10
850.97	2680.79
851.15	3094.48
851.33	2922.45
851.52	2611.16
851.70	2879.44
851.88	3084.24
852.06	2932.69
852.24	2551.77
852.42	2815.96
852.60	3203.02
852.78	3260.37
852.96	2592.73
853.14	2699.22
853.33	3217.36
853.51	3028.95
853.69	2828.24
853.87	2760.66
854.05	2875.35
854.23	2578.39
854.41	2574.30
854.59	2678.74
854.77	3037.14
854.95	2981.84
855.13	2500.57
855.31	2758.61
855.49	2871.25
855.68	2830.29
855.86	2514.91
856.04	3033.04
856.22	2723.80
856.40	2906.07
856.58	2555.86
856.76	2723.80
856.94	2717.65
857.12	3033.04
857.30	2342.88
857.48	2588.63
857.66	2998.23
857.84	3383.24
858.02	2629.59
858.20	2908.12
858.38	2852.82
858.56	2914.26
858.74	2416.60
858.92	2482.14
859.10	3026.90
859.29	3020.75
859.47	2414.56
859.65	2887.64
859.83	2932.69
860.01	2961.36
860.19	2627.54
860.37	2650.07
860.55	3145.68
860.73	2850.77
860.91	2478.04
861.09	2990.03
861.27	2858.96
861.45	3012.56
861.63	2539.48
861.81	2889.68
861.99	2998.23
862.17	2832.34
862.35	2449.37
862.53	2645.98
862.71	3192.78
862.89	2926.55
863.07	2453.47
863.25	2793.43
863.43	3039.19
863.61	3065.81
863.79	2815.96
863.97	2756.57
864.15	2916.31
864.33	2717.65
864.51	2582.49
864.69	2482.14
864.87	3086.29
865.05	2818.00
865.23	2686.94
865.41	2623.45
865.59	3231.69
865.77	2908.12
865.95	2652.12
866.13	2449.37
866.30	2981.84
866.48	2719.70
866.66	2717.65
866.84	2688.98
867.02	2922.45
867.20	2740.18
867.38	2486.23
867.56	2602.97
867.74	3137.49
867.92	2957.27
868.10	2588.63
868.28	2496.47
868.46	2998.23
868.64	3112.91
868.82	2686.94
869.00	2537.43
869.18	2891.73
869.36	3178.45
869.54	2897.88
869.72	2852.82
869.89	2965.46
870.07	2793.43
870.25	2607.06
870.43	2691.03
870.61	2803.67
870.79	2901.97
870.97	2576.34
871.15	2770.90
871.33	3381.20
871.51	2879.44
871.69	2803.67
871.87	2629.59
872.05	3145.68
872.22	3192.78
872.40	2478.04
872.58	2832.34
872.76	3035.09
872.94	2998.23
873.12	2678.74
873.30	2473.95
873.48	3028.95
873.66	2906.07
873.84	2686.94
874.01	2596.82
874.19	2953.17
874.37	2848.72
874.55	2414.56
874.73	2555.86
874.91	3227.60
875.09	2815.96
875.27	2529.24
875.45	2645.98
875.62	2990.03
875.80	2873.30
875.98	2469.85
876.16	2840.53
876.34	3022.80
876.52	2744.28
876.70	3055.57
876.88	2496.47
877.05	3203.02
877.23	3059.67
877.41	2654.17
877.59	3186.64
877.77	3096.53
877.95	2701.27
878.13	2469.85
878.30	2568.15
878.48	2920.40
878.66	3006.42
878.84	2764.76
879.02	2637.78
879.20	3088.34
879.37	3043.28
879.55	2760.66
879.73	2834.39
879.91	2947.03
880.09	2895.83
880.27	3119.06
880.45	2537.43
880.62	2967.51
880.80	2809.81
880.98	2742.23
881.16	2652.12
881.34	2838.48
881.51	2705.37
881.69	2631.64
881.87	2545.63
882.05	2975.70
882.23	2686.94
882.41	2568.15
882.58	2619.35
882.76	2981.84
882.94	2791.38
883.12	2858.96
883.30	2895.83
883.47	3160.02
883.65	3022.80
883.83	2779.09
884.01	2672.60
884.19	2916.31
884.36	2891.73
884.54	2371.55
884.72	2983.89
884.90	2908.12
885.08	3078.10
885.25	3520.46
885.43	2678.74
885.61	2809.81
885.79	2895.83
885.97	2871.25
886.14	2789.33
886.32	2891.73
886.50	3325.90
886.68	2664.41
886.85	2594.78
887.03	3145.68
887.21	2969.55
887.39	2842.58
887.56	2926.55
887.74	3096.53
887.92	2924.50
888.10	2752.47
888.27	2734.04
888.45	3176.40
888.63	3145.68
888.81	2678.74
888.99	2637.78
889.16	2750.42
889.34	2840.53
889.52	2521.05
889.69	2701.27
889.87	3200.98
890.05	2879.44
890.23	2865.11
890.40	2543.58
890.58	2901.97
890.76	3018.71
890.94	2658.26
891.11	2662.36
891.29	2916.31
891.47	2897.88
891.65	2885.59
891.82	2840.53
892.00	2801.62
892.18	3043.28
892.35	2676.70
892.53	2697.17
892.71	3114.96
892.89	3108.82
893.06	2750.42
893.24	2719.70
893.42	2715.61
893.59	2936.79
893.77	2559.96
893.95	2676.70
894.13	2635.74
894.30	3110.86
894.48	2639.83
894.66	3160.02
894.83	2846.68
895.01	3000.27
895.19	2848.72
895.36	2711.51
895.54	3151.82
895.72	3067.86
895.89	2607.06
896.07	2727.89
896.25	3055.57
896.43	2758.61
896.60	2910.16
896.78	2715.61
896.96	3096.53
897.13	3026.90
897.31	2584.54
897.49	2711.51
897.66	3149.78
897.84	2987.99
898.02	2797.53
898.19	2834.39
898.37	2897.88
898.55	3088.34
898.72	2908.12
898.90	2770.90
899.07	2940.88
899.25	2893.78
899.43	2873.30
899.60	3313.61
899.78	2750.42
899.96	2723.80
900.13	2648.02
900.31	2838.48
900.49	2869.20
900.66	3180.50
900.84	2858.96
901.02	2916.31
901.19	2992.08
901.37	2838.48
901.54	2832.34
901.72	2645.98
901.90	2979.79
902.07	2965.46
902.25	2725.85
902.43	2701.27
902.60	3143.63
902.78	2734.04
902.95	2744.28
903.13	2693.08
903.31	2885.59
903.48	2924.50
903.66	2838.48
903.83	2807.77
904.01	3002.32
904.19	2742.23
904.36	2711.51
904.54	2535.39
904.71	3028.95
904.89	2744.28
905.07	2703.32
905.24	2633.69
905.42	3002.32
905.59	3209.17
905.77	2932.69
905.95	2781.14
906.12	2791.38
906.30	2889.68
906.47	2973.65
906.65	3098.58
906.82	3174.35
907.00	3127.25
907.18	2414.56
907.35	2631.64
907.53	3047.38
907.70	3082.19
907.88	2691.03
908.05	3721.16
908.23	3022.80
908.41	3080.14
908.58	2752.47
908.76	2414.56
908.93	3246.03
909.11	3035.09
909.28	2699.22
909.46	2611.16
909.63	3123.15
909.81	3100.62
909.99	2740.18
910.16	2592.73
910.34	2824.15
910.51	2998.23
910.69	2803.67
910.86	2500.57
911.04	3039.19
911.21	2633.69
911.39	3231.69
911.56	2514.91
911.74	2930.64
911.91	2904.02
912.09	2660.31
912.26	2584.54
912.44	2576.34
912.62	2654.17
912.79	2598.87
912.97	2832.34
913.14	3217.36
913.32	3033.04
913.49	2691.03
913.67	2752.47
913.84	2547.67
914.02	2764.76
914.19	2664.41
914.37	2854.87
914.54	2818.00
914.72	2592.73
914.89	2584.54
915.07	3006.42
915.24	2834.39
915.42	2912.21
915.59	2717.65
915.77	2899.92
915.94	3223.50
916.12	3256.27
916.29	2670.55
916.46	2777.05
916.64	2940.88
916.81	3096.53
916.99	2701.27
917.16	2695.13
917.34	3227.60
917.51	3020.75
917.69	2678.74
917.86	2650.07
918.04	2838.48
918.21	3047.38
918.39	2850.77
918.56	2748.37
918.74	2686.94
918.91	3166.16
919.08	2502.62
919.26	2963.41
919.43	2889.68
919.61	2973.65
919.78	2713.56
919.96	3067.86
920.13	3139.54
920.31	2973.65
920.48	2846.68
920.65	2834.39
920.83	3178.45
921.00	2965.46
921.18	2746.33
921.35	2924.50
921.53	2793.43
921.70	2828.24
921.88	2682.84
922.05	2639.83
922.22	2842.58
922.40	2981.84
922.57	2715.61
922.75	2349.02
922.92	2965.46
923.09	2828.24
923.27	2719.70
923.44	3102.67
923.62	2797.53
923.79	3250.13
923.96	2654.17
924.14	2600.92
924.31	3071.95
924.49	2987.99
924.66	2717.65
924.83	2742.23
925.01	2869.20
925.18	3190.74
925.36	2916.31
925.53	2598.87
925.70	2793.43
925.88	2744.28
926.05	2709.46
926.23	2748.37
926.40	2990.03
926.57	2961.36
926.75	2752.47
926.92	2473.95
927.09	3020.75
927.27	2617.30
927.44	2813.91
927.62	2588.63
927.79	3170.26
927.96	2727.89
928.14	2588.63
928.31	2787.29
928.48	3252.17
928.66	2871.25
928.83	2539.48
929.00	2736.09
929.18	2885.59
929.35	2940.88
929.52	2889.68
929.70	2605.02
929.87	2795.48
930.05	2793.43
930.22	2781.14
930.39	2807.77
930.57	2813.91
930.74	3235.79
930.91	2734.04
931.09	2842.58
931.26	2928.60
931.43	2920.40
931.61	2478.04
931.78	2832.34
931.95	3006.42
932.12	3188.69
932.30	2461.66
932.47	2932.69
932.64	2691.03
932.82	2772.95
932.99	2746.33
933.16	2637.78
933.34	2869.20
933.51	2973.65
933.68	2572.25
933.86	2973.65
934.03	2916.31
934.20	2740.18
934.38	3028.95
934.55	2527.19
934.72	3338.19
934.89	3151.82
935.07	2709.46
935.24	2858.96
935.41	2848.72
935.59	2938.84
935.76	2701.27
935.93	2715.61
936.10	2815.96
936.28	2928.60
936.45	2693.08
936.62	2742.23
936.79	3139.54
936.97	2826.20
937.14	2770.90
937.31	2885.59
937.49	2711.51
937.66	2920.40
937.83	2996.18
938.00	2854.87
938.18	3061.71
938.35	3033.04
938.52	2695.13
938.69	2768.85
938.87	2879.44
939.04	2940.88
939.21	2672.60
939.38	2664.41
939.56	2842.58
939.73	2537.43
939.90	2742.23
940.07	2674.65
940.25	2998.23
940.42	3002.32
940.59	2799.57
940.76	2654.17
940.94	2772.95
941.11	2793.43
941.28	2875.35
941.45	2901.97
941.62	3051.47
941.80	2707.41
941.97	2893.78
942.14	2553.82
942.31	3186.64
942.48	2779.09
942.66	2713.56
942.83	2932.69
943.00	2498.52
943.17	3026.90
943.35	2940.88
943.52	2815.96
943.69	2736.09
943.86	2801.62
944.03	2514.91
944.21	3121.10
944.38	2889.68
944.55	2811.86
944.72	2783.19
944.89	2562.01
945.06	2772.95
945.24	2779.09
945.41	3061.71
945.58	2768.85
945.75	2953.17
945.92	2760.66
946.10	2981.84
946.27	2498.52
946.44	2858.96
946.61	2834.39
946.78	2990.03
946.95	2617.30
947.13	2729.94
947.30	2791.38
947.47	2627.54
947.64	2807.77
947.81	3088.34
947.98	2799.57
948.16	2752.47
948.33	2658.26
948.50	2736.09
948.67	2846.68
948.84	2906.07
949.01	2637.78
949.18	2920.40
949.36	3043.28
949.53	2738.13
949.70	2695.13
949.87	2942.93
950.04	2697.17
950.21	2863.06
950.38	2625.50
950.56	2850.77
950.73	2985.94
950.90	2695.13
951.07	2883.54
951.24	2957.27
951.41	2818.00
951.58	2742.23
951.75	2772.95
951.92	2764.76
952.10	2867.16
952.27	2471.90
952.44	2799.57
952.61	3454.92
952.78	2881.49
952.95	2496.47
953.12	2842.58
953.29	2908.12
953.46	2674.65
953.64	2908.12
953.81	2619.35
953.98	2973.65
954.15	2764.76
954.32	2752.47
954.49	2494.43
954.66	2879.44
954.83	2750.42
955.00	2643.93
955.17	2830.29
955.34	2760.66
955.51	2842.58
955.69	3334.09
955.86	2813.91
956.03	2824.15
956.20	2891.73
956.37	2858.96
956.54	2609.11
956.71	2852.82
956.88	2678.74
957.05	2727.89
957.22	2570.20
957.39	3026.90
957.56	2699.22
957.73	2570.20
957.90	2576.34
958.07	3112.91
958.24	3117.01
958.41	2660.31
958.59	2752.47
958.76	3047.38
958.93	3100.62
959.10	2734.04
959.27	2637.78
959.44	3057.62
959.61	2760.66
959.78	2820.05
959.95	2682.84
960.12	3129.30
960.29	2985.94
960.46	2615.26
960.63	2500.57
960.80	2879.44
960.97	2994.13
961.14	2504.67
961.31	2787.29
961.48	3131.34
961.65	3006.42
961.82	2795.48
961.99	2848.72
962.16	2785.24
962.33	3037.14
962.50	2873.30
962.67	2588.63
962.84	2916.31
963.01	2736.09
963.18	2594.78
963.35	2617.30
963.52	3055.57
963.69	2840.53
963.86	2985.94
964.03	2840.53
964.20	3342.28
964.37	3037.14
964.54	2981.84
964.71	2832.34
964.88	2832.34
965.05	2916.31
965.22	2787.29
965.39	2807.77
965.56	2822.10
965.73	2766.81
965.90	2979.79
966.07	2576.34
966.24	2924.50
966.41	2850.77
966.58	2791.38
966.74	3041.23
966.91	3235.79
967.08	3055.57
967.25	2666.46
967.42	2701.27
967.59	2990.03
967.76	2691.03
967.93	2856.92
968.10	2736.09
968.27	2947.03
968.44	2901.97
968.61	2764.76
968.78	2578.39
968.95	2734.04
969.12	2805.72
969.29	2815.96
969.46	2605.02
969.62	3102.67
969.79	2623.45
969.96	2602.97
970.13	2516.95
970.30	3030.99
970.47	2951.12
970.64	2951.12
970.81	2781.14
970.98	2947.03
971.15	2871.25
971.32	2551.77
971.49	2957.27
971.65	3112.91
971.82	2893.78
971.99	2834.39
972.16	3026.90
972.33	2904.02
972.50	2944.98
972.67	2824.15
972.84	2809.81
973.01	2742.23
973.17	2951.12
973.34	2983.89
973.51	2957.27
973.68	2873.30
973.85	2815.96
974.02	2904.02
974.19	2711.51
974.36	2899.92
974.53	3078.10
974.69	2858.96
974.86	2617.30
975.03	3254.22
975.20	2777.05
975.37	2875.35
975.54	2912.21
975.71	3012.56
975.87	2934.74
976.04	2883.54
976.21	2875.35
976.38	2940.88
976.55	2854.87
976.72	2537.43
976.89	2887.64
977.05	3026.90
977.22	3096.53
977.39	2559.96
977.56	2891.73
977.73	2936.79
977.90	2682.84
978.06	2779.09
978.23	2828.24
978.40	2797.53
978.57	3131.34
978.74	2944.98
978.91	2916.31
979.07	2793.43
979.24	3020.75
979.41	2725.85
979.58	2703.32
979.75	3100.62
979.91	2719.70
980.08	2463.71
980.25	2848.72
980.42	3096.53
980.59	2867.16
980.75	2631.64
980.92	2736.09
981.09	2785.24
981.26	2965.46
981.43	2875.35
981.59	2760.66
981.76	2756.57
981.93	2760.66
982.10	2619.35
982.27	2691.03
982.43	3041.23
982.60	2791.38
982.77	2625.50
982.94	2664.41
983.11	2783.19
983.27	2648.02
983.44	2742.23
983.61	2797.53
983.78	3250.13
983.94	3076.05
984.11	2594.78
984.28	2783.19
984.45	3168.21
984.61	2619.35
984.78	2637.78
984.95	2627.54
985.12	2928.60
985.28	3145.68
985.45	2723.80
985.62	2754.52
985.79	2875.35
985.95	2736.09
986.12	2502.62
986.29	2758.61
986.46	3137.49
986.62	3106.77
986.79	2760.66
986.96	2625.50
987.13	2965.46
987.29	3162.06
987.46	2666.46
987.63	2691.03
987.80	2643.93
987.96	3188.69
988.13	2625.50
988.30	2752.47
988.46	2752.47
988.63	2981.84
988.80	2154.46
988.97	2129.89
989.13	2947.03
989.30	2973.65
989.47	2150.37
989.63	2129.89
989.80	3198.93
989.97	3049.43
990.13	2383.84
990.30	2768.85
990.47	2803.67
990.64	2867.16
990.80	2189.28
990.97	2353.12
991.14	2777.05
991.30	2877.40
991.47	2285.53
991.64	2306.01
991.80	2912.21
991.97	2770.90
992.14	2111.46
992.30	2668.50
992.47	2813.91
992.64	2951.12
992.80	2113.50
992.97	2230.24
993.14	3284.94
993.30	3637.19
993.47	2205.66
993.64	2283.49
993.80	3198.93
993.97	2934.74
994.14	2383.84
994.30	2582.49
994.47	3090.38
994.64	2858.96
994.80	2432.99
994.97	2293.72
995.14	3037.14
995.30	2901.97
995.47	2463.71
995.63	2406.36
995.80	2883.54
995.97	3364.81
996.13	2293.72
996.30	2332.64
996.47	2871.25
996.63	3538.89
996.80	2705.37
996.97	2400.22
997.13	2932.69
997.30	3223.50
997.46	2285.53
997.63	2564.06
997.80	3104.72
997.96	3020.75
998.13	2310.11
998.29	2359.26
998.46	2887.64
998.63	2885.59
998.79	2150.37
998.96	2432.99
999.12	3147.73
999.29	2916.31
999.46	2400.22
999.62	2580.44
999.79	3100.62
999.95	2926.55
1000.12	2316.25
1000.29	2369.50
1000.45	2996.18
1000.62	3024.85
1000.78	2467.80
1000.95	2330.59
1001.11	2957.27
1001.28	3059.67
1001.45	2293.72
1001.61	2680.79
1001.78	3051.47
1001.94	3106.77
1002.11	2410.46
1002.27	2592.73
1002.44	3078.10
1002.61	3043.28
1002.77	2213.85
1002.94	2203.61
1003.10	3014.61
1003.27	3094.48
1003.43	2314.20
1003.60	2392.03
1003.76	2887.64
1003.93	2975.70
1004.10	2523.10
1004.26	2621.40
1004.43	3078.10
1004.59	3270.61
1004.76	2367.45
1004.92	2324.44
1005.09	3274.70
1005.25	3069.91
1005.42	2289.63
1005.58	2537.43
1005.75	3121.10
1005.91	3039.19
1006.08	2635.74
1006.24	2201.57
1006.41	2838.48
1006.57	2944.98
1006.74	2269.15
1006.90	2537.43
1007.07	2785.24
1007.23	3256.27
1007.40	2469.85
1007.56	2250.72
1007.73	2752.47
1007.89	3047.38
1008.06	2539.48
1008.22	2432.99
1008.39	2987.99
1008.55	2916.31
1008.72	2441.18
1008.88	2389.98
1009.05	2760.66
1009.21	3145.68
1009.38	2179.04
1009.54	2375.64
1009.71	3192.78
1009.87	3321.81
1010.04	2150.37
1010.20	2521.05
1010.37	2617.30
1010.53	3254.22
1010.70	2424.80
1010.86	2136.03
1011.03	2750.42
1011.19	2752.47
1011.35	2529.24
1011.52	2426.84
1011.68	2912.21
1011.85	2811.86
1012.01	2711.51
1012.18	2533.34
1012.34	2840.53
1012.51	2858.96
1012.67	2383.84
1012.83	2437.08
1013.00	3145.68
1013.16	2838.48
1013.33	2287.58
1013.49	2838.48
1013.66	3071.95
1013.82	3321.81
1013.99	2475.99
1014.15	2441.18
1014.31	3061.71
1014.48	3055.57
1014.64	2453.47
1014.81	2457.56
1014.97	2801.62
1015.13	3121.10
1015.30	2367.45
1015.46	2543.58
1015.63	2795.48
1015.79	2858.96
1015.95	2234.33
1016.12	2387.93
1016.28	2797.53
1016.45	2951.12
1016.61	2389.98
1016.77	2506.71
1016.94	2889.68
1017.10	3022.80
1017.27	2412.51
1017.43	2236.38
1017.59	2813.91
1017.76	3039.19
1017.92	2236.38
1018.09	2168.80
1018.25	3178.45
1018.41	3061.71
1018.58	2508.76
1018.74	2582.49
1018.90	2914.26
1019.07	3006.42
1019.23	2246.62
1019.40	2455.51
1019.56	2934.74
1019.72	2629.59
1019.89	2398.17
1020.05	2883.54
1020.21	3104.72
1020.38	2947.03
1020.54	2183.13
1020.70	2414.56
1020.87	2918.36
1021.03	3145.68
1021.19	2404.32
1021.36	2090.98
1021.52	3094.48
1021.68	3344.33
1021.85	2883.54
1022.01	2543.58
1022.17	2938.84
1022.34	2891.73
1022.50	2314.20
1022.66	2480.09
1022.83	3172.30
1022.99	3030.99
1023.15	2306.01
1023.32	2486.23
1023.48	2969.55
1023.64	2865.11
1023.81	2258.91
1023.97	2510.81
1024.13	2928.60
1024.30	2893.78
1024.46	2641.88
1024.62	2441.18
1024.79	2969.55
1024.95	3088.34
1025.11	2234.33
1025.27	2428.89
1025.44	2707.41
1025.60	2809.81
1025.76	2357.21
1025.93	2359.26
1026.09	2912.21
1026.25	2897.88
1026.41	2418.65
1026.58	2242.53
1026.74	2688.98
1026.90	3217.36
1027.07	2506.71
1027.23	2340.83
1027.39	2990.03
1027.55	3164.11
1027.72	2377.69
1027.88	2531.29
1028.04	2889.68
1028.20	3133.39
1028.37	2004.96
1028.53	2461.66
1028.69	2668.50
1028.85	3010.51
1029.02	2596.82
1029.18	2373.60
1029.34	2838.48
1029.50	3071.95
1029.67	2510.81
1029.83	2334.68
1029.99	2951.12
1030.15	2918.36
1030.32	2250.72
1030.48	2414.56
1030.64	2940.88
1030.80	3192.78
1030.97	2572.25
1031.13	2412.51
1031.29	3225.55
1031.45	3082.19
1031.61	2332.64
1031.78	2400.22
1031.94	3293.13
1032.10	3049.43
1032.26	2525.15
1032.42	2473.95
1032.59	3203.02
1032.75	2834.39
1032.91	2441.18
1033.07	2430.94
1033.24	2867.16
1033.40	3475.40
1033.56	2441.18
1033.72	2314.20
1033.88	3004.37
1034.04	3293.13
1034.21	2498.52
1034.37	2449.37
1034.53	2965.46
1034.69	2762.71
1034.85	2394.08
1035.02	2363.36
1035.18	2875.35
1035.34	3121.10
1035.50	2281.44
1035.66	2541.53
1035.82	2949.08
1035.99	3188.69
1036.15	2375.64
1036.31	2643.93
1036.47	3121.10
1036.63	3534.79
1036.79	2793.43
1036.96	2572.25
1037.12	3176.40
1037.28	2826.20
1037.44	2152.42
1037.60	2326.49
1037.76	2957.27
1037.92	2897.88
1038.09	2228.19
1038.25	2668.50
1038.41	3184.59
1038.57	3143.63
1038.73	2381.79
1038.89	2316.25
1039.05	3071.95
1039.22	3039.19
1039.38	2275.29
1039.54	2633.69
1039.70	3018.71
1039.86	3145.68
1040.02	2416.60
1040.18	2367.45
1040.34	2967.51
1040.51	3033.04
1040.67	3170.26
1040.83	2705.37
1040.99	3117.01
1041.15	3284.94
1041.31	2226.14
1041.47	2516.95
1041.63	2854.87
