345.74	1368.04
345.96	1368.04
346.17	1368.04
346.39	1331.18
346.60	1343.47
346.81	2465.75
347.03	2475.99
347.24	3127.25
347.46	3168.21
347.67	2523.10
347.89	2408.41
348.10	3030.99
348.32	2795.48
348.53	2432.99
348.75	2555.86
348.96	2736.09
349.18	3088.34
349.39	2422.75
349.61	2447.32
349.82	3074.00
350.04	3004.37
350.25	2471.90
350.47	2609.11
350.68	3057.62
350.90	3260.37
351.11	2408.41
351.32	2545.63
351.54	3219.41
351.75	3211.22
351.97	2478.04
352.18	2416.60
352.40	2863.06
352.61	3129.30
352.83	2633.69
353.04	2289.63
353.26	3127.25
353.47	2947.03
353.69	2465.75
353.90	2521.05
354.11	2748.37
354.33	3350.48
354.54	2160.61
354.76	2512.86
354.97	2842.58
355.19	3074.00
355.40	2334.68
355.62	2901.97
355.83	2893.78
356.04	3041.23
356.26	2412.51
356.47	2549.72
356.69	2727.89
356.90	3358.67
357.12	2478.04
357.33	2326.49
357.55	2912.21
357.76	2875.35
357.97	2338.78
358.19	2445.27
358.40	2701.27
358.62	3172.30
358.83	2422.75
359.05	2678.74
359.26	2832.34
359.47	2992.08
359.69	2602.97
359.90	2777.05
360.12	2824.15
360.33	2926.55
360.55	2373.60
360.76	2611.16
360.97	2985.94
361.19	3342.28
361.40	2400.22
361.62	2596.82
361.83	3192.78
362.04	3282.89
362.26	2445.27
362.47	2553.82
362.69	2856.92
362.90	3071.95
363.12	2301.92
363.33	2531.29
363.54	2938.84
363.76	3071.95
363.97	2545.63
364.19	2490.33
364.40	3252.17
364.61	2953.17
364.83	2207.71
365.04	2650.07
365.26	2973.65
365.47	3200.98
365.68	2475.99
365.90	2598.87
366.11	2920.40
366.33	3227.60
366.54	2416.60
366.75	2416.60
366.97	2686.94
367.18	2799.57
367.40	2600.92
367.61	2486.23
367.82	2996.18
368.04	3135.44
368.25	2574.30
368.46	2564.06
368.68	2889.68
368.89	3215.31
369.11	2537.43
369.32	2564.06
369.53	3203.02
369.75	3098.58
369.96	2863.06
370.18	2588.63
370.39	2834.39
370.60	2904.02
370.82	2396.12
371.03	2422.75
371.24	3303.37
371.46	2838.48
371.67	2547.67
371.88	2301.92
372.10	2727.89
372.31	2627.54
372.53	2297.82
372.74	2424.80
372.95	2770.90
373.17	2752.47
373.38	2654.17
373.59	2627.54
373.81	2963.41
374.02	3174.35
374.23	2418.65
374.45	2793.43
374.66	3047.38
374.88	3063.76
375.09	2408.41
375.30	2783.19
375.52	2971.60
375.73	3127.25
375.94	2344.92
376.16	2805.72
376.37	3092.43
376.58	3049.43
376.80	2637.78
377.01	2674.65
377.22	3454.92
377.44	3172.30
377.65	2637.78
377.86	2217.95
378.08	2899.92
378.29	2754.52
378.50	2539.48
378.72	2320.35
378.93	3358.67
379.14	3121.10
379.36	2846.68
379.57	2555.86
379.78	2611.16
380.00	2990.03
380.21	2277.34
380.42	2342.88
380.64	2688.98
380.85	2701.27
381.06	2586.58
381.28	2478.04
381.49	3420.11
381.70	2818.00
381.92	2383.84
382.13	2592.73
382.34	3340.24
382.56	3270.61
382.77	2510.81
382.98	2547.67
383.19	3123.15
383.41	3020.75
383.62	2453.47
383.83	2525.15
384.05	2865.11
384.26	3041.23
384.47	2596.82
384.69	2428.89
384.90	2951.12
385.11	3227.60
385.33	2457.56
385.54	2611.16
385.75	2848.72
385.96	3119.06
386.18	3006.42
386.39	2621.40
386.60	2748.37
386.82	3256.27
387.03	2621.40
387.24	2584.54
387.45	2912.21
387.67	2858.96
387.88	2699.22
388.09	2658.26
388.31	2777.05
388.52	2877.40
388.73	3014.61
388.94	2498.52
389.16	3196.88
389.37	2768.85
389.58	2574.30
389.80	2449.37
390.01	2865.11
390.22	3125.20
390.43	2625.50
390.65	2586.58
390.86	2850.77
391.07	3030.99
391.29	2574.30
391.50	2220.00
391.71	3088.34
391.92	3168.21
392.14	2600.92
392.35	2680.79
392.56	2734.04
392.77	3059.67
392.99	2594.78
393.20	2387.93
393.41	2852.82
393.62	2871.25
393.84	2432.99
394.05	2590.68
394.26	3057.62
394.47	3131.34
394.69	2760.66
394.90	2736.09
395.11	2944.98
395.32	2869.20
395.54	2498.52
395.75	2428.89
395.96	2811.86
396.17	3272.65
396.39	2895.83
396.60	2488.28
396.81	2944.98
397.02	2895.83
397.24	2760.66
397.45	2834.39
397.66	2850.77
397.87	3108.82
398.09	2652.12
398.30	2355.16
398.51	3028.95
398.72	2832.34
398.94	2521.05
399.15	2965.46
399.36	3004.37
399.57	3088.34
399.79	2631.64
400.00	2832.34
400.21	2652.12
400.42	3063.76
400.63	2490.33
400.85	2717.65
401.06	2901.97
401.27	2957.27
401.48	3061.71
401.70	2631.64
401.91	3332.05
402.12	3200.98
402.33	2815.96
402.54	2441.18
402.76	2924.50
402.97	3227.60
403.18	2473.95
403.39	2480.09
403.60	3022.80
403.82	2809.81
404.03	2226.14
404.24	2473.95
404.45	3039.19
404.66	3325.90
404.88	2324.44
405.09	2951.12
405.30	2951.12
405.51	2965.46
405.73	2445.27
405.94	2512.86
406.15	2848.72
406.36	2934.74
406.57	2578.39
406.78	2447.32
407.00	2944.98
407.21	3117.01
407.42	2402.27
407.63	2865.11
407.84	3100.62
408.06	2914.26
408.27	2435.03
408.48	2543.58
408.69	2957.27
408.90	2795.48
409.12	2414.56
409.33	2475.99
409.54	2674.65
409.75	2781.14
409.96	2564.06
410.17	2705.37
410.39	2775.00
410.60	3235.79
410.81	2596.82
411.02	2695.13
411.23	4421.56
411.44	2719.70
411.66	2562.01
411.87	2858.96
412.08	3289.04
412.29	2621.40
412.50	2410.46
412.71	2465.75
412.93	2805.72
413.14	2879.44
413.35	2609.11
413.56	2521.05
413.77	2940.88
413.98	2865.11
414.20	2394.08
414.41	2600.92
414.62	2932.69
414.83	2717.65
415.04	2467.80
415.25	2684.89
415.46	3141.58
415.68	2865.11
415.89	2273.25
416.10	2645.98
416.31	2684.89
416.52	3006.42
416.73	2498.52
416.94	2570.20
417.16	3047.38
417.37	2979.79
417.58	2639.83
417.79	2310.11
418.00	2914.26
418.21	2785.24
418.42	2641.88
418.64	2412.51
418.85	2711.51
419.06	2990.03
419.27	2439.13
419.48	2555.86
419.69	2914.26
419.90	2678.74
420.11	2426.84
420.33	2437.08
420.54	3237.84
420.75	3096.53
420.96	2336.73
421.17	2682.84
421.38	2944.98
421.59	2742.23
421.80	2351.07
422.02	2498.52
422.23	2908.12
422.44	3043.28
422.65	2439.13
422.86	2445.27
423.07	2717.65
423.28	2883.54
423.49	2183.13
423.70	2654.17
423.92	2762.71
424.13	3172.30
424.34	2392.03
424.55	2418.65
424.76	3102.67
424.97	3149.78
425.18	2385.88
425.39	2645.98
425.60	2793.43
425.81	2875.35
426.03	2600.92
426.24	2533.34
426.45	2891.73
426.66	3327.95
426.87	2539.48
427.08	2768.85
427.29	2998.23
427.50	2875.35
427.71	2424.80
427.92	2410.46
428.13	2725.85
428.34	2785.24
428.56	2768.85
428.77	2562.01
428.98	3313.61
429.19	2981.84
429.40	2635.74
429.61	2506.71
429.82	3000.27
430.03	2856.92
430.24	2660.31
430.45	2365.40
430.66	3080.14
430.87	2942.93
431.08	2541.53
431.30	2373.60
431.51	2955.22
431.72	2973.65
431.93	2682.84
432.14	2430.94
432.35	2932.69
432.56	3215.31
432.77	2529.24
432.98	2549.72
433.19	2916.31
433.40	2930.64
433.61	2387.93
433.82	2502.62
434.03	2736.09
434.24	2838.48
434.45	3012.56
434.66	2965.46
434.87	3110.86
435.09	2928.60
435.30	2670.55
435.51	2756.57
435.72	2938.84
435.93	2674.65
436.14	2594.78
436.35	2514.91
436.56	2998.23
436.77	2901.97
436.98	2457.56
437.19	2672.60
437.40	3143.63
437.61	2910.16
437.82	2586.58
438.03	2482.14
438.24	2918.36
438.45	2957.27
438.66	2418.65
438.87	2410.46
439.08	2793.43
439.29	2783.19
439.50	2707.41
439.71	2973.65
439.92	2719.70
440.13	2627.54
440.34	2555.86
440.55	2717.65
440.76	2688.98
440.97	3053.52
441.18	2707.41
441.39	2519.00
441.60	2824.15
441.81	2686.94
442.02	2656.22
442.23	2570.20
442.44	2998.23
442.65	2682.84
442.86	2629.59
443.07	2760.66
443.28	2805.72
443.49	2871.25
443.70	2740.18
443.91	2414.56
444.12	2750.42
444.33	2791.38
444.54	2734.04
444.75	2605.02
444.96	2953.17
445.17	3114.96
445.38	2858.96
445.59	2613.21
445.80	2844.63
446.01	2643.93
446.22	3028.95
446.43	2553.82
446.64	2633.69
446.85	2756.57
447.06	2686.94
447.27	2682.84
447.48	3012.56
447.69	2768.85
447.90	2578.39
448.11	2289.63
448.32	2770.90
448.53	2793.43
448.74	2705.37
448.95	2602.97
449.16	2713.56
449.37	2846.68
449.58	2467.80
449.79	2482.14
450.00	2478.04
450.21	2650.07
450.42	2643.93
450.63	2555.86
450.84	2664.41
451.05	2564.06
451.26	2678.74
451.47	2707.41
451.68	2901.97
451.89	2715.61
452.10	2545.63
452.30	2879.44
452.51	2699.22
452.72	2502.62
452.93	2625.50
453.14	2639.83
453.35	2695.13
453.56	2940.88
453.77	2619.35
453.98	2580.44
454.19	2877.40
454.40	2611.16
454.61	2662.36
454.82	2568.15
455.03	2432.99
455.24	2676.70
455.45	2578.39
455.66	2899.92
455.87	2797.53
456.07	2686.94
456.28	2584.54
456.49	2328.54
456.70	2879.44
456.91	2715.61
457.12	2584.54
457.33	2443.23
457.54	2809.81
457.75	2955.22
457.96	2764.76
458.17	2762.71
458.38	2691.03
458.59	2500.57
458.79	2471.90
459.00	2275.29
459.21	2736.09
459.42	2545.63
459.63	2471.90
459.84	2342.88
460.05	3497.93
460.26	2836.44
460.47	2662.36
460.68	2475.99
460.89	2908.12
461.09	2875.35
461.30	2539.48
461.51	2562.01
461.72	2957.27
461.93	2789.33
462.14	2562.01
462.35	2367.45
462.56	2863.06
462.77	2490.33
462.98	2736.09
463.18	2562.01
463.39	2703.32
463.60	2881.49
463.81	2598.87
464.02	3010.51
464.23	2783.19
464.44	3276.75
464.65	2529.24
464.86	2457.56
465.06	2418.65
465.27	2543.58
465.48	2453.47
465.69	2494.43
465.90	2717.65
466.11	2699.22
466.32	2404.32
466.53	2432.99
466.74	2824.15
466.94	2801.62
467.15	2629.59
467.36	2430.94
467.57	3067.86
467.78	2840.53
467.99	2686.94
468.20	2987.99
468.40	2619.35
468.61	2600.92
468.82	2594.78
469.03	2963.41
469.24	2971.60
469.45	2711.51
469.66	2666.46
469.86	2539.48
470.07	2906.07
470.28	2699.22
470.49	2441.18
470.70	2492.38
470.91	2645.98
471.12	2809.81
471.32	2498.52
471.53	2555.86
471.74	2727.89
471.95	2748.37
472.16	2523.10
472.37	2637.78
472.58	2891.73
472.78	2510.81
472.99	2562.01
473.20	2588.63
473.41	2676.70
473.62	2592.73
473.83	3022.80
474.03	2766.81
474.24	2727.89
474.45	2744.28
474.66	2455.51
474.87	2678.74
475.08	2731.99
475.28	2899.92
475.49	2820.05
475.70	2586.58
475.91	2852.82
476.12	2772.95
476.32	2521.05
476.53	2680.79
476.74	2818.00
476.95	2713.56
477.16	2519.00
477.37	2719.70
477.57	2744.28
477.78	2639.83
477.99	2529.24
478.20	2584.54
478.41	3010.51
478.61	2846.68
478.82	2846.68
479.03	2605.02
479.24	2865.11
479.45	2756.57
479.65	2627.54
479.86	2736.09
480.07	2768.85
480.28	2555.86
480.49	3573.71
480.69	2547.67
480.90	2826.20
481.11	2703.32
481.32	2400.22
481.53	2602.97
481.73	2783.19
481.94	2750.42
482.15	2543.58
482.36	2615.26
482.57	2639.83
482.77	3055.57
482.98	2740.18
483.19	2531.29
483.40	2633.69
483.60	2658.26
483.81	2734.04
484.02	2748.37
484.23	2650.07
484.44	2461.66
484.64	2570.20
484.85	2547.67
485.06	2793.43
485.27	2678.74
485.47	2744.28
485.68	2639.83
485.89	2928.60
486.10	3024.85
486.31	2856.92
486.51	2586.58
486.72	2791.38
486.93	2693.08
487.14	2535.39
487.34	2500.57
487.55	2713.56
487.76	2895.83
487.97	2723.80
488.17	2504.67
488.38	2758.61
488.59	2602.97
488.80	2826.20
489.00	2748.37
489.21	2908.12
489.42	2658.26
489.63	2875.35
489.83	2748.37
490.04	2625.50
490.25	2619.35
490.46	2580.44
490.66	2785.24
490.87	2750.42
491.08	2588.63
491.29	2539.48
491.49	2613.21
491.70	2684.89
491.91	2756.57
492.11	2742.23
492.32	2699.22
492.53	2484.19
492.74	2955.22
492.94	2932.69
493.15	2828.24
493.36	2711.51
493.57	2660.31
493.77	2658.26
493.98	2785.24
494.19	2959.31
494.39	2758.61
494.60	2471.90
494.81	2539.48
495.02	2940.88
495.22	2981.84
495.43	2510.81
495.64	2340.83
495.84	2531.29
496.05	3129.30
496.26	2762.71
496.47	2785.24
496.67	3178.45
496.88	2871.25
497.09	2691.03
497.29	2404.32
497.50	2490.33
497.71	2832.34
497.91	2367.45
498.12	2760.66
498.33	2752.47
498.54	2840.53
498.74	2660.31
498.95	2414.56
499.16	2830.29
499.36	2613.21
499.57	2557.91
499.78	2426.84
499.98	2605.02
500.19	2656.22
500.40	2461.66
500.60	2740.18
500.81	2721.75
501.02	2926.55
501.22	3082.19
501.43	2424.80
501.64	2697.17
501.85	2918.36
502.05	3299.28
502.26	2463.71
502.47	3100.62
502.67	2699.22
502.88	2611.16
503.09	2752.47
503.29	2498.52
503.50	2658.26
503.71	2973.65
503.91	2609.11
504.12	2615.26
504.33	2596.82
504.53	2736.09
504.74	2582.49
504.95	2981.84
505.15	2740.18
505.36	2871.25
505.56	2564.06
505.77	3162.06
505.98	2465.75
506.18	2887.64
506.39	2492.38
506.60	2572.25
506.80	2877.40
507.01	2598.87
507.22	2740.18
507.42	2881.49
507.63	2639.83
507.84	2772.95
508.04	2402.27
508.25	3028.95
508.45	3184.59
508.66	2572.25
508.87	2457.56
509.07	2863.06
509.28	2709.46
509.49	2555.86
509.69	2875.35
509.90	2666.46
510.11	2611.16
510.31	2553.82
510.52	2529.24
510.72	2629.59
510.93	2707.41
511.14	2496.47
511.34	2471.90
511.55	2656.22
511.76	3221.45
511.96	3039.19
512.17	2777.05
512.37	2949.08
512.58	2676.70
512.79	2473.95
512.99	2670.55
513.20	2813.91
513.40	2961.36
513.61	2760.66
513.82	2527.19
514.02	2478.04
514.23	2662.36
514.43	3010.51
514.64	2674.65
514.85	2832.34
515.05	2944.98
515.26	2623.45
515.46	2801.62
515.67	2912.21
515.88	2607.06
516.08	3080.14
516.29	2654.17
516.49	2752.47
516.70	2742.23
516.91	2662.36
517.11	2662.36
517.32	2727.89
517.52	2887.64
517.73	2656.22
517.93	2803.67
518.14	2805.72
518.35	2514.91
518.55	2392.03
518.76	2906.07
518.96	2951.12
519.17	2416.60
519.38	2715.61
519.58	2887.64
519.79	2768.85
519.99	2775.00
520.20	2697.17
520.40	2564.06
520.61	2711.51
520.82	3133.39
521.02	2922.45
521.23	2793.43
521.43	2936.79
521.64	2611.16
521.84	2602.97
522.05	2568.15
522.25	2543.58
522.46	2551.77
522.67	2711.51
522.87	2955.22
523.08	3014.61
523.28	2643.93
523.49	3039.19
523.69	2652.12
523.90	2815.96
524.10	2834.39
524.31	2627.54
524.51	2869.20
524.72	2971.60
524.93	2920.40
525.13	2693.08
525.34	2594.78
525.54	2795.48
525.75	2981.84
525.95	2371.55
526.16	2889.68
526.36	2830.29
526.57	2940.88
526.77	2367.45
526.98	3112.91
527.18	2752.47
527.39	2658.26
527.59	2854.87
527.80	2727.89
528.00	2883.54
528.21	2815.96
528.42	2744.28
528.62	2711.51
528.83	2676.70
529.03	3200.98
529.24	2840.53
529.44	2568.15
529.65	2879.44
529.85	2736.09
530.06	3094.48
530.26	2711.51
530.47	2928.60
530.67	2990.03
530.88	2596.82
531.08	2772.95
531.29	2740.18
531.49	2623.45
531.70	2871.25
531.90	2432.99
532.11	2758.61
532.31	2754.52
532.52	2813.91
532.72	2396.12
532.93	2899.92
533.13	2566.10
533.34	2559.96
533.54	2877.40
533.75	2570.20
533.95	2588.63
534.16	2633.69
534.36	2701.27
534.57	2772.95
534.77	2951.12
534.97	2820.05
535.18	2498.52
535.38	2746.33
535.59	2582.49
535.79	2594.78
536.00	2510.81
536.20	2684.89
536.41	2373.60
536.61	2684.89
536.82	2629.59
537.02	2695.13
537.23	2775.00
537.43	2799.57
537.64	2543.58
537.84	2863.06
538.05	2850.77
538.25	2904.02
538.45	2615.26
538.66	2818.00
538.86	2756.57
539.07	2531.29
539.27	2643.93
539.48	2621.40
539.68	2863.06
539.89	2609.11
540.09	2975.70
540.29	2965.46
540.50	2379.74
540.70	2875.35
540.91	2748.37
541.11	2832.34
541.32	2602.97
541.52	2752.47
541.73	2613.21
541.93	2535.39
542.13	2840.53
542.34	2547.67
542.54	2684.89
542.75	2748.37
542.95	3338.19
543.16	2641.88
543.36	2795.48
543.56	2764.76
543.77	2748.37
543.97	2889.68
544.18	2645.98
544.38	2838.48
544.59	2645.98
544.79	2555.86
544.99	2973.65
545.20	3258.32
545.40	2695.13
545.61	2736.09
545.81	2793.43
546.01	3018.71
546.22	2852.82
546.42	2672.60
546.63	2549.72
546.83	2764.76
547.04	2738.13
547.24	2828.24
547.44	2641.88
547.65	2770.90
547.85	2547.67
548.06	2535.39
548.26	2521.05
548.46	3364.81
548.67	2711.51
548.87	2707.41
549.08	2617.30
549.28	2625.50
549.48	2781.14
549.69	2990.03
549.89	2539.48
550.09	2981.84
550.30	3094.48
550.50	2461.66
550.71	2633.69
550.91	2906.07
551.11	2525.15
551.32	2930.64
551.52	2586.58
551.73	2893.78
551.93	2580.44
552.13	2994.13
552.34	2916.31
552.54	2586.58
552.74	2801.62
552.95	2621.40
553.15	2723.80
553.35	2848.72
553.56	2811.86
553.76	2992.08
553.97	2684.89
554.17	2889.68
554.37	2613.21
554.58	2783.19
554.78	2688.98
554.98	2760.66
555.19	2598.87
555.39	2766.81
555.59	2506.71
555.80	2826.20
556.00	2768.85
556.20	2775.00
556.41	2666.46
556.61	2691.03
556.82	2578.39
557.02	2873.30
557.22	2670.55
557.43	2562.01
557.63	2789.33
557.83	2772.95
558.04	3043.28
558.24	2635.74
558.44	2791.38
558.65	2588.63
558.85	2373.60
559.05	2684.89
559.26	2725.85
559.46	2570.20
559.66	2621.40
559.87	2600.92
560.07	2801.62
560.27	3065.81
560.48	3061.71
560.68	2826.20
560.88	2613.21
561.08	2910.16
561.29	2930.64
561.49	2637.78
561.69	2635.74
561.90	3108.82
562.10	2707.41
562.30	3248.08
562.51	2762.71
562.71	2725.85
562.91	3106.77
563.12	2650.07
563.32	2703.32
563.52	2922.45
563.72	2623.45
563.93	2758.61
564.13	2744.28
564.33	3057.62
564.54	2762.71
564.74	2695.13
564.94	2832.34
565.15	2744.28
565.35	2686.94
565.55	3082.19
565.75	2533.34
565.96	2865.11
566.16	2832.34
566.36	2766.81
566.57	2652.12
566.77	3149.78
566.97	2834.39
567.17	2955.22
567.38	2648.02
567.58	2840.53
567.78	2901.97
567.99	3192.78
568.19	2725.85
568.39	2901.97
568.59	3067.86
568.80	2883.54
569.00	2981.84
569.20	2818.00
569.40	2703.32
569.61	3125.20
569.81	2852.82
570.01	2791.38
570.21	2680.79
570.42	3153.87
570.62	2621.40
570.82	2637.78
571.02	2580.44
571.23	2752.47
571.43	2965.46
571.63	2627.54
571.84	2492.38
572.04	2598.87
572.24	2985.94
572.44	2883.54
572.64	2734.04
572.85	2729.94
573.05	3014.61
573.25	3186.64
573.45	2404.32
573.66	3387.34
573.86	2645.98
574.06	2836.44
574.26	2963.41
574.47	2783.19
574.67	3045.33
574.87	2584.54
575.07	2852.82
575.28	2854.87
575.48	2867.16
575.68	2879.44
575.88	2727.89
576.08	3059.67
576.29	2781.14
576.49	2981.84
576.69	3010.51
576.89	2760.66
577.10	2887.64
577.30	3125.20
577.50	2832.34
577.70	2678.74
577.90	3071.95
578.11	3030.99
578.31	2645.98
578.51	2924.50
578.71	2668.50
578.91	2979.79
579.12	3059.67
579.32	2981.84
579.52	4513.72
579.72	2809.81
579.92	2844.63
580.13	3051.47
580.33	3233.74
580.53	2955.22
580.73	2842.58
580.93	2959.31
581.14	2881.49
581.34	3006.42
581.54	2797.53
581.74	2981.84
581.94	2820.05
582.15	3164.11
582.35	2744.28
582.55	2957.27
582.75	3362.76
582.95	2963.41
583.15	3166.16
583.36	3137.49
583.56	2998.23
583.76	2799.57
583.96	3006.42
584.16	3127.25
584.37	2990.03
584.57	3065.81
584.77	2758.61
584.97	2938.84
585.17	3022.80
585.37	3030.99
585.57	3086.29
585.78	2734.04
585.98	2924.50
586.18	2955.22
586.38	2916.31
586.58	2797.53
586.78	2883.54
586.99	2928.60
587.19	3112.91
587.39	2906.07
587.59	2822.10
587.79	3063.76
587.99	3080.14
588.19	3078.10
588.40	3176.40
588.60	2910.16
588.80	3467.21
589.00	2891.73
589.20	3127.25
589.40	3430.35
589.60	2908.12
589.81	3094.48
590.01	3028.95
590.21	3522.51
590.41	3030.99
590.61	3178.45
590.81	2998.23
591.01	3389.39
591.22	3014.61
591.42	3565.51
591.62	3334.09
591.82	3200.98
592.02	3297.23
592.22	3284.94
592.42	3811.27
592.62	3188.69
592.82	3192.78
593.03	3446.73
593.23	3231.69
593.43	3510.22
593.63	3221.45
593.83	3180.50
594.03	3571.66
594.23	3495.88
594.43	3139.54
594.63	3092.43
594.84	3309.52
595.04	3694.54
595.24	3475.40
595.44	3172.30
595.64	3454.92
595.84	3555.27
596.04	3465.16
596.24	3368.91
596.44	3448.78
596.64	3321.81
596.84	3459.02
597.05	3545.03
597.25	3657.67
597.45	3684.30
597.65	3385.29
597.85	3545.03
598.05	3655.62
598.25	3432.40
598.45	3514.31
598.65	3669.96
598.85	3563.47
599.05	4001.73
599.25	3708.87
599.46	3399.63
599.66	3801.03
599.86	3633.10
600.06	3899.33
600.26	3745.73
600.46	3690.44
600.66	4085.70
600.86	4085.70
601.06	3760.07
601.26	3735.50
601.46	4128.70
601.66	3774.41
601.86	3772.36
602.06	3968.96
602.26	3801.03
602.46	3741.64
602.66	4028.35
602.87	3948.48
603.07	4267.97
603.27	4124.61
603.47	3987.40
603.67	4708.28
603.87	4540.35
604.07	4161.47
604.27	4497.34
604.47	4366.27
604.67	4261.82
604.87	4415.42
605.07	4345.79
605.27	4472.76
605.47	4272.06
605.67	4612.03
605.87	4579.26
606.07	4814.77
606.27	4550.59
606.47	4689.85
606.67	4493.24
606.87	4612.03
607.07	4882.36
607.27	4687.80
607.47	4997.04
607.67	5003.19
607.87	4827.06
608.07	5187.50
608.27	5087.15
608.47	5048.24
608.67	5560.24
608.87	5175.22
609.07	5414.83
609.27	5283.76
609.47	5496.75
609.67	5349.29
609.87	5707.69
610.07	5578.67
610.27	7933.83
610.47	5541.80
610.67	5779.37
610.87	5799.85
611.07	6279.07
611.27	6002.60
611.47	6107.04
611.67	6453.15
611.87	6154.15
612.07	6104.99
612.27	6221.73
612.47	6205.35
612.67	6410.14
612.87	6698.91
613.07	6635.42
613.27	6600.60
613.47	6883.22
613.67	6899.61
613.87	7042.96
614.07	7024.53
614.27	7098.26
614.47	7360.40
614.67	7460.75
614.87	7456.65
615.07	7655.31
615.27	7729.03
615.47	7614.35
615.67	8134.53
615.87	7862.15
616.07	8150.92
616.27	8314.75
616.47	8353.66
616.67	8603.52
616.87	8730.49
617.07	8451.97
617.27	8877.94
617.47	9185.14
617.66	9219.96
617.86	9527.15
618.06	9418.61
618.26	9449.33
618.46	9809.77
618.66	10239.84
618.86	10329.95
619.06	10245.99
619.26	10452.83
619.46	10530.66
619.66	10870.62
619.86	11286.36
620.06	11183.96
620.26	11452.24
620.46	12439.36
620.66	12123.98
620.85	11857.74
621.05	12535.62
621.25	12351.30
621.45	12296.00
621.65	12977.98
621.85	12762.94
622.05	13096.76
622.25	13252.41
622.45	13453.11
622.65	13772.59
622.85	13516.59
623.05	14241.57
623.25	14419.75
623.44	14845.73
623.64	14669.60
623.84	14833.44
624.04	15101.72
624.24	15591.19
624.44	16019.21
624.64	16281.35
624.84	16312.07
625.04	16453.38
625.24	16858.88
625.43	16840.45
625.63	17479.41
625.83	17798.90
626.03	17565.43
626.23	18274.03
626.43	18421.48
626.63	18915.04
626.83	19209.95
627.03	19414.74
627.22	19683.03
627.42	20303.56
627.62	20168.40
627.82	20811.46
628.02	20784.83
628.22	20995.78
628.42	21403.32
628.62	21345.98
628.82	22212.27
629.01	23209.63
629.21	22353.58
629.41	23350.94
629.61	23414.43
629.81	23867.03
630.01	24133.26
630.21	24649.35
630.40	24905.35
630.60	25196.16
630.80	25042.56
631.00	25607.80
631.20	25785.97
631.40	25931.38
631.60	26115.70
631.79	26549.87
631.99	26639.98
632.19	26885.73
632.39	26840.68
632.59	27717.21
632.79	27387.49
632.99	29570.62
633.18	27625.05
633.38	27211.36
633.58	27600.47
633.78	27448.93
633.98	27309.66
634.18	27268.70
634.37	27952.73
634.57	27332.19
634.77	27907.67
634.97	26975.84
635.17	26633.83
635.37	26873.45
635.56	26340.97
635.76	26355.31
635.96	25640.57
636.16	25341.57
636.36	24784.52
636.56	24632.97
636.75	24282.77
636.95	24225.42
637.15	23146.14
637.35	22996.64
637.55	22785.70
637.74	22296.24
637.94	21495.48
638.14	21411.51
638.34	20649.67
638.54	19822.29
638.73	19977.94
638.93	19156.70
639.13	18849.50
639.33	18218.73
639.53	17465.08
639.73	16883.45
639.92	16924.41
640.12	16070.41
640.32	15734.54
640.52	15302.42
640.71	14489.38
640.91	14243.62
641.11	13989.67
641.31	13444.91
641.51	12910.40
641.70	12762.94
641.90	12455.75
642.10	12162.89
642.30	11763.53
642.50	11323.22
642.69	11188.05
642.89	10549.09
643.09	10401.63
643.29	10188.64
643.48	9836.39
643.68	9572.21
643.88	9590.64
644.08	8886.14
644.28	8933.24
644.47	8923.00
644.67	8324.99
644.87	7948.17
645.07	8028.04
645.26	7679.88
645.46	7466.89
645.66	7548.81
645.86	7436.17
646.05	7436.17
646.25	7024.53
646.45	7083.92
646.65	6715.29
646.84	6700.95
647.04	6152.10
647.24	6215.59
647.44	6045.60
647.63	5906.34
647.83	5957.54
648.03	5906.34
648.23	5648.30
648.42	5701.54
648.62	5244.85
648.82	5081.01
649.02	5267.38
649.21	5341.10
649.41	5449.64
649.61	5185.46
649.80	4736.95
650.00	5279.66
650.20	4732.86
650.40	4687.80
650.59	4958.13
650.79	4480.96
650.99	4988.85
651.18	4454.33
651.38	4210.62
651.58	4470.72
651.78	4513.72
651.97	4343.74
652.17	4116.42
652.37	4374.46
652.56	4335.55
652.76	4290.49
652.96	3905.48
653.16	4044.74
653.35	4050.88
653.55	4102.08
653.75	3725.26
653.94	4057.03
654.14	3725.26
654.34	3743.69
654.54	3635.14
654.73	3913.67
654.93	3596.23
655.13	3819.46
655.32	3649.48
655.52	3669.96
655.72	3674.06
655.91	3497.93
656.11	3330.00
656.31	3567.56
656.50	3524.55
656.70	3334.09
656.90	3233.74
657.09	3547.08
657.29	3446.73
657.49	3299.28
657.68	2998.23
657.88	3430.35
658.08	3266.51
658.27	3653.58
658.47	3289.04
658.67	3456.97
658.86	3239.89
659.06	3286.99
659.26	3174.35
659.45	3178.45
659.65	3315.66
659.85	3319.76
660.04	3162.06
660.24	3174.35
660.44	3151.82
660.63	3215.31
660.83	3289.04
661.03	3301.33
661.22	2987.99
661.42	3243.98
661.62	3035.09
661.81	3301.33
662.01	2990.03
662.21	2922.45
662.40	2895.83
662.60	3452.88
662.79	2805.72
662.99	3299.28
663.19	2908.12
663.38	3235.79
663.58	3055.57
663.78	3137.49
663.97	2965.46
664.17	3160.02
664.36	2936.79
664.56	3110.86
664.76	2756.57
664.95	2940.88
665.15	3145.68
665.35	3071.95
665.54	3243.98
665.74	3172.30
665.93	3391.44
666.13	2926.55
666.33	2973.65
666.52	2998.23
666.72	3043.28
666.91	2818.00
667.11	2801.62
667.31	3125.20
667.50	2836.44
667.70	3088.34
667.89	3030.99
668.09	3219.41
668.29	2916.31
668.48	2846.68
668.68	3426.25
668.87	2973.65
669.07	2631.64
669.27	3030.99
669.46	2582.49
669.66	2801.62
669.85	2588.63
670.05	3067.86
670.25	2766.81
670.44	2844.63
670.64	3102.67
670.83	3176.40
671.03	2891.73
671.22	2908.12
671.42	2965.46
671.62	2703.32
671.81	2699.22
672.01	3104.72
672.20	2695.13
672.40	2865.11
672.59	3205.07
672.79	2987.99
672.99	2785.24
673.18	3024.85
673.38	2895.83
673.57	3149.78
673.77	3022.80
673.96	2723.80
674.16	2856.92
674.36	3112.91
674.55	2824.15
674.75	3030.99
674.94	2691.03
675.14	3022.80
675.33	3096.53
675.53	2914.26
675.72	2635.74
675.92	3196.88
676.11	2965.46
676.31	2711.51
676.50	2748.37
676.70	3035.09
676.90	2783.19
677.09	2926.55
677.29	2838.48
677.48	2832.34
677.68	2877.40
677.87	2693.08
678.07	2791.38
678.26	2983.89
678.46	2752.47
678.65	2795.48
678.85	2764.76
679.04	3018.71
679.24	2719.70
679.43	2729.94
679.63	2512.86
679.82	3252.17
680.02	3346.38
680.21	2901.97
680.41	2531.29
680.60	3020.75
680.80	3309.52
680.99	3045.33
681.19	2875.35
681.38	3076.05
681.58	2777.05
681.77	3153.87
681.97	2670.55
682.16	3108.82
682.36	3074.00
682.55	2904.02
682.75	2600.92
682.94	3018.71
683.14	2895.83
683.33	2432.99
683.53	2998.23
683.72	3037.14
683.92	2834.39
684.11	3121.10
684.31	2713.56
684.50	2791.38
684.70	2756.57
684.89	2731.99
685.09	2412.51
685.28	2727.89
685.48	2643.93
685.67	2758.61
685.87	2600.92
686.06	2953.17
686.26	2889.68
686.45	2670.55
686.64	2588.63
686.84	2762.71
687.03	2967.51
687.23	2758.61
687.42	2828.24
687.62	2785.24
687.81	2953.17
688.01	2828.24
688.20	2756.57
688.40	3194.83
688.59	2947.03
688.78	2914.26
688.98	2854.87
689.17	3028.95
689.37	2744.28
689.56	2820.05
689.76	2885.59
689.95	3088.34
690.15	2748.37
690.34	3078.10
690.53	2686.94
690.73	2750.42
690.92	2748.37
691.12	2830.29
691.31	2998.23
691.51	3030.99
691.70	2979.79
691.89	2627.54
692.09	2535.39
692.28	2938.84
692.48	2836.44
692.67	2910.16
692.87	2705.37
693.06	2715.61
693.25	2760.66
693.45	2813.91
693.64	2865.11
693.84	3014.61
694.03	2807.77
694.22	2715.61
694.42	2582.49
694.61	2678.74
694.81	4255.68
695.00	2863.06
695.19	2621.40
695.39	3018.71
695.58	2871.25
695.78	2764.76
695.97	2576.34
696.16	3133.39
696.36	3084.24
696.55	2803.67
696.75	2596.82
696.94	2654.17
697.13	3172.30
697.33	2744.28
697.52	2822.10
697.71	2865.11
697.91	2998.23
698.10	3284.94
698.30	2658.26
698.49	3129.30
698.68	2629.59
698.88	2723.80
699.07	2713.56
699.26	3422.16
699.46	2844.63
699.65	2924.50
699.85	2766.81
700.04	2756.57
700.23	2572.25
700.43	2818.00
700.62	2654.17
700.81	2918.36
701.01	2699.22
701.20	2813.91
701.39	2707.41
701.59	2850.77
701.78	2842.58
701.98	2672.60
702.17	2592.73
702.36	2820.05
702.56	2985.94
702.75	2815.96
702.94	2768.85
703.14	4274.11
703.33	2861.01
703.52	6014.88
703.72	2619.35
703.91	2897.88
704.10	2674.65
704.30	2639.83
704.49	2570.20
704.68	2793.43
704.88	3149.78
705.07	3037.14
705.26	2693.08
705.46	2762.71
705.65	2772.95
705.84	2635.74
706.03	2684.89
706.23	2803.67
706.42	2822.10
706.61	2717.65
706.81	3022.80
707.00	3076.05
707.19	2779.09
707.39	2996.18
707.58	2512.86
707.77	2734.04
707.97	3266.51
708.16	2764.76
708.35	2848.72
708.55	2707.41
708.74	2725.85
708.93	3069.91
709.12	2791.38
709.32	2975.70
709.51	3063.76
709.70	2983.89
709.90	2824.15
710.09	2818.00
710.28	2852.82
710.47	2629.59
710.67	2725.85
710.86	3110.86
711.05	2572.25
711.25	2598.87
711.44	2392.03
711.63	2881.49
711.82	2932.69
712.02	3293.13
712.21	2680.79
712.40	2930.64
712.59	3020.75
712.79	2985.94
712.98	2699.22
713.17	3076.05
713.37	2822.10
713.56	2703.32
713.75	2531.29
713.94	2961.36
714.14	2742.23
714.33	2908.12
714.52	2611.16
714.71	2775.00
714.91	2752.47
715.10	2940.88
715.29	2629.59
715.48	2807.77
715.68	2979.79
715.87	2609.11
716.06	2781.14
716.25	2785.24
716.45	2863.06
716.64	2801.62
716.83	2768.85
717.02	3200.98
717.21	2867.16
717.41	3264.46
717.60	3053.52
717.79	2725.85
717.98	2746.33
718.18	2740.18
718.37	2672.60
718.56	3311.57
718.75	3098.58
718.94	2811.86
719.14	2539.48
719.33	3053.52
719.52	2846.68
719.71	2695.13
719.91	2480.09
720.10	3260.37
720.29	2873.30
720.48	2643.93
720.67	2883.54
720.87	3309.52
721.06	2596.82
721.25	2906.07
721.44	2570.20
721.63	2987.99
721.83	3125.20
722.02	2432.99
722.21	2746.33
722.40	2822.10
722.59	2981.84
722.79	2746.33
722.98	2856.92
723.17	2660.31
723.36	2656.22
723.55	2611.16
723.74	2355.16
723.94	2906.07
724.13	2674.65
724.32	2586.58
724.51	2748.37
724.70	2856.92
724.90	2758.61
725.09	3063.76
725.28	2805.72
725.47	2916.31
725.66	2856.92
725.85	2725.85
726.05	2850.77
726.24	2969.55
726.43	2906.07
726.62	2934.74
726.81	2607.06
727.00	2701.27
727.20	2963.41
727.39	2883.54
727.58	2602.97
727.77	2752.47
727.96	2711.51
728.15	3043.28
728.34	2764.76
728.54	2858.96
728.73	3012.56
728.92	2740.18
729.11	2695.13
729.30	2748.37
729.49	2904.02
729.68	2893.78
729.88	2654.17
730.07	2490.33
730.26	2668.50
730.45	3096.53
730.64	3307.47
730.83	2637.78
731.02	2344.92
731.21	3088.34
731.41	2981.84
731.60	2482.14
731.79	2686.94
731.98	3194.83
732.17	3002.32
732.36	2416.60
732.55	2289.63
732.74	3315.66
732.93	2963.41
733.13	2588.63
733.32	2562.01
733.51	2883.54
733.70	3270.61
733.89	2523.10
734.08	2512.86
734.27	2727.89
734.46	3129.30
734.65	2519.00
734.85	2584.54
735.04	2842.58
735.23	3117.01
735.42	2682.84
735.61	2193.37
735.80	2818.00
735.99	3139.54
736.18	3162.06
736.37	2318.30
736.56	3164.11
736.75	2781.14
736.94	2562.01
737.14	2369.50
737.33	2908.12
737.52	2711.51
737.71	2652.12
737.90	2611.16
738.09	3053.52
738.28	2965.46
738.47	2795.48
738.66	2691.03
738.85	3090.38
739.04	2734.04
739.23	2672.60
739.42	2230.24
739.61	2908.12
739.80	2770.90
740.00	2570.20
740.19	2537.43
740.38	2850.77
740.57	2686.94
740.76	2449.37
740.95	2549.72
741.14	3256.27
741.33	3362.76
741.52	2574.30
741.71	2426.84
741.90	3045.33
742.09	3153.87
742.28	2486.23
742.47	2242.53
742.66	2775.00
742.85	2678.74
743.04	2332.64
743.23	2531.29
743.42	2940.88
743.61	2777.05
743.80	2416.60
743.99	2289.63
744.18	2998.23
744.37	2861.01
744.56	2445.27
744.75	2273.25
744.94	3045.33
745.13	2906.07
745.32	2220.00
745.51	2410.46
745.71	2834.39
745.90	2789.33
746.09	2562.01
746.28	2482.14
746.47	2897.88
746.66	3090.38
746.85	2707.41
747.04	2385.88
747.23	2850.77
747.42	3194.83
747.61	2240.48
747.80	2805.72
747.99	3043.28
748.18	2693.08
748.36	2326.49
748.55	2797.53
748.74	3225.55
748.93	3028.95
749.12	2498.52
749.31	2527.19
749.50	2842.58
749.69	3104.72
749.88	2459.61
750.07	2314.20
750.26	3098.58
750.45	2772.95
750.64	2174.94
750.83	2359.26
751.02	2897.88
751.21	3069.91
751.40	2588.63
751.59	2613.21
751.78	3086.29
751.97	3030.99
752.16	2736.09
752.35	2625.50
752.54	2994.13
752.73	2916.31
752.92	2437.08
753.11	2740.18
753.30	2693.08
753.49	2639.83
753.68	2510.81
753.87	2576.34
754.05	3047.38
754.24	2801.62
754.43	2686.94
754.62	2420.70
754.81	3432.40
755.00	3121.10
755.19	2492.38
755.38	2602.97
755.57	3010.51
755.76	3071.95
755.95	2680.79
756.14	2217.95
756.33	3039.19
756.52	2877.40
756.70	2555.86
756.89	2600.92
757.08	3096.53
757.27	3002.32
757.46	2547.67
757.65	2389.98
757.84	3207.12
758.03	2691.03
758.22	2482.14
758.41	2547.67
758.60	2686.94
758.79	2856.92
758.97	2684.89
759.16	2756.57
759.35	2924.50
759.54	2936.79
759.73	2463.71
759.92	2473.95
760.11	2654.17
760.30	2811.86
760.49	2461.66
760.67	2486.23
760.86	2992.08
761.05	3272.65
761.24	2426.84
761.43	2289.63
761.62	2983.89
761.81	2944.98
762.00	2482.14
762.19	2363.36
762.37	3028.95
762.56	3155.92
762.75	2185.18
762.94	2521.05
763.13	2674.65
763.32	2875.35
763.51	2236.38
763.70	2301.92
763.88	3174.35
764.07	2887.64
764.26	2371.55
764.45	2250.72
764.64	3096.53
764.83	3155.92
765.02	2529.24
765.20	2602.97
765.39	3006.42
765.58	3221.45
765.77	2643.93
765.96	2965.46
766.15	2908.12
766.33	2815.96
766.52	2643.93
766.71	2416.60
766.90	3284.94
767.09	2818.00
767.28	2256.86
767.46	2463.71
767.65	2766.81
767.84	2869.20
768.03	2514.91
768.22	2308.06
768.41	2670.55
768.59	2871.25
768.78	2523.10
768.97	2514.91
769.16	3143.63
769.35	2736.09
769.54	2521.05
769.72	2457.56
769.91	2934.74
770.10	3280.85
770.29	2324.44
770.48	2598.87
770.66	2971.60
770.85	3022.80
771.04	2633.69
771.23	2330.59
771.42	3196.88
771.60	3078.10
771.79	2445.27
771.98	2492.38
772.17	3051.47
772.36	3053.52
772.54	2412.51
772.73	2465.75
772.92	3151.82
773.11	2674.65
773.30	2498.52
773.48	2295.77
773.67	2863.06
773.86	2863.06
774.05	2432.99
774.23	2668.50
774.42	3104.72
774.61	3180.50
774.80	2488.28
774.99	2338.78
775.17	3047.38
775.36	2932.69
775.55	2469.85
775.74	2441.18
775.92	3067.86
776.11	2719.70
776.30	2887.64
776.49	2267.10
776.67	2840.53
776.86	2592.73
777.05	2420.70
777.24	2320.35
777.42	2971.60
777.61	2709.46
777.80	2678.74
777.99	2336.73
778.17	2906.07
778.36	2834.39
778.55	2422.75
778.74	2645.98
778.92	2775.00
779.11	3145.68
779.30	2531.29
779.49	2424.80
779.67	3020.75
779.86	2875.35
780.05	2379.74
780.24	2363.36
780.42	3033.04
780.61	2846.68
780.80	2523.10
780.98	2260.96
781.17	2895.83
781.36	2815.96
781.55	2611.16
781.73	2342.88
781.92	2996.18
782.11	2973.65
782.29	2432.99
782.48	2469.85
782.67	3151.82
782.86	3055.57
783.04	2418.65
783.23	2437.08
783.42	3018.71
783.60	3030.99
783.79	2500.57
783.98	2416.60
784.16	3082.19
784.35	3002.32
784.54	2566.10
784.73	2359.26
784.91	3012.56
785.10	2731.99
785.29	2465.75
785.47	2639.83
785.66	3008.47
785.85	2764.76
786.03	2322.40
786.22	2318.30
786.41	3123.15
786.59	2963.41
786.78	2310.11
786.97	2416.60
787.15	2996.18
787.34	2932.69
787.53	2420.70
787.71	2482.14
787.90	2867.16
788.09	2940.88
788.27	2703.32
788.46	2498.52
788.65	2942.93
788.83	2889.68
789.02	2314.20
789.21	2265.05
789.39	2797.53
789.58	2992.08
789.77	2406.36
789.95	2373.60
790.14	3082.19
790.33	2815.96
790.51	2136.03
790.70	2686.94
790.88	2805.72
791.07	2873.30
791.26	2809.81
791.44	2351.07
791.63	2818.00
791.82	3004.37
792.00	2400.22
792.19	2469.85
792.38	3260.37
792.56	2924.50
792.75	2605.02
792.93	2559.96
793.12	3014.61
793.31	2873.30
793.49	2789.33
793.68	2428.89
793.86	2758.61
794.05	3223.50
794.24	2435.03
794.42	2629.59
794.61	2951.12
794.80	2838.48
794.98	2762.71
795.17	2494.43
795.35	3168.21
795.54	2908.12
795.73	2490.33
795.91	3114.96
796.10	3022.80
796.28	3039.19
796.47	2353.12
796.66	2306.01
796.84	3309.52
797.03	2856.92
797.21	2283.49
797.40	2543.58
797.58	3194.83
797.77	2891.73
797.96	2688.98
798.14	2936.79
798.33	3231.69
798.51	3061.71
798.70	2258.91
798.88	2502.62
799.07	2873.30
799.26	2965.46
799.44	2504.67
799.63	2525.15
799.81	2764.76
800.00	2965.46
800.18	2824.15
800.37	2613.21
800.56	2850.77
800.74	2918.36
800.93	2412.51
801.11	2625.50
801.30	2987.99
801.48	2883.54
801.67	2559.96
801.85	2631.64
802.04	2971.60
802.22	2797.53
802.41	2490.33
802.60	2736.09
802.78	2889.68
802.97	2662.36
803.15	2605.02
803.34	2473.95
803.52	2897.88
803.71	3012.56
803.89	2273.25
804.08	2820.05
804.26	3200.98
804.45	2883.54
804.63	2617.30
804.82	2531.29
805.00	2883.54
805.19	3264.46
805.37	2449.37
805.56	2420.70
805.74	3239.89
805.93	2717.65
806.11	2725.85
806.30	2351.07
806.48	2822.10
806.67	2990.03
806.85	2617.30
807.04	2465.75
807.22	2797.53
807.41	2965.46
807.59	2787.29
807.78	2359.26
807.96	3235.79
808.15	2965.46
808.33	2695.13
808.52	2838.48
808.70	3192.78
808.89	3018.71
809.07	3104.72
809.26	2498.52
809.44	2969.55
809.63	3074.00
809.81	2990.03
810.00	2674.65
810.18	2992.08
810.37	2961.36
810.55	2695.13
810.74	2662.36
810.92	3200.98
811.11	3190.74
811.29	2174.94
811.48	2496.47
811.66	2813.91
811.84	2801.62
812.03	2744.28
812.21	2633.69
812.40	2895.83
812.58	2600.92
812.77	2805.72
812.95	2490.33
813.14	2834.39
813.32	2777.05
813.51	2619.35
813.69	2539.48
813.87	2801.62
814.06	2924.50
814.24	2594.78
814.43	2377.69
814.61	2985.94
814.80	3006.42
814.98	2375.64
815.16	2523.10
815.35	3178.45
815.53	3418.06
815.72	2512.86
815.90	2492.38
816.09	2932.69
816.27	2926.55
816.45	2613.21
816.64	2605.02
816.82	3276.75
817.01	2686.94
817.19	2461.66
817.37	2629.59
817.56	3059.67
817.74	2633.69
817.93	2740.18
818.11	2598.87
818.30	2826.20
818.48	2688.98
818.66	2654.17
818.85	2488.28
819.03	2850.77
819.21	2858.96
819.40	2652.12
819.58	3092.43
819.77	2940.88
819.95	2959.31
820.13	2944.98
820.32	2250.72
820.50	3162.06
820.69	3211.22
820.87	2408.41
821.05	2494.43
821.24	2990.03
821.42	3035.09
821.60	2457.56
821.79	2740.18
821.97	2983.89
822.16	3334.09
822.34	2568.15
822.52	2670.55
822.71	3243.98
822.89	2951.12
823.07	2803.67
823.26	2480.09
823.44	2836.44
823.62	2775.00
823.81	2693.08
823.99	2346.97
824.18	2975.70
824.36	2772.95
824.54	2772.95
824.73	2686.94
824.91	3268.56
825.09	2998.23
825.28	2856.92
825.46	2742.23
825.64	3102.67
825.83	2957.27
826.01	2686.94
826.19	2508.76
826.38	2832.34
826.56	2934.74
826.74	2404.32
826.93	2625.50
827.11	2867.16
827.29	2942.93
827.48	2664.41
827.66	2594.78
827.84	2944.98
828.03	2908.12
828.21	2441.18
828.39	2314.20
828.57	3180.50
828.76	3106.77
828.94	2363.36
829.12	2836.44
829.31	2967.51
829.49	2846.68
829.67	2443.23
829.86	2537.43
830.04	2840.53
830.22	2981.84
830.40	2521.05
830.59	2555.86
830.77	2932.69
830.95	3057.62
831.14	2818.00
831.32	2389.98
831.50	2910.16
831.69	2918.36
831.87	2783.19
832.05	2629.59
832.23	2904.02
832.42	3178.45
832.60	2498.52
832.78	2430.94
832.96	4151.23
833.15	3125.20
833.33	2521.05
833.51	2848.72
833.70	3129.30
833.88	2936.79
834.06	2772.95
834.24	2576.34
834.43	3192.78
834.61	2863.06
834.79	2699.22
834.97	2996.18
835.16	3082.19
835.34	2887.64
835.52	2865.11
835.70	2496.47
835.89	2942.93
836.07	3155.92
836.25	2754.52
836.43	2375.64
836.62	2899.92
836.80	3086.29
836.98	2568.15
837.16	2459.61
837.34	2856.92
837.53	3086.29
837.71	2635.74
837.89	2875.35
838.07	3039.19
838.26	3137.49
838.44	2645.98
838.62	3135.44
838.80	2934.74
838.99	3026.90
839.17	2465.75
839.35	2703.32
839.53	2996.18
839.71	3133.39
839.90	2441.18
840.08	2627.54
840.26	3108.82
840.44	3049.43
840.62	2736.09
840.81	2435.03
840.99	3362.76
841.17	2955.22
841.35	2691.03
841.53	2457.56
841.72	3145.68
841.90	2934.74
842.08	2514.91
842.26	2461.66
842.44	2930.64
842.63	3256.27
842.81	2908.12
842.99	2731.99
843.17	2981.84
843.35	2957.27
843.53	2795.48
843.72	2625.50
843.90	3088.34
844.08	2807.77
844.26	2586.58
844.44	2742.23
844.62	3235.79
844.81	3100.62
844.99	2922.45
845.17	2633.69
845.35	2914.26
845.53	2926.55
845.71	4442.04
845.90	2654.17
846.08	2889.68
846.26	2807.77
846.44	2400.22
846.62	2645.98
846.80	2932.69
846.98	2777.05
847.17	3624.90
847.35	3071.95
847.53	3020.75
847.71	3006.42
847.89	3000.27
848.07	2412.51
848.25	2930.64
848.44	2709.46
848.62	2840.53
848.80	2596.82
848.98	2729.94
849.16	3051.47
849.34	2899.92
849.52	2584.54
849.70	2977.75
849.89	3059.67
850.07	2641.88
850.25	2768.85
850.43	2955.22
850.61	3057.62
850.79	2510.81
850.97	2564.06
851.15	3033.04
851.33	2877.40
851.52	2504.67
851.70	3030.99
851.88	3110.86
852.06	2842.58
852.24	2480.09
852.42	2854.87
852.60	3186.64
852.78	3190.74
852.96	2695.13
853.14	2727.89
853.33	3157.97
853.51	3061.71
853.69	2813.91
853.87	2768.85
854.05	2944.98
854.23	2662.36
854.41	2564.06
854.59	2662.36
854.77	3088.34
854.95	2932.69
855.13	2572.25
855.31	2705.37
855.49	2973.65
855.68	2820.05
855.86	2598.87
856.04	2936.79
856.22	2744.28
856.40	2889.68
856.58	2514.91
856.76	2768.85
856.94	2772.95
857.12	3039.19
857.30	2359.26
857.48	2721.75
857.66	3010.51
857.84	3459.02
858.02	2578.39
858.20	2858.96
858.38	2885.59
858.56	2891.73
858.74	2494.43
858.92	2519.00
859.10	2963.41
859.29	2914.26
859.47	2512.86
859.65	2901.97
859.83	2924.50
860.01	2908.12
860.19	2537.43
860.37	2615.26
860.55	3074.00
860.73	2858.96
860.91	2504.67
861.09	2901.97
861.27	2938.84
861.45	2949.08
861.63	2537.43
861.81	2969.55
861.99	2908.12
862.17	2815.96
862.35	2519.00
862.53	2572.25
862.71	3276.75
862.89	2928.60
863.07	2469.85
863.25	2852.82
863.43	3047.38
863.61	3190.74
863.79	2914.26
863.97	2867.16
864.15	2965.46
864.33	2793.43
864.51	2531.29
864.69	2467.80
864.87	3088.34
865.05	2826.20
865.23	2584.54
865.41	2725.85
865.59	3168.21
865.77	3012.56
865.95	2729.94
866.13	2398.17
866.30	2963.41
866.48	2768.85
866.66	2662.36
866.84	2734.04
867.02	2904.02
867.20	2824.15
867.38	2570.20
867.56	2645.98
867.74	3049.43
867.92	2994.13
868.10	2725.85
868.28	2486.23
868.46	3069.91
868.64	3088.34
868.82	2629.59
869.00	2521.05
869.18	2854.87
869.36	3174.35
869.54	2844.63
869.72	2871.25
869.89	3020.75
870.07	2801.62
870.25	2615.26
870.43	2783.19
870.61	2836.44
870.79	2932.69
870.97	2615.26
871.15	2818.00
871.33	3438.54
871.51	2889.68
871.69	2731.99
871.87	2662.36
872.05	3047.38
872.22	3172.30
872.40	2557.91
872.58	2824.15
872.76	3088.34
872.94	3043.28
873.12	2727.89
873.30	2367.45
873.48	3033.04
873.66	3078.10
873.84	2781.14
874.01	2607.06
874.19	2879.44
874.37	2842.58
874.55	2607.06
874.73	2613.21
874.91	3268.56
875.09	2838.48
875.27	2512.86
875.45	2641.88
875.62	2981.84
875.80	2842.58
875.98	2590.68
876.16	2850.77
876.34	3078.10
876.52	2676.70
876.70	2990.03
876.88	2574.30
877.05	3117.01
877.23	3094.48
877.41	2664.41
877.59	3112.91
877.77	3037.14
877.95	2881.49
878.13	2566.10
878.30	2594.78
878.48	3028.95
878.66	3037.14
878.84	2758.61
879.02	2658.26
879.20	3088.34
879.37	3059.67
879.55	2744.28
879.73	2758.61
879.91	2944.98
880.09	2887.64
880.27	3078.10
880.45	2555.86
880.62	2932.69
880.80	2834.39
880.98	2715.61
881.16	2658.26
881.34	2879.44
881.51	2746.33
881.69	2639.83
881.87	2578.39
882.05	2908.12
882.23	2611.16
882.41	2547.67
882.58	2723.80
882.76	2932.69
882.94	2834.39
883.12	2908.12
883.30	2797.53
883.47	3207.12
883.65	3076.05
883.83	2756.57
884.01	2637.78
884.19	2883.54
884.36	2887.64
884.54	2406.36
884.72	2906.07
884.90	2883.54
885.08	3160.02
885.25	3477.45
885.43	2668.50
885.61	2818.00
885.79	2887.64
885.97	2822.10
886.14	2818.00
886.32	2957.27
886.50	3250.13
886.68	2623.45
886.85	2584.54
887.03	3145.68
887.21	3014.61
887.39	2848.72
887.56	2987.99
887.74	2885.59
887.92	2904.02
888.10	2777.05
888.27	2785.24
888.45	3157.97
888.63	3209.17
888.81	2717.65
888.99	2613.21
889.16	2897.88
889.34	2807.77
889.52	2465.75
889.69	2678.74
889.87	3121.10
890.05	2924.50
890.23	2801.62
890.40	2512.86
890.58	3004.37
890.76	2987.99
890.94	2719.70
891.11	2652.12
891.29	2916.31
891.47	2770.90
891.65	2955.22
891.82	2944.98
892.00	2777.05
892.18	3061.71
892.35	2678.74
892.53	2777.05
892.71	3133.39
892.89	3106.77
893.06	2758.61
893.24	2744.28
893.42	2613.21
893.59	2901.97
893.77	2594.78
893.95	2654.17
894.13	2682.84
894.30	3188.69
894.48	2703.32
894.66	3325.90
894.83	2797.53
895.01	2998.23
895.19	2924.50
895.36	2707.41
895.54	3157.97
895.72	3030.99
895.89	2564.06
896.07	2699.22
896.25	3092.43
896.43	2826.20
896.60	2949.08
896.78	2799.57
896.96	3088.34
897.13	3045.33
897.31	2615.26
897.49	2834.39
897.66	3141.58
897.84	2887.64
898.02	2869.20
898.19	2850.77
898.37	2873.30
898.55	3049.43
898.72	2940.88
898.90	2869.20
899.07	2990.03
899.25	3047.38
899.43	2815.96
899.60	3309.52
899.78	2805.72
899.96	2719.70
900.13	2605.02
900.31	2901.97
900.49	2848.72
900.66	3209.17
900.84	2940.88
901.02	2861.01
901.19	2957.27
901.37	2908.12
901.54	2791.38
901.72	2506.71
901.90	2908.12
902.07	2973.65
902.25	2758.61
902.43	2658.26
902.60	3198.93
902.78	2760.66
902.95	2727.89
903.13	2621.40
903.31	2891.73
903.48	2944.98
903.66	2762.71
903.83	2891.73
904.01	3051.47
904.19	2873.30
904.36	2793.43
904.54	2514.91
904.71	3176.40
904.89	2709.46
905.07	2680.79
905.24	2617.30
905.42	3018.71
905.59	3192.78
905.77	2906.07
905.95	2891.73
906.12	2787.29
906.30	3016.66
906.47	2863.06
906.65	3192.78
906.82	3147.73
907.00	3170.26
907.18	2418.65
907.35	2686.94
907.53	3039.19
907.70	3016.66
907.88	2707.41
908.05	3727.30
908.23	3096.53
908.41	3061.71
908.58	2799.57
908.76	2420.70
908.93	3164.11
909.11	3092.43
909.28	2703.32
909.46	2596.82
909.63	3178.45
909.81	3030.99
909.99	2826.20
910.16	2627.54
910.34	2908.12
910.51	2987.99
910.69	2818.00
910.86	2508.76
911.04	3018.71
911.21	2617.30
911.39	3246.03
911.56	2572.25
911.74	2947.03
911.91	2985.94
912.09	2770.90
912.26	2662.36
912.44	2658.26
912.62	2818.00
912.79	2723.80
912.97	2897.88
913.14	3174.35
913.32	3030.99
913.49	2783.19
913.67	2813.91
913.84	2523.10
914.02	2752.47
914.19	2645.98
914.37	2801.62
914.54	2775.00
914.72	2613.21
914.89	2650.07
915.07	3024.85
915.24	2842.58
915.42	2951.12
915.59	2682.84
915.77	2983.89
915.94	3246.03
916.12	3162.06
916.29	2686.94
916.46	2711.51
916.64	2916.31
916.81	3188.69
916.99	2867.16
917.16	2695.13
917.34	3276.75
917.51	3010.51
917.69	2645.98
917.86	2566.10
918.04	2901.97
918.21	3139.54
918.39	2908.12
918.56	2715.61
918.74	2693.08
918.91	3217.36
919.08	2527.19
919.26	2987.99
919.43	2942.93
919.61	2875.35
919.78	2744.28
919.96	3024.85
920.13	3203.02
920.31	2891.73
920.48	2918.36
920.65	2721.75
920.83	3211.22
921.00	2994.13
921.18	2674.65
921.35	2879.44
921.53	2838.48
921.70	2826.20
921.88	2742.23
922.05	2562.01
922.22	2725.85
922.40	2901.97
922.57	2688.98
922.75	2416.60
922.92	2897.88
923.09	2908.12
923.27	2674.65
923.44	3129.30
923.62	2783.19
923.79	3119.06
923.96	2723.80
924.14	2519.00
924.31	3117.01
924.49	2949.08
924.66	2709.46
924.83	2764.76
925.01	2961.36
925.18	3301.33
925.36	2922.45
925.53	2568.15
925.70	2842.58
925.88	2756.57
926.05	2895.83
926.23	2848.72
926.40	2998.23
926.57	3088.34
926.75	2766.81
926.92	2549.72
927.09	2967.51
927.27	2725.85
927.44	2793.43
927.62	2709.46
927.79	3178.45
927.96	2762.71
928.14	2635.74
928.31	2889.68
928.48	3186.64
928.66	2912.21
928.83	2580.44
929.00	2725.85
929.18	2955.22
929.35	2953.17
929.52	2930.64
929.70	2693.08
929.87	2727.89
930.05	2746.33
930.22	2744.28
930.39	2709.46
930.57	2832.34
930.74	3170.26
930.91	2619.35
931.09	2881.49
931.26	2807.77
931.43	3030.99
931.61	2392.03
931.78	2822.10
931.95	2973.65
932.12	3145.68
932.30	2623.45
932.47	2947.03
932.64	2744.28
932.82	2760.66
932.99	2830.29
933.16	2602.97
933.34	2813.91
933.51	3047.38
933.68	2654.17
933.86	2924.50
934.03	2897.88
934.20	2766.81
934.38	2981.84
934.55	2498.52
934.72	3301.33
934.89	2979.79
935.07	2725.85
935.24	2938.84
935.41	2889.68
935.59	2840.53
935.76	2686.94
935.93	2756.57
936.10	2838.48
936.28	2918.36
936.45	2742.23
936.62	2662.36
936.79	3223.50
936.97	2785.24
937.14	2752.47
937.31	2758.61
937.49	2705.37
937.66	2944.98
937.83	2912.21
938.00	2858.96
938.18	3076.05
938.35	3039.19
938.52	2725.85
938.69	2703.32
938.87	2951.12
939.04	2793.43
939.21	2754.52
939.38	2703.32
939.56	2840.53
939.73	2637.78
939.90	2750.42
940.07	2707.41
940.25	2852.82
940.42	2928.60
940.59	2856.92
940.76	2598.87
940.94	2768.85
941.11	2856.92
941.28	2768.85
941.45	2967.51
941.62	3000.27
941.80	2707.41
941.97	2893.78
942.14	2537.43
942.31	3153.87
942.48	2731.99
942.66	2762.71
942.83	2856.92
943.00	2594.78
943.17	3080.14
943.35	2881.49
943.52	2717.65
943.69	2676.70
943.86	2742.23
944.03	2609.11
944.21	3084.24
944.38	2916.31
944.55	2852.82
944.72	2719.70
944.89	2576.34
945.06	2875.35
945.24	2791.38
945.41	3198.93
945.58	2787.29
945.75	2973.65
945.92	2752.47
946.10	3016.66
946.27	2486.23
946.44	2842.58
946.61	2777.05
946.78	3002.32
946.95	2623.45
947.13	2791.38
947.30	2811.86
947.47	2643.93
947.64	2863.06
947.81	3012.56
947.98	2846.68
948.16	2838.48
948.33	2766.81
948.50	2809.81
948.67	2756.57
948.84	2990.03
949.01	2605.02
949.18	2873.30
949.36	3080.14
949.53	2789.33
949.70	2686.94
949.87	3035.09
950.04	2654.17
950.21	2883.54
950.38	2672.60
950.56	2889.68
950.73	2932.69
950.90	2805.72
951.07	2766.81
951.24	2973.65
951.41	2795.48
951.58	2729.94
951.75	2865.11
951.92	2736.09
952.10	2881.49
952.27	2621.40
952.44	2940.88
952.61	3567.56
952.78	2723.80
952.95	2562.01
953.12	2867.16
953.29	2922.45
953.46	2766.81
953.64	2871.25
953.81	2611.16
953.98	2987.99
954.15	2740.18
954.32	2719.70
954.49	2519.00
954.66	2904.02
954.83	2766.81
955.00	2566.10
955.17	2758.61
955.34	2793.43
955.51	2824.15
955.69	3426.25
955.86	2715.61
956.03	2885.59
956.20	3004.37
956.37	2809.81
956.54	2568.15
956.71	2944.98
956.88	2693.08
957.05	2731.99
957.22	2545.63
957.39	3053.52
957.56	2660.31
957.73	2613.21
957.90	2627.54
958.07	3102.67
958.24	2951.12
958.41	2695.13
958.59	2793.43
958.76	2914.26
958.93	3047.38
959.10	2836.44
959.27	2580.44
959.44	3088.34
959.61	2809.81
959.78	2795.48
959.95	2723.80
960.12	3112.91
960.29	2938.84
960.46	2613.21
960.63	2494.43
960.80	2889.68
960.97	2985.94
961.14	2469.85
961.31	2863.06
961.48	3198.93
961.65	2994.13
961.82	2881.49
961.99	2815.96
962.16	2803.67
962.33	2891.73
962.50	2955.22
962.67	2615.26
962.84	2832.34
963.01	2787.29
963.18	2549.72
963.35	2607.06
963.52	3010.51
963.69	2879.44
963.86	3061.71
964.03	2865.11
964.20	3280.85
964.37	2947.03
964.54	2891.73
964.71	2785.24
964.88	2858.96
965.05	2928.60
965.22	2772.95
965.39	2834.39
965.56	2807.77
965.73	2815.96
965.90	2928.60
966.07	2605.02
966.24	2879.44
966.41	2824.15
966.58	2775.00
966.74	2961.36
966.91	3358.67
967.08	3127.25
967.25	2605.02
967.42	2713.56
967.59	3022.80
967.76	2715.61
967.93	2867.16
968.10	2717.65
968.27	2922.45
968.44	2850.77
968.61	2639.83
968.78	2547.67
968.95	2836.44
969.12	2904.02
969.29	2856.92
969.46	2562.01
969.62	3170.26
969.79	2693.08
969.96	2615.26
970.13	2572.25
970.30	2881.49
970.47	3008.47
970.64	2832.34
970.81	2793.43
970.98	2990.03
971.15	2852.82
971.32	2492.38
971.49	2924.50
971.65	3121.10
971.82	2961.36
971.99	2797.53
972.16	2963.41
972.33	2803.67
972.50	2887.64
972.67	2764.76
972.84	2850.77
973.01	2768.85
973.17	3022.80
973.34	2955.22
973.51	2818.00
973.68	2969.55
973.85	2738.13
974.02	2842.58
974.19	2748.37
974.36	2936.79
974.53	3078.10
974.69	2801.62
974.86	2576.34
975.03	3200.98
975.20	2805.72
975.37	2963.41
975.54	2764.76
975.71	3117.01
975.87	2858.96
976.04	2863.06
976.21	2822.10
976.38	2938.84
976.55	2990.03
976.72	2682.84
976.89	2883.54
977.05	3028.95
977.22	3125.20
977.39	2529.24
977.56	2889.68
977.73	2858.96
977.90	2678.74
978.06	2850.77
978.23	2793.43
978.40	2760.66
978.57	3104.72
978.74	2965.46
978.91	2893.78
979.07	2895.83
979.24	3014.61
979.41	2775.00
979.58	2736.09
979.75	3217.36
979.91	2658.26
980.08	2406.36
980.25	2834.39
980.42	3047.38
980.59	2875.35
980.75	2645.98
980.92	2693.08
981.09	2897.88
981.26	2959.31
981.43	2992.08
981.59	2775.00
981.76	2858.96
981.93	2754.52
982.10	2680.79
982.27	2682.84
982.43	3012.56
982.60	2818.00
982.77	2582.49
982.94	2721.75
983.11	2688.98
983.27	2715.61
983.44	2799.57
983.61	2766.81
983.78	3211.22
983.94	3123.15
984.11	2650.07
984.28	2856.92
984.45	3092.43
984.61	2770.90
984.78	2691.03
984.95	2619.35
985.12	2916.31
985.28	3071.95
985.45	2641.88
985.62	2682.84
985.79	2772.95
985.95	2742.23
986.12	2510.81
986.29	2734.04
986.46	3061.71
986.62	3125.20
986.79	2760.66
986.96	2568.15
987.13	2994.13
987.29	3153.87
987.46	2813.91
987.63	2775.00
987.80	2674.65
987.96	3282.89
988.13	2693.08
988.30	2695.13
988.46	2746.33
988.63	3088.34
988.80	2244.57
988.97	2176.99
989.13	2971.60
989.30	3033.04
989.47	2172.89
989.63	2224.09
989.80	3170.26
989.97	2959.31
990.13	2416.60
990.30	2791.38
990.47	2815.96
990.64	2834.39
990.80	2248.67
990.97	2392.03
991.14	2856.92
991.30	2895.83
991.47	2224.09
991.64	2353.12
991.80	2928.60
991.97	2877.40
992.14	2093.02
992.30	2787.29
992.47	2736.09
992.64	2887.64
992.80	2195.42
992.97	2183.13
993.14	3117.01
993.30	3784.65
993.47	2252.77
993.64	2295.77
993.80	3166.16
993.97	2994.13
994.14	2447.32
994.30	2613.21
994.47	3123.15
994.64	2811.86
994.80	2478.04
994.97	2316.25
995.14	3076.05
995.30	2934.74
995.47	2455.51
995.63	2494.43
995.80	2811.86
995.97	3254.22
996.13	2328.54
996.30	2351.07
996.47	2947.03
996.63	3403.72
996.80	2885.59
996.97	2488.28
997.13	3076.05
997.30	3211.22
997.46	2201.57
997.63	2519.00
997.80	3176.40
997.96	3010.51
998.13	2342.88
998.29	2306.01
998.46	2951.12
998.63	2818.00
998.79	2234.33
998.96	2394.08
999.12	3069.91
999.29	2877.40
999.46	2422.75
999.62	2635.74
999.79	3014.61
999.95	2990.03
1000.12	2310.11
1000.29	2414.56
1000.45	3055.57
1000.62	3047.38
1000.78	2367.45
1000.95	2308.06
1001.11	3006.42
1001.28	3071.95
1001.45	2338.78
1001.61	2693.08
1001.78	3020.75
1001.94	3160.02
1002.11	2451.42
1002.27	2596.82
1002.44	3006.42
1002.61	3002.32
1002.77	2263.01
1002.94	2244.57
1003.10	3024.85
1003.27	3098.58
1003.43	2365.40
1003.60	2402.27
1003.76	2971.60
1003.93	2957.27
1004.10	2461.66
1004.26	2629.59
1004.43	3071.95
1004.59	3313.61
1004.76	2312.16
1004.92	2367.45
1005.09	3282.89
1005.25	3198.93
1005.42	2383.84
1005.58	2594.78
1005.75	3182.54
1005.91	3030.99
1006.08	2641.88
1006.24	2299.87
1006.41	2904.02
1006.57	2889.68
1006.74	2281.44
1006.90	2428.89
1007.07	2760.66
1007.23	3276.75
1007.40	2398.17
1007.56	2310.11
1007.73	2789.33
1007.89	2987.99
1008.06	2625.50
1008.22	2541.53
1008.39	2940.88
1008.55	2852.82
1008.72	2465.75
1008.88	2332.64
1009.05	2830.29
1009.21	3125.20
1009.38	2152.42
1009.54	2435.03
1009.71	3274.70
1009.87	3250.13
1010.04	2029.54
1010.20	2590.68
1010.37	2719.70
1010.53	3135.44
1010.70	2473.95
1010.86	2258.91
1011.03	2686.94
1011.19	2789.33
1011.35	2535.39
1011.52	2357.21
1011.68	2912.21
1011.85	2887.64
1012.01	2713.56
1012.18	2475.99
1012.34	2836.44
1012.51	2826.20
1012.67	2437.08
1012.83	2461.66
1013.00	3080.14
1013.16	2828.24
1013.33	2287.58
1013.49	2912.21
1013.66	3057.62
1013.82	3268.56
1013.99	2523.10
1014.15	2490.33
1014.31	3039.19
1014.48	2990.03
1014.64	2545.63
1014.81	2408.41
1014.97	2770.90
1015.13	3043.28
1015.30	2373.60
1015.46	2533.34
1015.63	2801.62
1015.79	2904.02
1015.95	2156.51
1016.12	2371.55
1016.28	2873.30
1016.45	2842.58
1016.61	2480.09
1016.77	2465.75
1016.94	2867.16
1017.10	3024.85
1017.27	2379.74
1017.43	2308.06
1017.59	2906.07
1017.76	3114.96
1017.92	2275.29
1018.09	2256.86
1018.25	3209.17
1018.41	3063.76
1018.58	2510.81
1018.74	2539.48
1018.90	2940.88
1019.07	3010.51
1019.23	2324.44
1019.40	2359.26
1019.56	2957.27
1019.72	2752.47
1019.89	2506.71
1020.05	2875.35
1020.21	3037.14
1020.38	2944.98
1020.54	2199.52
1020.70	2367.45
1020.87	2957.27
1021.03	3096.53
1021.19	2432.99
1021.36	2199.52
1021.52	3235.79
1021.68	3235.79
1021.85	2936.79
1022.01	2457.56
1022.17	2856.92
1022.34	3028.95
1022.50	2361.31
1022.66	2455.51
1022.83	3153.87
1022.99	2998.23
1023.15	2320.35
1023.32	2617.30
1023.48	2951.12
1023.64	2869.20
1023.81	2291.68
1023.97	2629.59
1024.13	2883.54
1024.30	2887.64
1024.46	2592.73
1024.62	2437.08
1024.79	3055.57
1024.95	3102.67
1025.11	2220.00
1025.27	2449.37
1025.44	2740.18
1025.60	2889.68
1025.76	2432.99
1025.93	2357.21
1026.09	2961.36
1026.25	2920.40
1026.41	2461.66
1026.58	2260.96
1026.74	2762.71
1026.90	3137.49
1027.07	2637.78
1027.23	2316.25
1027.39	2889.68
1027.55	3293.13
1027.72	2461.66
1027.88	2537.43
1028.04	2922.45
1028.20	3117.01
1028.37	2097.12
1028.53	2435.03
1028.69	2701.27
1028.85	3055.57
1029.02	2594.78
1029.18	2269.15
1029.34	2748.37
1029.50	3069.91
1029.67	2529.24
1029.83	2297.82
1029.99	2990.03
1030.15	2920.40
1030.32	2310.11
1030.48	2478.04
1030.64	2813.91
1030.80	3248.08
1030.97	2574.30
1031.13	2402.27
1031.29	3131.34
1031.45	3065.81
1031.61	2334.68
1031.78	2392.03
1031.94	3239.89
1032.10	3069.91
1032.26	2529.24
1032.42	2545.63
1032.59	3219.41
1032.75	2904.02
1032.91	2496.47
1033.07	2455.51
1033.24	2838.48
1033.40	3463.12
1033.56	2414.56
1033.72	2240.48
1033.88	3037.14
1034.04	3291.09
1034.21	2484.19
1034.37	2473.95
1034.53	3008.47
1034.69	2758.61
1034.85	2346.97
1035.02	2367.45
1035.18	2889.68
1035.34	3119.06
1035.50	2299.87
1035.66	2519.00
1035.82	2930.64
1035.99	3127.25
1036.15	2349.02
1036.31	2596.82
1036.47	3104.72
1036.63	3538.89
1036.79	2897.88
1036.96	2643.93
1037.12	3157.97
1037.28	2809.81
1037.44	2142.18
1037.60	2410.46
1037.76	2910.16
1037.92	2961.36
1038.09	2107.36
1038.25	2658.26
1038.41	3178.45
1038.57	3026.90
1038.73	2357.21
1038.89	2314.20
1039.05	3080.14
1039.22	2992.08
1039.38	2381.79
1039.54	2783.19
1039.70	3002.32
1039.86	3104.72
1040.02	2322.40
1040.18	2498.52
1040.34	3010.51
1040.51	3153.87
1040.67	3157.97
1040.83	2643.93
1040.99	3102.67
1041.15	3268.56
1041.31	2379.74
1041.47	2537.43
1041.63	2944.98
