345.74	1445.87
345.96	1445.87
346.17	1445.87
346.39	1372.14
346.60	1384.43
346.81	2500.57
347.03	2469.85
347.24	3239.89
347.46	3200.98
347.67	2580.44
347.89	2414.56
348.10	3012.56
348.32	2848.72
348.53	2498.52
348.75	2519.00
348.96	2791.38
349.18	3160.02
349.39	2519.00
349.61	2465.75
349.82	3096.53
350.04	3067.86
350.25	2478.04
350.47	2555.86
350.68	3055.57
350.90	3299.28
351.11	2437.08
351.32	2570.20
351.54	3252.17
351.75	3151.82
351.97	2492.38
352.18	2566.10
352.40	2861.01
352.61	3243.98
352.83	2582.49
353.04	2299.87
353.26	3133.39
353.47	2990.03
353.69	2527.19
353.90	2408.41
354.11	2686.94
354.33	3373.00
354.54	2273.25
354.76	2574.30
354.97	2824.15
355.19	3143.63
355.40	2373.60
355.62	2916.31
355.83	2971.60
356.04	2983.89
356.26	2312.16
356.47	2605.02
356.69	2834.39
356.90	3510.22
357.12	2412.51
357.33	2308.06
357.55	2889.68
357.76	3004.37
357.97	2316.25
358.19	2645.98
358.40	2809.81
358.62	3278.80
358.83	2498.52
359.05	2654.17
359.26	2889.68
359.47	2942.93
359.69	2537.43
359.90	2879.44
360.12	2772.95
360.33	2969.55
360.55	2314.20
360.76	2662.36
360.97	3020.75
361.19	3260.37
361.40	2428.89
361.62	2592.73
361.83	3174.35
362.04	3262.41
362.26	2465.75
362.47	2531.29
362.69	2885.59
362.90	3024.85
363.12	2357.21
363.33	2480.09
363.54	3033.04
363.76	3211.22
363.97	2590.68
364.19	2564.06
364.40	3207.12
364.61	2985.94
364.83	2297.82
365.04	2631.64
365.26	2895.83
365.47	3205.07
365.68	2375.64
365.90	2590.68
366.11	2973.65
366.33	3262.41
366.54	2506.71
366.75	2408.41
366.97	2695.13
367.18	2887.64
367.40	2621.40
367.61	2465.75
367.82	2987.99
368.04	3170.26
368.25	2576.34
368.46	2607.06
368.68	2899.92
368.89	3309.52
369.11	2564.06
369.32	2639.83
369.53	3233.74
369.75	3092.43
369.96	2795.48
370.18	2572.25
370.39	2856.92
370.60	2973.65
370.82	2449.37
371.03	2414.56
371.24	3334.09
371.46	2863.06
371.67	2598.87
371.88	2424.80
372.10	2721.75
372.31	2697.17
372.53	2357.21
372.74	2478.04
372.95	2756.57
373.17	2793.43
373.38	2815.96
373.59	2660.31
373.81	2971.60
374.02	3256.27
374.23	2430.94
374.45	2916.31
374.66	3035.09
374.88	3020.75
375.09	2502.62
375.30	2803.67
375.52	2897.88
375.73	3231.69
375.94	2432.99
376.16	2725.85
376.37	3092.43
376.58	3170.26
376.80	2684.89
377.01	2752.47
377.22	3510.22
377.44	3112.91
377.65	2635.74
377.86	2248.67
378.08	2938.84
378.29	2822.10
378.50	2635.74
378.72	2398.17
378.93	3407.82
379.14	3088.34
379.36	2885.59
379.57	2564.06
379.78	2711.51
380.00	3078.10
380.21	2252.77
380.42	2316.25
380.64	2654.17
380.85	2811.86
381.06	2619.35
381.28	2531.29
381.49	3375.05
381.70	2815.96
381.92	2463.71
382.13	2574.30
382.34	3405.77
382.56	3278.80
382.77	2490.33
382.98	2557.91
383.19	2996.18
383.41	3010.51
383.62	2463.71
383.83	2559.96
384.05	2973.65
384.26	3043.28
384.47	2568.15
384.69	2547.67
384.90	2994.13
385.11	3170.26
385.33	2504.67
385.54	2719.70
385.75	2785.24
385.96	3198.93
386.18	3014.61
386.39	2656.22
386.60	2838.48
386.82	3211.22
387.03	2551.77
387.24	2629.59
387.45	2854.87
387.67	2791.38
387.88	2660.31
388.09	2615.26
388.31	2799.57
388.52	2965.46
388.73	2987.99
388.94	2459.61
389.16	3209.17
389.37	2760.66
389.58	2498.52
389.80	2527.19
390.01	2820.05
390.22	3096.53
390.43	2729.94
390.65	2695.13
390.86	2924.50
391.07	3211.22
391.29	2523.10
391.50	2291.68
391.71	3184.59
391.92	3117.01
392.14	2590.68
392.35	2670.55
392.56	2820.05
392.77	3133.39
392.99	2680.79
393.20	2389.98
393.41	2842.58
393.62	2944.98
393.84	2396.12
394.05	2566.10
394.26	3010.51
394.47	3317.71
394.69	2752.47
394.90	2861.01
395.11	3010.51
395.32	2949.08
395.54	2445.27
395.75	2367.45
395.96	2815.96
396.17	3266.51
396.39	2895.83
396.60	2490.33
396.81	2990.03
397.02	3010.51
397.24	2783.19
397.45	2916.31
397.66	2879.44
397.87	3162.06
398.09	2645.98
398.30	2404.32
398.51	3045.33
398.72	2852.82
398.94	2482.14
399.15	2990.03
399.36	3059.67
399.57	3125.20
399.79	2666.46
400.00	2928.60
400.21	2676.70
400.42	3117.01
400.63	2637.78
400.85	2752.47
401.06	2906.07
401.27	3014.61
401.48	3114.96
401.70	2553.82
401.91	3373.00
402.12	3229.65
402.33	2818.00
402.54	2500.57
402.76	2951.12
402.97	3342.28
403.18	2611.16
403.39	2475.99
403.60	2996.18
403.82	2914.26
404.03	2220.00
404.24	2523.10
404.45	3129.30
404.66	3377.10
404.88	2320.35
405.09	3061.71
405.30	3135.44
405.51	2994.13
405.73	2490.33
405.94	2445.27
406.15	2883.54
406.36	2914.26
406.57	2490.33
406.78	2412.51
407.00	2981.84
407.21	3235.79
407.42	2365.40
407.63	2926.55
407.84	3110.86
408.06	2920.40
408.27	2402.27
408.48	2602.97
408.69	2944.98
408.90	2856.92
409.12	2279.39
409.33	2422.75
409.54	2738.13
409.75	2863.06
409.96	2592.73
410.17	2734.04
410.39	2785.24
410.60	3299.28
410.81	2578.39
411.02	2736.09
411.23	4667.32
411.44	2674.65
411.66	2602.97
411.87	2904.02
412.08	3282.89
412.29	2727.89
412.50	2506.71
412.71	2439.13
412.93	2875.35
413.14	2940.88
413.35	2662.36
413.56	2592.73
413.77	2930.64
413.98	2977.75
414.20	2437.08
414.41	2678.74
414.62	2906.07
414.83	2734.04
415.04	2494.43
415.25	2615.26
415.46	3268.56
415.68	2867.16
415.89	2400.22
416.10	2619.35
416.31	2725.85
416.52	3053.52
416.73	2588.63
416.94	2555.86
417.16	2938.84
417.37	3039.19
417.58	2723.80
417.79	2430.94
418.00	2850.77
418.21	2863.06
418.42	2674.65
418.64	2521.05
418.85	2680.79
419.06	2961.36
419.27	2488.28
419.48	2584.54
419.69	2928.60
419.90	2717.65
420.11	2447.32
420.33	2502.62
420.54	3268.56
420.75	3020.75
420.96	2375.64
421.17	2605.02
421.38	2955.22
421.59	2768.85
421.80	2422.75
422.02	2570.20
422.23	2906.07
422.44	3086.29
422.65	2396.12
422.86	2549.72
423.07	2750.42
423.28	2922.45
423.49	2217.95
423.70	2584.54
423.92	2764.76
424.13	3176.40
424.34	2441.18
424.55	2447.32
424.76	3178.45
424.97	3125.20
425.18	2422.75
425.39	2727.89
425.60	2744.28
425.81	2797.53
426.03	2723.80
426.24	2568.15
426.45	2914.26
426.66	3416.01
426.87	2506.71
427.08	2723.80
427.29	3012.56
427.50	2953.17
427.71	2424.80
427.92	2387.93
428.13	2701.27
428.34	2799.57
428.56	2719.70
428.77	2617.30
428.98	3330.00
429.19	3049.43
429.40	2637.78
429.61	2514.91
429.82	3020.75
430.03	2871.25
430.24	2592.73
430.45	2336.73
430.66	2998.23
430.87	2891.73
431.08	2584.54
431.30	2328.54
431.51	2949.08
431.72	3010.51
431.93	2641.88
432.14	2459.61
432.35	2971.60
432.56	3317.71
432.77	2490.33
432.98	2658.26
433.19	2932.69
433.40	2932.69
433.61	2344.92
433.82	2625.50
434.03	2678.74
434.24	2826.20
434.45	3008.47
434.66	2953.17
434.87	2994.13
435.09	2961.36
435.30	2641.88
435.51	2736.09
435.72	3035.09
435.93	2795.48
436.14	2568.15
436.35	2500.57
436.56	3084.24
436.77	2904.02
436.98	2451.42
437.19	2654.17
437.40	3266.51
437.61	2926.55
437.82	2555.86
438.03	2559.96
438.24	2867.16
438.45	2998.23
438.66	2447.32
438.87	2416.60
439.08	2797.53
439.29	2793.43
439.50	2656.22
439.71	2949.08
439.92	2760.66
440.13	2607.06
440.34	2516.95
440.55	2729.94
440.76	2772.95
440.97	3030.99
441.18	2719.70
441.39	2531.29
441.60	2830.29
441.81	2791.38
442.02	2600.92
442.23	2555.86
442.44	3045.33
442.65	2787.29
442.86	2654.17
443.07	2789.33
443.28	2820.05
443.49	2818.00
443.70	2750.42
443.91	2451.42
444.12	2777.05
444.33	2785.24
444.54	2703.32
444.75	2570.20
444.96	3053.52
445.17	3071.95
445.38	2856.92
445.59	2654.17
445.80	2852.82
446.01	2678.74
446.22	2973.65
446.43	2531.29
446.64	2684.89
446.85	2869.20
447.06	2703.32
447.27	2559.96
447.48	3061.71
447.69	2727.89
447.90	2772.95
448.11	2351.07
448.32	2887.64
448.53	2752.47
448.74	2756.57
448.95	2611.16
449.16	2727.89
449.37	2809.81
449.58	2531.29
449.79	2422.75
450.00	2510.81
450.21	2715.61
450.42	2633.69
450.63	2512.86
450.84	2652.12
451.05	2580.44
451.26	2764.76
451.47	2674.65
451.68	2932.69
451.89	2752.47
452.10	2670.55
452.30	2928.60
452.51	2883.54
452.72	2568.15
452.93	2682.84
453.14	2721.75
453.35	2725.85
453.56	2908.12
453.77	2666.46
453.98	2605.02
454.19	2922.45
454.40	2748.37
454.61	2699.22
454.82	2631.64
455.03	2445.27
455.24	2643.93
455.45	2691.03
455.66	2846.68
455.87	2795.48
456.07	2652.12
456.28	2586.58
456.49	2357.21
456.70	2940.88
456.91	2707.41
457.12	2465.75
457.33	2549.72
457.54	2746.33
457.75	2910.16
457.96	2893.78
458.17	2670.55
458.38	2574.30
458.59	2510.81
458.79	2500.57
459.00	2344.92
459.21	2662.36
459.42	2621.40
459.63	2441.18
459.84	2344.92
460.05	3446.73
460.26	2783.19
460.47	2594.78
460.68	2453.47
460.89	2891.73
461.09	3030.99
461.30	2682.84
461.51	2494.43
461.72	3006.42
461.93	2871.25
462.14	2557.91
462.35	2351.07
462.56	2889.68
462.77	2465.75
462.98	2793.43
463.18	2533.34
463.39	2807.77
463.60	3033.04
463.81	2592.73
464.02	2985.94
464.23	2801.62
464.44	3305.42
464.65	2611.16
464.86	2416.60
465.06	2432.99
465.27	2639.83
465.48	2441.18
465.69	2592.73
465.90	2875.35
466.11	2680.79
466.32	2457.56
466.53	2449.37
466.74	2965.46
466.94	2715.61
467.15	2725.85
467.36	2551.77
467.57	2985.94
467.78	2793.43
467.99	2705.37
468.20	3020.75
468.40	2641.88
468.61	2559.96
468.82	2602.97
469.03	2867.16
469.24	2926.55
469.45	2668.50
469.66	2721.75
469.86	2529.24
470.07	2897.88
470.28	2688.98
470.49	2426.84
470.70	2625.50
470.91	2693.08
471.12	2807.77
471.32	2514.91
471.53	2500.57
471.74	2662.36
471.95	2734.04
472.16	2514.91
472.37	2621.40
472.58	2840.53
472.78	2551.77
472.99	2523.10
473.20	2613.21
473.41	2637.78
473.62	2621.40
473.83	2992.08
474.03	2793.43
474.24	2748.37
474.45	2779.09
474.66	2602.97
474.87	2588.63
475.08	2602.97
475.28	2863.06
475.49	2842.58
475.70	2459.61
475.91	2895.83
476.12	2881.49
476.32	2555.86
476.53	2670.55
476.74	2887.64
476.95	2740.18
477.16	2590.68
477.37	2662.36
477.57	2836.44
477.78	2770.90
477.99	2547.67
478.20	2600.92
478.41	3033.04
478.61	2885.59
478.82	2875.35
479.03	2602.97
479.24	2766.81
479.45	2678.74
479.65	2551.77
479.86	2715.61
480.07	2924.50
480.28	2658.26
480.49	3524.55
480.69	2519.00
480.90	2867.16
481.11	2818.00
481.32	2410.46
481.53	2648.02
481.73	2895.83
481.94	2660.31
482.15	2578.39
482.36	2617.30
482.57	2664.41
482.77	3057.62
482.98	2930.64
483.19	2627.54
483.40	2576.34
483.60	2641.88
483.81	2641.88
484.02	2719.70
484.23	2625.50
484.44	2510.81
484.64	2654.17
484.85	2623.45
485.06	2871.25
485.27	2631.64
485.47	2703.32
485.68	2637.78
485.89	2914.26
486.10	2977.75
486.31	3014.61
486.51	2652.12
486.72	2756.57
486.93	2645.98
487.14	2590.68
487.34	2482.14
487.55	2750.42
487.76	2854.87
487.97	2760.66
488.17	2549.72
488.38	2746.33
488.59	2768.85
488.80	2887.64
489.00	2740.18
489.21	2936.79
489.42	2633.69
489.63	2830.29
489.83	2670.55
490.04	2772.95
490.25	2562.01
490.46	2645.98
490.66	2754.52
490.87	2818.00
491.08	2650.07
491.29	2502.62
491.49	2539.48
491.70	2721.75
491.91	2805.72
492.11	2709.46
492.32	2709.46
492.53	2457.56
492.74	2940.88
492.94	2951.12
493.15	2840.53
493.36	2813.91
493.57	2664.41
493.77	2676.70
493.98	2783.19
494.19	2990.03
494.39	2809.81
494.60	2527.19
494.81	2570.20
495.02	2979.79
495.22	2951.12
495.43	2473.95
495.64	2383.84
495.84	2576.34
496.05	3123.15
496.26	2764.76
496.47	2834.39
496.67	3055.57
496.88	2809.81
497.09	2652.12
497.29	2351.07
497.50	2545.63
497.71	2938.84
497.91	2424.80
498.12	2746.33
498.33	2719.70
498.54	2834.39
498.74	2641.88
498.95	2486.23
499.16	2813.91
499.36	2676.70
499.57	2512.86
499.78	2422.75
499.98	2711.51
500.19	2629.59
500.40	2586.58
500.60	2836.44
500.81	2781.14
501.02	2871.25
501.22	3076.05
501.43	2508.76
501.64	2650.07
501.85	2861.01
502.05	3268.56
502.26	2551.77
502.47	3260.37
502.67	2611.16
502.88	2713.56
503.09	2748.37
503.29	2502.62
503.50	2678.74
503.71	2998.23
503.91	2594.78
504.12	2676.70
504.33	2605.02
504.53	2727.89
504.74	2656.22
504.95	2977.75
505.15	2822.10
505.36	2856.92
505.56	2533.34
505.77	3114.96
505.98	2568.15
506.18	2910.16
506.39	2469.85
506.60	2586.58
506.80	2904.02
507.01	2768.85
507.22	2682.84
507.42	2908.12
507.63	2559.96
507.84	2787.29
508.04	2381.79
508.25	3104.72
508.45	3157.97
508.66	2652.12
508.87	2473.95
509.07	2877.40
509.28	2789.33
509.49	2652.12
509.69	2930.64
509.90	2775.00
510.11	2592.73
510.31	2562.01
510.52	2564.06
510.72	2811.86
510.93	2807.77
511.14	2467.80
511.34	2416.60
511.55	2619.35
511.76	3209.17
511.96	3053.52
512.17	2736.09
512.37	2914.26
512.58	2627.54
512.79	2570.20
512.99	2660.31
513.20	2856.92
513.40	2875.35
513.61	2752.47
513.82	2588.63
514.02	2527.19
514.23	2711.51
514.43	3076.05
514.64	2703.32
514.85	2887.64
515.05	2881.49
515.26	2709.46
515.46	2824.15
515.67	2877.40
515.88	2635.74
516.08	3014.61
516.29	2662.36
516.49	2693.08
516.70	2699.22
516.91	2672.60
517.11	2791.38
517.32	2766.81
517.52	2924.50
517.73	2617.30
517.93	2871.25
518.14	2875.35
518.35	2617.30
518.55	2498.52
518.76	2893.78
518.96	3045.33
519.17	2430.94
519.38	2777.05
519.58	2938.84
519.79	2850.77
519.99	2742.23
520.20	2654.17
520.40	2584.54
520.61	2799.57
520.82	3194.83
521.02	2998.23
521.23	2734.04
521.43	2910.16
521.64	2568.15
521.84	2666.46
522.05	2584.54
522.25	2559.96
522.46	2594.78
522.67	2686.94
522.87	2908.12
523.08	3071.95
523.28	2818.00
523.49	3051.47
523.69	2688.98
523.90	2822.10
524.10	2879.44
524.31	2666.46
524.51	2883.54
524.72	2955.22
524.93	2908.12
525.13	2635.74
525.34	2643.93
525.54	2766.81
525.75	2944.98
525.95	2463.71
526.16	2928.60
526.36	2799.57
526.57	3065.81
526.77	2301.92
526.98	3010.51
527.18	2609.11
527.39	2701.27
527.59	2973.65
527.80	2666.46
528.00	2951.12
528.21	2887.64
528.42	2764.76
528.62	2703.32
528.83	2697.17
529.03	3174.35
529.24	2842.58
529.44	2611.16
529.65	2848.72
529.85	2813.91
530.06	3100.62
530.26	2717.65
530.47	2955.22
530.67	2971.60
530.88	2578.39
531.08	2815.96
531.29	2768.85
531.49	2660.31
531.70	2828.24
531.90	2432.99
532.11	2752.47
532.31	2723.80
532.52	2813.91
532.72	2416.60
532.93	2805.72
533.13	2541.53
533.34	2551.77
533.54	2906.07
533.75	2662.36
533.95	2596.82
534.16	2564.06
534.36	2678.74
534.57	2897.88
534.77	2965.46
534.97	2858.96
535.18	2619.35
535.38	2740.18
535.59	2627.54
535.79	2711.51
536.00	2633.69
536.20	2615.26
536.41	2437.08
536.61	2729.94
536.82	2621.40
537.02	2582.49
537.23	2822.10
537.43	2801.62
537.64	2576.34
537.84	2850.77
538.05	2809.81
538.25	2924.50
538.45	2660.31
538.66	2826.20
538.86	2723.80
539.07	2553.82
539.27	2596.82
539.48	2580.44
539.68	2906.07
539.89	2752.47
540.09	3112.91
540.29	2963.41
540.50	2473.95
540.70	2883.54
540.91	2682.84
541.11	2953.17
541.32	2686.94
541.52	2809.81
541.73	2635.74
541.93	2539.48
542.13	2873.30
542.34	2576.34
542.54	2691.03
542.75	2766.81
542.95	3364.81
543.16	2719.70
543.36	2801.62
543.56	2813.91
543.77	2858.96
543.97	2932.69
544.18	2643.93
544.38	2848.72
544.59	2639.83
544.79	2600.92
544.99	3059.67
545.20	3252.17
545.40	2686.94
545.61	2662.36
545.81	2807.77
546.01	3088.34
546.22	2807.77
546.42	2764.76
546.63	2617.30
546.83	2858.96
547.04	2793.43
547.24	2789.33
547.44	2568.15
547.65	2752.47
547.85	2570.20
548.06	2490.33
548.26	2629.59
548.46	3305.42
548.67	2758.61
548.87	2760.66
549.08	2621.40
549.28	2701.27
549.48	2758.61
549.69	2938.84
549.89	2529.24
550.09	3108.82
550.30	3045.33
550.50	2416.60
550.71	2541.53
550.91	2740.18
551.11	2441.18
551.32	2963.41
551.52	2570.20
551.73	2895.83
551.93	2562.01
552.13	3096.53
552.34	2990.03
552.54	2594.78
552.74	2795.48
552.95	2711.51
553.15	2770.90
553.35	2803.67
553.56	2803.67
553.76	2934.74
553.97	2797.53
554.17	2889.68
554.37	2678.74
554.58	2922.45
554.78	2766.81
554.98	2758.61
555.19	2611.16
555.39	2731.99
555.59	2588.63
555.80	2818.00
556.00	2740.18
556.20	2854.87
556.41	2721.75
556.61	2605.02
556.82	2568.15
557.02	2932.69
557.22	2686.94
557.43	2643.93
557.63	2832.34
557.83	2731.99
558.04	3102.67
558.24	2738.13
558.44	2881.49
558.65	2648.02
558.85	2449.37
559.05	2748.37
559.26	2717.65
559.46	2564.06
559.66	2598.87
559.87	2676.70
560.07	2987.99
560.27	3137.49
560.48	3002.32
560.68	2924.50
560.88	2641.88
561.08	2951.12
561.29	2998.23
561.49	2611.16
561.69	2723.80
561.90	3067.86
562.10	2725.85
562.30	3219.41
562.51	2838.48
562.71	2766.81
562.91	3067.86
563.12	2777.05
563.32	2699.22
563.52	2949.08
563.72	2719.70
563.93	2731.99
564.13	2697.17
564.33	3123.15
564.54	2889.68
564.74	2668.50
564.94	2826.20
565.15	2648.02
565.35	2871.25
565.55	3047.38
565.75	2572.25
565.96	2815.96
566.16	2809.81
566.36	2764.76
566.57	2713.56
566.77	3211.22
566.97	2803.67
567.17	2979.79
567.38	2676.70
567.58	2844.63
567.78	2828.24
567.99	3192.78
568.19	2826.20
568.39	2947.03
568.59	3030.99
568.80	2873.30
569.00	3026.90
569.20	2883.54
569.40	2562.01
569.61	2983.89
569.81	2877.40
570.01	2799.57
570.21	2635.74
570.42	3227.60
570.62	2613.21
570.82	2605.02
571.02	2596.82
571.23	2691.03
571.43	3065.81
571.63	2791.38
571.84	2527.19
572.04	2584.54
572.24	2983.89
572.44	2906.07
572.64	2772.95
572.85	2744.28
573.05	2940.88
573.25	3260.37
573.45	2453.47
573.66	3346.38
573.86	2635.74
574.06	2748.37
574.26	2983.89
574.47	2756.57
574.67	3010.51
574.87	2607.06
575.07	2711.51
575.28	2768.85
575.48	2793.43
575.68	2871.25
575.88	2600.92
576.08	2955.22
576.29	2777.05
576.49	2811.86
576.69	2996.18
576.89	2656.22
577.10	2893.78
577.30	3018.71
577.50	2803.67
577.70	2617.30
577.90	3125.20
578.11	3020.75
578.31	2545.63
578.51	2947.03
578.71	2652.12
578.91	2906.07
579.12	2955.22
579.32	2959.31
579.52	4548.54
579.72	2752.47
579.92	2797.53
580.13	2947.03
580.33	3182.54
580.53	2949.08
580.73	2686.94
580.93	3012.56
581.14	2729.94
581.34	2963.41
581.54	2764.76
581.74	2899.92
581.94	2727.89
582.15	2998.23
582.35	2629.59
582.55	2861.01
582.75	3332.05
582.95	2787.29
583.15	3198.93
583.36	3063.76
583.56	2932.69
583.76	2752.47
583.96	2998.23
584.16	3004.37
584.37	2873.30
584.57	2916.31
584.77	2527.19
584.97	2850.77
585.17	2955.22
585.37	2891.73
585.57	2942.93
585.78	2582.49
585.98	2734.04
586.18	2742.23
586.38	2705.37
586.58	2570.20
586.78	2756.57
586.99	2703.32
587.19	2865.11
587.39	2818.00
587.59	2580.44
587.79	2725.85
587.99	2934.74
588.19	2865.11
588.40	2867.16
588.60	2611.16
588.80	3166.16
589.00	2660.31
589.20	2928.60
589.40	3143.63
589.60	2586.58
589.81	2838.48
590.01	2717.65
590.21	3258.32
590.41	2660.31
590.61	2826.20
590.81	2627.54
591.01	3028.95
591.22	2742.23
591.42	3334.09
591.62	2949.08
591.82	2942.93
592.02	2990.03
592.22	2963.41
592.42	3526.60
592.62	3006.42
592.82	2875.35
593.03	2994.13
593.23	2832.34
593.43	3104.72
593.63	2793.43
593.83	2908.12
594.03	3186.64
594.23	3022.80
594.43	2693.08
594.63	2654.17
594.84	2920.40
595.04	3090.38
595.24	3024.85
595.44	2691.03
595.64	2922.45
595.84	3002.32
596.04	2944.98
596.24	2793.43
596.44	2951.12
596.64	2691.03
596.84	2832.34
597.05	2875.35
597.25	3110.86
597.45	3030.99
597.65	2727.89
597.85	2844.63
598.05	2963.41
598.25	2703.32
598.45	2815.96
598.65	2912.21
598.85	2818.00
599.05	3311.57
599.25	2901.97
599.46	2547.67
599.66	3086.29
599.86	2838.48
600.06	2912.21
600.26	2863.06
600.46	2895.83
600.66	3076.05
600.86	3059.67
601.06	2904.02
601.26	2813.91
601.46	3186.64
601.66	2846.68
601.86	2807.77
602.06	2981.84
602.26	2740.18
602.46	2699.22
602.66	2703.32
602.87	2885.59
603.07	3119.06
603.27	2922.45
603.47	2901.97
603.67	3471.31
603.87	3217.36
604.07	2916.31
604.27	3203.02
604.47	2942.93
604.67	2838.48
604.87	2973.65
605.07	3012.56
605.27	2981.84
605.47	2807.77
605.67	3035.09
605.87	3030.99
606.07	3342.28
606.27	2973.65
606.47	2940.88
606.67	2783.19
606.87	2777.05
607.07	3088.34
607.27	2826.20
607.47	3080.14
607.67	3102.67
607.87	2850.77
608.07	3157.97
608.27	3170.26
608.47	2826.20
608.67	3262.41
608.87	3067.86
609.07	3252.17
609.27	3012.56
609.47	3194.83
609.67	3061.71
609.87	3182.54
610.07	3153.87
610.27	5365.68
610.47	3006.42
610.67	3186.64
610.87	2883.54
611.07	3520.46
611.27	3022.80
611.47	3305.42
611.67	3299.28
611.87	3143.63
612.07	3053.52
612.27	3157.97
612.47	2959.31
612.67	3192.78
612.87	3205.07
613.07	3051.47
613.27	3153.87
613.47	3266.51
613.67	3325.90
613.87	3252.17
614.07	3172.30
614.27	3104.72
614.47	3352.52
614.67	3270.61
614.87	3135.44
615.07	3241.93
615.27	3141.58
615.47	3137.49
615.67	3434.44
615.87	3178.45
616.07	3370.96
616.27	3454.92
616.47	3268.56
616.67	3200.98
616.87	3348.43
617.07	3209.17
617.27	3268.56
617.47	3309.52
617.66	3411.92
617.86	3391.44
618.06	3190.74
618.26	3209.17
618.46	3430.35
618.66	3729.35
618.86	3622.86
619.06	3534.79
619.26	3444.68
619.46	3489.74
619.66	3637.19
619.86	3653.58
620.06	3610.57
620.26	3712.97
620.46	4347.84
620.66	4036.55
620.85	3846.09
621.05	3889.09
621.25	3741.64
621.45	3610.57
621.65	3811.27
621.85	3694.54
622.05	4005.83
622.25	3604.42
622.45	3694.54
622.65	3725.26
622.85	3610.57
623.05	3878.85
623.25	3903.43
623.44	4153.28
623.64	3532.75
623.84	3817.41
624.04	3555.27
624.24	3948.48
624.44	4046.79
624.64	3915.72
624.84	3938.24
625.04	3856.33
625.24	3860.42
625.43	3936.20
625.63	4333.50
625.83	4028.35
626.03	3956.68
626.23	4169.66
626.43	4075.46
626.63	3989.44
626.83	4239.30
627.03	4442.04
627.22	3962.82
627.42	4229.06
627.62	4138.94
627.82	4388.80
628.02	4294.59
628.22	4280.25
628.42	4429.76
628.62	4124.61
628.82	4331.45
629.01	4966.32
629.21	4401.08
629.41	4913.08
629.61	4626.36
629.81	4683.70
630.01	4747.19
630.21	5070.77
630.40	4937.65
630.60	4804.53
630.80	4949.94
631.00	4929.46
631.20	5019.57
631.40	4954.04
631.60	5064.63
631.79	4995.00
631.99	5214.13
632.19	5259.18
632.39	5146.55
632.59	5363.63
632.79	5201.84
632.99	7174.03
633.18	5271.47
633.38	5414.83
633.58	5461.93
633.78	5369.77
633.98	5433.26
634.18	5527.47
634.37	6205.35
634.57	5775.27
634.77	6758.30
634.97	5724.07
635.17	5775.27
635.37	6293.41
635.56	5758.89
635.76	6279.07
635.96	5932.97
636.16	6154.15
636.36	6164.39
636.56	6143.91
636.75	6213.54
636.95	6422.43
637.15	6281.12
637.35	6354.85
637.55	6829.98
637.74	6811.54
637.94	6707.10
638.14	6746.01
638.34	6875.03
638.54	6487.96
638.73	6946.71
638.93	7237.52
639.13	7200.66
639.33	7233.43
639.53	7028.63
639.73	7079.83
639.92	7421.84
640.12	7364.50
640.32	7597.96
640.52	7958.41
640.71	7434.13
640.91	7769.99
641.11	7853.96
641.31	7856.01
641.51	7804.81
641.70	8220.55
641.90	8337.28
642.10	8222.59
642.30	8359.81
642.50	8486.78
642.69	8392.58
642.89	8257.41
643.09	8705.92
643.29	8877.94
643.48	8918.90
643.68	8808.31
643.88	9138.04
644.08	8492.93
644.28	9320.31
644.47	9316.21
644.67	9029.49
644.87	9084.79
645.07	9437.04
645.26	9363.31
645.46	9379.70
645.66	9551.73
645.86	9873.26
646.05	10164.07
646.25	9912.17
646.45	10162.02
646.65	10241.89
646.84	10342.24
647.04	10254.18
647.24	10448.74
647.44	10684.25
647.63	10800.99
647.83	10788.70
648.03	10835.80
648.23	10930.01
648.42	11071.32
648.62	10870.62
648.82	11085.65
649.02	11509.58
649.21	11605.84
649.41	11747.15
649.61	11927.37
649.80	11829.07
650.00	12377.92
650.20	12318.53
650.40	12293.96
650.59	12635.97
650.79	12435.27
650.99	13356.85
651.18	13033.27
651.38	12719.93
651.58	13131.58
651.78	13242.17
651.97	13422.39
652.17	13582.13
652.37	14100.26
652.56	13963.05
652.76	14190.38
652.96	14042.92
653.16	14577.44
653.35	14882.59
653.55	14982.94
653.75	14485.28
653.94	15142.68
654.14	15105.82
654.34	15539.99
654.54	15419.16
654.73	15781.65
654.93	15693.58
655.13	16289.54
655.32	16350.98
655.52	16439.05
655.72	16445.19
655.91	16742.14
656.11	16697.09
656.31	17075.96
656.50	17307.38
656.70	17307.38
656.90	17411.83
657.09	18179.82
657.29	17653.49
657.49	17966.83
657.68	17727.22
657.88	18312.94
658.08	18521.83
658.27	18964.19
658.47	18740.96
658.67	19109.60
658.86	18822.88
659.06	19320.54
659.26	19263.19
659.45	19338.97
659.65	19248.86
659.85	19586.77
660.04	19691.22
660.24	19773.14
660.44	20045.52
660.63	20209.36
660.83	20303.56
661.03	20428.49
661.22	20195.02
661.42	20303.56
661.62	20334.28
661.81	20434.63
662.01	20178.64
662.21	20293.32
662.40	20117.20
662.60	20539.08
662.79	19900.11
662.99	20293.32
663.19	19984.08
663.38	19973.84
663.58	19680.98
663.78	19752.66
663.97	19355.35
664.17	19355.35
664.36	18814.69
664.56	18831.07
664.76	18079.47
664.95	18235.11
665.15	18005.74
665.35	17759.98
665.54	17866.48
665.74	17121.02
665.93	17055.48
666.13	16477.96
666.33	16070.41
666.52	15683.34
666.72	15359.77
666.91	14763.81
667.11	14565.15
667.31	14456.61
667.50	13938.48
667.70	13918.00
667.89	13201.21
668.09	13211.45
668.29	12492.61
668.48	12236.61
668.68	12476.23
668.87	11362.13
669.07	11091.80
669.27	11372.37
669.46	10299.23
669.66	10405.73
669.85	9781.10
670.05	9809.77
670.25	9572.21
670.44	9246.58
670.64	9277.30
670.83	9047.93
671.03	8601.47
671.22	8540.03
671.42	8245.12
671.62	7720.84
671.81	7700.36
672.01	7724.94
672.20	7483.28
672.40	7208.85
672.59	7481.23
672.79	7239.57
672.99	6643.61
673.18	6789.02
673.38	6698.91
673.57	6698.91
673.77	6406.05
673.96	6111.14
674.16	6055.84
674.36	6178.72
674.55	5881.77
674.75	5859.24
674.94	5455.79
675.14	5615.53
675.33	5640.11
675.53	5410.73
675.72	5193.65
675.92	5652.39
676.11	5179.31
676.31	4919.22
676.50	4915.12
676.70	5042.10
676.90	4702.14
677.09	4743.10
677.29	4612.03
677.48	4700.09
677.68	4585.40
677.87	4321.21
678.07	4331.45
678.26	4548.54
678.46	4296.64
678.65	4276.16
678.85	4163.52
679.04	4335.55
679.24	4001.73
679.43	3997.64
679.63	3768.26
679.82	4552.63
680.02	4415.42
680.21	4005.83
680.41	3573.71
680.60	4106.18
680.80	4319.17
680.99	3932.10
681.19	4011.97
681.38	3928.00
681.58	3704.78
681.77	3966.92
681.97	3612.62
682.16	3964.87
682.36	3796.93
682.55	3637.19
682.75	3385.29
682.94	3606.47
683.14	3563.47
683.33	3194.83
683.53	3774.41
683.72	3612.62
683.92	3436.49
684.11	3702.73
684.31	3299.28
684.50	3358.67
684.70	3276.75
684.89	3209.17
685.09	2994.13
685.28	3217.36
685.48	3188.69
685.67	3145.68
685.87	3090.38
686.06	3434.44
686.26	3370.96
686.45	3094.48
686.64	3006.42
686.84	3139.54
687.03	3317.71
687.23	3123.15
687.42	3170.26
687.62	3221.45
687.81	3342.28
688.01	3069.91
688.20	3131.34
688.40	3493.83
688.59	3299.28
688.78	3252.17
688.98	3266.51
689.17	3409.87
689.37	3102.67
689.56	3088.34
689.76	3114.96
689.95	3346.38
690.15	2916.31
690.34	3354.57
690.53	3069.91
690.73	2994.13
690.92	2848.72
691.12	2910.16
691.31	3149.78
691.51	3282.89
691.70	3223.50
691.89	2775.00
692.09	2863.06
692.28	3178.45
692.48	3100.62
692.67	3194.83
692.87	2922.45
693.06	2867.16
693.25	2871.25
693.45	3014.61
693.64	3002.32
693.84	3186.64
694.03	3014.61
694.22	2867.16
694.42	2799.57
694.61	2858.96
694.81	4399.04
695.00	2949.08
695.19	2781.14
695.39	3198.93
695.58	3030.99
695.78	2932.69
695.97	2766.81
696.16	3327.95
696.36	3260.37
696.55	2914.26
696.75	2680.79
696.94	2736.09
697.13	3358.67
697.33	2826.20
697.52	2850.77
697.71	2924.50
697.91	3112.91
698.10	3373.00
698.30	2727.89
698.49	3178.45
698.68	2717.65
698.88	2856.92
699.07	2858.96
699.26	3475.40
699.46	2887.64
699.65	3039.19
699.85	2865.11
700.04	2717.65
700.23	2693.08
700.43	2940.88
700.62	2848.72
700.81	2942.93
701.01	2670.55
701.20	2891.73
701.39	2871.25
701.59	2906.07
701.78	2785.24
701.98	2740.18
702.17	2686.94
702.36	2990.03
702.56	3119.06
702.75	2830.29
702.94	2844.63
703.14	4454.33
703.33	2932.69
703.52	6238.11
703.72	2697.17
703.91	3000.27
704.10	2695.13
704.30	2748.37
704.49	2613.21
704.68	2832.34
704.88	3233.74
705.07	3235.79
705.26	2758.61
705.46	2797.53
705.65	2879.44
705.84	2660.31
706.03	2826.20
706.23	2863.06
706.42	2754.52
706.61	2809.81
706.81	3045.33
707.00	3037.14
707.19	2875.35
707.39	2998.23
707.58	2654.17
707.77	2840.53
707.97	3239.89
708.16	2865.11
708.35	2858.96
708.55	2807.77
708.74	2756.57
708.93	3151.82
709.12	2799.57
709.32	2981.84
709.51	3041.23
709.70	2969.55
709.90	2895.83
710.09	2875.35
710.28	2805.72
710.47	2529.24
710.67	2789.33
710.86	3170.26
711.05	2680.79
711.25	2703.32
711.44	2469.85
711.63	2969.55
711.82	3022.80
712.02	3366.86
712.21	2781.14
712.40	2891.73
712.59	3129.30
712.79	3074.00
712.98	2686.94
713.17	3104.72
713.37	2873.30
713.56	2639.83
713.75	2623.45
713.94	2916.31
714.14	2770.90
714.33	2944.98
714.52	2611.16
714.71	2824.15
714.91	2785.24
715.10	2953.17
715.29	2635.74
715.48	2842.58
715.68	3164.11
715.87	2725.85
716.06	2760.66
716.25	2877.40
716.45	2842.58
716.64	2887.64
716.83	2760.66
717.02	3231.69
717.21	2901.97
717.41	3250.13
717.60	3170.26
717.79	2781.14
717.98	2783.19
718.18	2840.53
718.37	2682.84
718.56	3385.29
718.75	3149.78
718.94	2820.05
719.14	2570.20
719.33	2996.18
719.52	2842.58
719.71	2662.36
719.91	2709.46
720.10	3315.66
720.29	2932.69
720.48	2664.41
720.67	2938.84
720.87	3325.90
721.06	2570.20
721.25	2961.36
721.44	2592.73
721.63	3039.19
721.83	3155.92
722.02	2545.63
722.21	2777.05
722.40	2807.77
722.59	3004.37
722.79	2826.20
722.98	2963.41
723.17	2670.55
723.36	2760.66
723.55	2619.35
723.74	2486.23
723.94	2953.17
724.13	2781.14
724.32	2641.88
724.51	2781.14
724.70	2949.08
724.90	2756.57
725.09	2938.84
725.28	2930.64
725.47	2883.54
725.66	2936.79
725.85	2719.70
726.05	2871.25
726.24	2920.40
726.43	2832.34
726.62	2895.83
726.81	2600.92
727.00	2772.95
727.20	2957.27
727.39	2885.59
727.58	2691.03
727.77	2711.51
727.96	2809.81
728.15	3018.71
728.34	2744.28
728.54	2910.16
728.73	3020.75
728.92	2697.17
729.11	2805.72
729.30	2713.56
729.49	3026.90
729.68	2924.50
729.88	2791.38
730.07	2496.47
730.26	2602.97
730.45	3133.39
730.64	3170.26
730.83	2580.44
731.02	2412.51
731.21	3026.90
731.41	2971.60
731.60	2392.03
731.79	2736.09
731.98	3166.16
732.17	3166.16
732.36	2424.80
732.55	2359.26
732.74	3241.93
732.93	2951.12
733.13	2645.98
733.32	2602.97
733.51	2840.53
733.70	3350.48
733.89	2621.40
734.08	2656.22
734.27	2777.05
734.46	3151.82
734.65	2473.95
734.85	2682.84
735.04	2856.92
735.23	3114.96
735.42	2686.94
735.61	2185.18
735.80	2871.25
735.99	3157.97
736.18	3272.65
736.37	2385.88
736.56	3145.68
736.75	2850.77
736.94	2600.92
737.14	2424.80
737.33	2947.03
737.52	2852.82
737.71	2625.50
737.90	2701.27
738.09	3053.52
738.28	2922.45
738.47	2748.37
738.66	2643.93
738.85	3108.82
739.04	2858.96
739.23	2731.99
739.42	2275.29
739.61	3006.42
739.80	2772.95
740.00	2516.95
740.19	2418.65
740.38	2906.07
740.57	2824.15
740.76	2541.53
740.95	2568.15
741.14	3239.89
741.33	3391.44
741.52	2682.84
741.71	2400.22
741.90	3057.62
742.09	3151.82
742.28	2463.71
742.47	2244.57
742.66	2887.64
742.85	2740.18
743.04	2422.75
743.23	2674.65
743.42	3112.91
743.61	2858.96
743.80	2426.84
743.99	2301.92
744.18	2981.84
744.37	2863.06
744.56	2447.32
744.75	2312.16
744.94	3102.67
745.13	3014.61
745.32	2187.23
745.51	2519.00
745.71	2979.79
745.90	2897.88
746.09	2541.53
746.28	2508.76
746.47	2969.55
746.66	3045.33
746.85	2529.24
747.04	2547.67
747.23	2883.54
747.42	3188.69
747.61	2295.77
747.80	2721.75
747.99	3053.52
748.18	2719.70
748.36	2338.78
748.55	2818.00
748.74	3241.93
748.93	3133.39
749.12	2445.27
749.31	2492.38
749.50	2850.77
749.69	3094.48
749.88	2471.90
750.07	2355.16
750.26	3184.59
750.45	2871.25
750.64	2201.57
750.83	2441.18
751.02	2873.30
751.21	3059.67
751.40	2523.10
751.59	2635.74
751.78	3153.87
751.97	3110.86
752.16	2725.85
752.35	2650.07
752.54	3053.52
752.73	2969.55
752.92	2488.28
753.11	2777.05
753.30	2736.09
753.49	2502.62
753.68	2627.54
753.87	2588.63
754.05	3020.75
754.24	2846.68
754.43	2742.23
754.62	2414.56
754.81	3448.78
755.00	3209.17
755.19	2529.24
755.38	2736.09
755.57	3096.53
755.76	3059.67
755.95	2807.77
756.14	2338.78
756.33	3055.57
756.52	2883.54
756.70	2531.29
756.89	2553.82
757.08	3129.30
757.27	3018.71
757.46	2562.01
757.65	2353.12
757.84	3166.16
758.03	2750.42
758.22	2488.28
758.41	2496.47
758.60	2711.51
758.79	2897.88
758.97	2680.79
759.16	2818.00
759.35	2971.60
759.54	2908.12
759.73	2398.17
759.92	2496.47
760.11	2744.28
760.30	2928.60
760.49	2498.52
760.67	2519.00
760.86	3053.52
761.05	3252.17
761.24	2451.42
761.43	2258.91
761.62	3022.80
761.81	2969.55
762.00	2619.35
762.19	2367.45
762.37	3108.82
762.56	3262.41
762.75	2207.71
762.94	2488.28
763.13	2691.03
763.32	2815.96
763.51	2250.72
763.70	2252.77
763.88	3252.17
764.07	2932.69
764.26	2449.37
764.45	2303.96
764.64	3039.19
764.83	3254.22
765.02	2576.34
765.20	2615.26
765.39	3018.71
765.58	3291.09
765.77	2650.07
765.96	2916.31
766.15	2863.06
766.33	2914.26
766.52	2670.55
766.71	2441.18
766.90	3264.46
767.09	2867.16
767.28	2291.68
767.46	2496.47
767.65	2768.85
767.84	2928.60
768.03	2568.15
768.22	2277.34
768.41	2648.02
768.59	2818.00
768.78	2498.52
768.97	2611.16
769.16	3260.37
769.35	2826.20
769.54	2422.75
769.72	2385.88
769.91	2981.84
770.10	3276.75
770.29	2340.83
770.48	2594.78
770.66	3037.14
770.85	2947.03
771.04	2576.34
771.23	2308.06
771.42	3266.51
771.60	3143.63
771.79	2521.05
771.98	2592.73
772.17	3039.19
772.36	3194.83
772.54	2322.40
772.73	2551.77
772.92	3127.25
773.11	2734.04
773.30	2562.01
773.48	2326.49
773.67	2875.35
773.86	2811.86
774.05	2457.56
774.23	2678.74
774.42	3102.67
774.61	3164.11
774.80	2490.33
774.99	2318.30
775.17	3129.30
775.36	2904.02
775.55	2514.91
775.74	2545.63
775.92	3088.34
776.11	2731.99
776.30	2783.19
776.49	2359.26
776.67	2826.20
776.86	2627.54
777.05	2435.03
777.24	2269.15
777.42	2940.88
777.61	2752.47
777.80	2713.56
777.99	2338.78
778.17	2863.06
778.36	2858.96
778.55	2453.47
778.74	2631.64
778.92	2879.44
779.11	3137.49
779.30	2519.00
779.49	2508.76
779.67	3006.42
779.86	2893.78
780.05	2357.21
780.24	2289.63
780.42	3004.37
780.61	2949.08
780.80	2559.96
780.98	2312.16
781.17	2891.73
781.36	2770.90
781.55	2605.02
781.73	2336.73
781.92	3059.67
782.11	2881.49
782.29	2478.04
782.48	2473.95
782.67	3162.06
782.86	3030.99
783.04	2432.99
783.23	2486.23
783.42	3078.10
783.60	3076.05
783.79	2453.47
783.98	2314.20
784.16	3045.33
784.35	2922.45
784.54	2594.78
784.73	2355.16
784.91	2930.64
785.10	2779.09
785.29	2478.04
785.47	2654.17
785.66	2959.31
785.85	2736.09
786.03	2361.31
786.22	2326.49
786.41	3203.02
786.59	2971.60
786.78	2308.06
786.97	2455.51
787.15	3084.24
787.34	2932.69
787.53	2510.81
787.71	2519.00
787.90	2940.88
788.09	2985.94
788.27	2787.29
788.46	2506.71
788.65	3006.42
788.83	2932.69
789.02	2252.77
789.21	2310.11
789.39	2711.51
789.58	3078.10
789.77	2340.83
789.95	2318.30
790.14	3243.98
790.33	2820.05
790.51	2232.29
790.70	2670.55
790.88	2879.44
791.07	2899.92
791.26	2934.74
791.44	2467.80
791.63	2820.05
791.82	3067.86
792.00	2349.02
792.19	2555.86
792.38	3233.74
792.56	2961.36
792.75	2574.30
792.93	2625.50
793.12	3043.28
793.31	2840.53
793.49	2834.39
793.68	2426.84
793.86	2789.33
794.05	3229.65
794.24	2531.29
794.42	2580.44
794.61	2934.74
794.80	2820.05
794.98	2848.72
795.17	2570.20
795.35	3235.79
795.54	2906.07
795.73	2588.63
795.91	3141.58
796.10	3080.14
796.28	2977.75
796.47	2314.20
796.66	2367.45
796.84	3370.96
797.03	2983.89
797.21	2254.81
797.40	2590.68
797.58	3211.22
797.77	2838.48
797.96	2723.80
798.14	3035.09
798.33	3272.65
798.51	3037.14
798.70	2344.92
798.88	2557.91
799.07	2953.17
799.26	3026.90
799.44	2631.64
799.63	2580.44
799.81	2648.02
800.00	2920.40
800.18	2875.35
800.37	2676.70
800.56	2807.77
800.74	2944.98
800.93	2488.28
801.11	2525.15
801.30	3020.75
801.48	2871.25
801.67	2662.36
801.85	2609.11
802.04	3049.43
802.22	2822.10
802.41	2582.49
802.60	2738.13
802.78	3166.16
802.97	2731.99
803.15	2633.69
803.34	2611.16
803.52	3037.14
803.71	3008.47
803.89	2265.05
804.08	2856.92
804.26	3262.41
804.45	2822.10
804.63	2660.31
804.82	2529.24
805.00	2867.16
805.19	3342.28
805.37	2496.47
805.56	2482.14
805.74	3301.33
805.93	2772.95
806.11	2674.65
806.30	2398.17
806.48	2904.02
806.67	2953.17
806.85	2596.82
807.04	2494.43
807.22	2764.76
807.41	2916.31
807.59	2824.15
807.78	2473.95
807.96	3217.36
808.15	2965.46
808.33	2785.24
808.52	2858.96
808.70	3188.69
808.89	3114.96
809.07	3055.57
809.26	2529.24
809.44	2889.68
809.63	3078.10
809.81	2983.89
810.00	2684.89
810.18	3037.14
810.37	3006.42
810.55	2695.13
810.74	2744.28
810.92	3311.57
811.11	3264.46
811.29	2226.14
811.48	2521.05
811.66	2815.96
811.84	2815.96
812.03	2629.59
812.21	2684.89
812.40	2897.88
812.58	2672.60
812.77	2793.43
812.95	2549.72
813.14	2887.64
813.32	2727.89
813.51	2555.86
813.69	2562.01
813.87	2705.37
814.06	2987.99
814.24	2666.46
814.43	2359.26
814.61	3055.57
814.80	3080.14
814.98	2502.62
815.16	2553.82
815.35	3170.26
815.53	3383.24
815.72	2545.63
815.90	2543.58
816.09	2858.96
816.27	2973.65
816.45	2725.85
816.64	2564.06
816.82	3315.66
817.01	2695.13
817.19	2475.99
817.37	2723.80
817.56	3145.68
817.74	2699.22
817.93	2842.58
818.11	2600.92
818.30	2832.34
818.48	2705.37
818.66	2613.21
818.85	2613.21
819.03	2852.82
819.21	2809.81
819.40	2635.74
819.58	2983.89
819.77	2965.46
819.95	2957.27
820.13	2955.22
820.32	2342.88
820.50	3209.17
820.69	3182.54
820.87	2602.97
821.05	2441.18
821.24	2990.03
821.42	2979.79
821.60	2555.86
821.79	2828.24
821.97	3078.10
822.16	3248.08
822.34	2586.58
822.52	2617.30
822.71	3227.60
822.89	3010.51
823.07	2846.68
823.26	2414.56
823.44	2842.58
823.62	2736.09
823.81	2631.64
823.99	2377.69
824.18	2996.18
824.36	2803.67
824.54	2740.18
824.73	2701.27
824.91	3307.47
825.09	3063.76
825.28	2818.00
825.46	2869.20
825.64	3153.87
825.83	2844.63
826.01	2717.65
826.19	2516.95
826.38	2875.35
826.56	2922.45
826.74	2531.29
826.93	2562.01
827.11	2885.59
827.29	3012.56
827.48	2695.13
827.66	2566.10
827.84	2955.22
828.03	2912.21
828.21	2422.75
828.39	2373.60
828.57	3178.45
828.76	3069.91
828.94	2447.32
829.12	2861.01
829.31	2959.31
829.49	2924.50
829.67	2523.10
829.86	2533.34
830.04	2840.53
830.22	3026.90
830.40	2463.71
830.59	2645.98
830.77	3059.67
830.95	3006.42
831.14	2879.44
831.32	2408.41
831.50	2813.91
831.69	2955.22
831.87	2838.48
832.05	2586.58
832.23	2977.75
832.42	3127.25
832.60	2500.57
832.78	2451.42
832.96	4364.22
833.15	3135.44
833.33	2506.71
833.51	2891.73
833.70	3022.80
833.88	3041.23
834.06	2799.57
834.24	2578.39
834.43	3305.42
834.61	2938.84
834.79	2740.18
834.97	2994.13
835.16	3117.01
835.34	2791.38
835.52	2879.44
835.70	2469.85
835.89	2906.07
836.07	3235.79
836.25	2781.14
836.43	2480.09
836.62	2881.49
836.80	3037.14
836.98	2473.95
837.16	2471.90
837.34	2863.06
837.53	3100.62
837.71	2668.50
837.89	2918.36
838.07	3010.51
838.26	3024.85
838.44	2668.50
838.62	3166.16
838.80	2949.08
838.99	3037.14
839.17	2498.52
839.35	2758.61
839.53	2926.55
839.71	3176.40
839.90	2498.52
840.08	2797.53
840.26	3209.17
840.44	3045.33
840.62	2818.00
840.81	2334.68
840.99	3528.65
841.17	2922.45
841.35	2688.98
841.53	2598.87
841.72	3127.25
841.90	2983.89
842.08	2490.33
842.26	2389.98
842.44	2942.93
842.63	3227.60
842.81	2953.17
842.99	2766.81
843.17	3010.51
843.35	2979.79
843.53	2916.31
843.72	2654.17
843.90	3057.62
844.08	2873.30
844.26	2555.86
844.44	2727.89
844.62	3237.84
844.81	3168.21
844.99	2928.60
845.17	2508.76
845.35	3053.52
845.53	2914.26
845.71	4581.31
845.90	2693.08
846.08	2914.26
846.26	2781.14
846.44	2447.32
846.62	2588.63
846.80	2967.51
846.98	2813.91
847.17	3647.43
847.35	3106.77
847.53	3080.14
847.71	2971.60
847.89	3065.81
848.07	2539.48
848.25	3035.09
848.44	2748.37
848.62	2797.53
848.80	2570.20
848.98	2807.77
849.16	3002.32
849.34	2838.48
849.52	2523.10
849.70	3006.42
849.89	3074.00
850.07	2768.85
850.25	2852.82
850.43	3012.56
850.61	3104.72
850.79	2418.65
850.97	2664.41
851.15	3137.49
851.33	2969.55
851.52	2588.63
851.70	2942.93
851.88	3215.31
852.06	2932.69
852.24	2635.74
852.42	2815.96
852.60	3239.89
852.78	3282.89
852.96	2572.25
853.14	2789.33
853.33	3293.13
853.51	3061.71
853.69	2924.50
853.87	2789.33
854.05	2893.78
854.23	2688.98
854.41	2531.29
854.59	2807.77
854.77	3131.34
854.95	2981.84
855.13	2541.53
855.31	2844.63
855.49	2936.79
855.68	2793.43
855.86	2643.93
856.04	2928.60
856.22	2750.42
856.40	2899.92
856.58	2600.92
856.76	2746.33
856.94	2768.85
857.12	3033.04
857.30	2389.98
857.48	2590.68
857.66	2981.84
857.84	3504.07
858.02	2605.02
858.20	2940.88
858.38	2885.59
858.56	2990.03
858.74	2469.85
858.92	2572.25
859.10	2996.18
859.29	2987.99
859.47	2559.96
859.65	2977.75
859.83	2998.23
860.01	2871.25
860.19	2643.93
860.37	2695.13
860.55	3063.76
860.73	2875.35
860.91	2547.67
861.09	2961.36
861.27	2887.64
861.45	3078.10
861.63	2641.88
861.81	2906.07
861.99	2924.50
862.17	2820.05
862.35	2486.23
862.53	2551.77
862.71	3186.64
862.89	2908.12
863.07	2590.68
863.25	2973.65
863.43	3045.33
863.61	3153.87
863.79	2916.31
863.97	2854.87
864.15	2977.75
864.33	2809.81
864.51	2596.82
864.69	2545.63
864.87	3200.98
865.05	2861.01
865.23	2602.97
865.41	2596.82
865.59	3182.54
865.77	2963.41
865.95	2764.76
866.13	2492.38
866.30	2994.13
866.48	2781.14
866.66	2760.66
866.84	2727.89
867.02	3006.42
867.20	2760.66
867.38	2572.25
867.56	2645.98
867.74	3114.96
867.92	2979.79
868.10	2670.55
868.28	2512.86
868.46	3022.80
868.64	3141.58
868.82	2686.94
869.00	2635.74
869.18	2854.87
869.36	3200.98
869.54	2979.79
869.72	2953.17
869.89	2998.23
870.07	2854.87
870.25	2693.08
870.43	2756.57
870.61	2770.90
870.79	2977.75
870.97	2627.54
871.15	2811.86
871.33	3456.97
871.51	2885.59
871.69	2813.91
871.87	2764.76
872.05	3131.34
872.22	3157.97
872.40	2551.77
872.58	2820.05
872.76	3153.87
872.94	3065.81
873.12	2703.32
873.30	2473.95
873.48	3045.33
873.66	3014.61
873.84	2693.08
874.01	2658.26
874.19	2932.69
874.37	2920.40
874.55	2494.43
874.73	2643.93
874.91	3295.18
875.09	2748.37
875.27	2490.33
875.45	2674.65
875.62	3088.34
875.80	2922.45
875.98	2629.59
876.16	2891.73
876.34	3057.62
876.52	2756.57
876.70	3065.81
876.88	2498.52
877.05	3125.20
877.23	3104.72
877.41	2711.51
877.59	3049.43
877.77	3112.91
877.95	2783.19
878.13	2490.33
878.30	2584.54
878.48	3059.67
878.66	3047.38
878.84	2834.39
879.02	2639.83
879.20	3035.09
879.37	3090.38
879.55	2785.24
879.73	2879.44
879.91	3000.27
880.09	2983.89
880.27	3153.87
880.45	2600.92
880.62	2936.79
880.80	2818.00
880.98	2742.23
881.16	2734.04
881.34	2918.36
881.51	2785.24
881.69	2734.04
881.87	2545.63
882.05	3051.47
882.23	2758.61
882.41	2592.73
882.58	2686.94
882.76	2971.60
882.94	2793.43
883.12	2895.83
883.30	2809.81
883.47	3205.07
883.65	2981.84
883.83	2885.59
884.01	2645.98
884.19	2924.50
884.36	2834.39
884.54	2392.03
884.72	2899.92
884.90	3047.38
885.08	3086.29
885.25	3545.03
885.43	2617.30
885.61	2856.92
885.79	2922.45
885.97	2959.31
886.14	2672.60
886.32	2916.31
886.50	3225.55
886.68	2707.41
886.85	2633.69
887.03	3121.10
887.21	3022.80
887.39	2848.72
887.56	2908.12
887.74	2957.27
887.92	3006.42
888.10	2809.81
888.27	2846.68
888.45	3194.83
888.63	3219.41
888.81	2731.99
888.99	2609.11
889.16	2834.39
889.34	2908.12
889.52	2553.82
889.69	2709.46
889.87	3151.82
890.05	2979.79
890.23	2785.24
890.40	2572.25
890.58	2971.60
890.76	3014.61
890.94	2637.78
891.11	2697.17
891.29	2981.84
891.47	2863.06
891.65	2885.59
891.82	2947.03
892.00	2746.33
892.18	3010.51
892.35	2766.81
892.53	2750.42
892.71	3262.41
892.89	3088.34
893.06	2744.28
893.24	2721.75
893.42	2660.31
893.59	2844.63
893.77	2576.34
893.95	2695.13
894.13	2590.68
894.30	3143.63
894.48	2688.98
894.66	3221.45
894.83	2951.12
895.01	2983.89
895.19	2940.88
895.36	2691.03
895.54	3278.80
895.72	3049.43
895.89	2588.63
896.07	2627.54
896.25	3106.77
896.43	2801.62
896.60	2990.03
896.78	2680.79
896.96	3188.69
897.13	3039.19
897.31	2584.54
897.49	2727.89
897.66	3248.08
897.84	2947.03
898.02	2963.41
898.19	2877.40
898.37	2914.26
898.55	3155.92
898.72	2957.27
898.90	2785.24
899.07	3018.71
899.25	3053.52
899.43	2879.44
899.60	3342.28
899.78	2830.29
899.96	2744.28
900.13	2609.11
900.31	2879.44
900.49	2889.68
900.66	3135.44
900.84	2947.03
901.02	2949.08
901.19	2998.23
901.37	2772.95
901.54	2840.53
901.72	2498.52
901.90	2947.03
902.07	3057.62
902.25	2738.13
902.43	2731.99
902.60	3241.93
902.78	2682.84
902.95	2775.00
903.13	2758.61
903.31	2885.59
903.48	2961.36
903.66	2781.14
903.83	2922.45
904.01	3076.05
904.19	2881.49
904.36	2793.43
904.54	2533.34
904.71	3131.34
904.89	2766.81
905.07	2711.51
905.24	2705.37
905.42	2944.98
905.59	3055.57
905.77	2940.88
905.95	2760.66
906.12	2752.47
906.30	2942.93
906.47	2924.50
906.65	3145.68
906.82	3151.82
907.00	3194.83
907.18	2449.37
907.35	2684.89
907.53	3039.19
907.70	2969.55
907.88	2688.98
908.05	3745.73
908.23	3086.29
908.41	3076.05
908.58	2760.66
908.76	2430.94
908.93	3223.50
909.11	2971.60
909.28	2627.54
909.46	2592.73
909.63	3143.63
909.81	3071.95
909.99	2856.92
910.16	2539.48
910.34	2883.54
910.51	2967.51
910.69	2908.12
910.86	2562.01
911.04	2963.41
911.21	2650.07
911.39	3295.18
911.56	2641.88
911.74	2928.60
911.91	2930.64
912.09	2670.55
912.26	2631.64
912.44	2670.55
912.62	2764.76
912.79	2762.71
912.97	2838.48
913.14	3209.17
913.32	3049.43
913.49	2783.19
913.67	2809.81
913.84	2613.21
914.02	2824.15
914.19	2660.31
914.37	2789.33
914.54	2834.39
914.72	2572.25
914.89	2615.26
915.07	3016.66
915.24	2775.00
915.42	2875.35
915.59	2787.29
915.77	2916.31
915.94	3198.93
916.12	3284.94
916.29	2701.27
916.46	2762.71
916.64	3018.71
916.81	3129.30
916.99	2895.83
917.16	2727.89
917.34	3223.50
917.51	3112.91
917.69	2635.74
917.86	2533.34
918.04	2897.88
918.21	3112.91
918.39	2865.11
918.56	2676.70
918.74	2760.66
918.91	3293.13
919.08	2463.71
919.26	2990.03
919.43	3010.51
919.61	2942.93
919.78	2703.32
919.96	3051.47
920.13	3217.36
920.31	2965.46
920.48	2875.35
920.65	2787.29
920.83	3184.59
921.00	3026.90
921.18	2766.81
921.35	2936.79
921.53	2863.06
921.70	2793.43
921.88	2709.46
922.05	2564.06
922.22	2742.23
922.40	3006.42
922.57	2693.08
922.75	2416.60
922.92	2998.23
923.09	2914.26
923.27	2727.89
923.44	3033.04
923.62	2820.05
923.79	3166.16
923.96	2701.27
924.14	2537.43
924.31	3229.65
924.49	2949.08
924.66	2676.70
924.83	2867.16
925.01	2930.64
925.18	3321.81
925.36	2961.36
925.53	2643.93
925.70	2850.77
925.88	2742.23
926.05	2893.78
926.23	2867.16
926.40	3024.85
926.57	3018.71
926.75	2818.00
926.92	2535.39
927.09	3071.95
927.27	2756.57
927.44	2838.48
927.62	2639.83
927.79	3215.31
927.96	2717.65
928.14	2727.89
928.31	2818.00
928.48	3239.89
928.66	2899.92
928.83	2535.39
929.00	2783.19
929.18	2936.79
929.35	2961.36
929.52	3092.43
929.70	2645.98
929.87	2822.10
930.05	2777.05
930.22	2793.43
930.39	2768.85
930.57	2807.77
930.74	3243.98
930.91	2686.94
931.09	3039.19
931.26	2879.44
931.43	3078.10
931.61	2465.75
931.78	2783.19
931.95	2834.39
932.12	3260.37
932.30	2543.58
932.47	2979.79
932.64	2717.65
932.82	2783.19
932.99	2785.24
933.16	2596.82
933.34	2846.68
933.51	3051.47
933.68	2641.88
933.86	2977.75
934.03	2922.45
934.20	2809.81
934.38	3010.51
934.55	2539.48
934.72	3373.00
934.89	3082.19
935.07	2748.37
935.24	2760.66
935.41	2969.55
935.59	2947.03
935.76	2676.70
935.93	2818.00
936.10	2783.19
936.28	2930.64
936.45	2783.19
936.62	2797.53
936.79	3082.19
936.97	2875.35
937.14	2809.81
937.31	2861.01
937.49	2783.19
937.66	3033.04
937.83	2981.84
938.00	2940.88
938.18	3178.45
938.35	2998.23
938.52	2766.81
938.69	2770.90
938.87	2906.07
939.04	2963.41
939.21	2695.13
939.38	2725.85
939.56	2856.92
939.73	2625.50
939.90	2731.99
940.07	2703.32
940.25	2936.79
940.42	2940.88
940.59	2883.54
940.76	2596.82
940.94	2852.82
941.11	2748.37
941.28	2760.66
941.45	2938.84
941.62	3051.47
941.80	2668.50
941.97	2871.25
942.14	2531.29
942.31	3264.46
942.48	2772.95
942.66	2717.65
942.83	2826.20
943.00	2609.11
943.17	3094.48
943.35	3014.61
943.52	2746.33
943.69	2738.13
943.86	2795.48
944.03	2557.91
944.21	3168.21
944.38	2924.50
944.55	2826.20
944.72	2766.81
944.89	2715.61
945.06	2797.53
945.24	2820.05
945.41	3151.82
945.58	2842.58
945.75	3035.09
945.92	2770.90
946.10	3094.48
946.27	2445.27
946.44	2820.05
946.61	2822.10
946.78	3047.38
946.95	2570.20
947.13	2781.14
947.30	2799.57
947.47	2711.51
947.64	2875.35
947.81	3059.67
947.98	2775.00
948.16	2795.48
948.33	2734.04
948.50	2731.99
948.67	2783.19
948.84	3047.38
949.01	2682.84
949.18	2881.49
949.36	3149.78
949.53	2838.48
949.70	2775.00
949.87	2938.84
950.04	2797.53
950.21	2930.64
950.38	2607.06
950.56	2944.98
950.73	2959.31
950.90	2766.81
951.07	2863.06
951.24	3067.86
951.41	2799.57
951.58	2734.04
951.75	2822.10
951.92	2834.39
952.10	2926.55
952.27	2605.02
952.44	2906.07
952.61	3518.41
952.78	2867.16
952.95	2543.58
953.12	2867.16
953.29	2852.82
953.46	2793.43
953.64	2957.27
953.81	2609.11
953.98	2983.89
954.15	2750.42
954.32	2777.05
954.49	2568.15
954.66	2881.49
954.83	2787.29
955.00	2662.36
955.17	2799.57
955.34	2762.71
955.51	2848.72
955.69	3358.67
955.86	2781.14
956.03	2856.92
956.20	2879.44
956.37	2883.54
956.54	2555.86
956.71	2932.69
956.88	2785.24
957.05	2752.47
957.22	2600.92
957.39	3047.38
957.56	2658.26
957.73	2633.69
957.90	2670.55
958.07	3090.38
958.24	2973.65
958.41	2572.25
958.59	2850.77
958.76	3092.43
958.93	3186.64
959.10	2858.96
959.27	2654.17
959.44	3112.91
959.61	2828.24
959.78	2899.92
959.95	2715.61
960.12	3094.48
960.29	2940.88
960.46	2598.87
960.63	2564.06
960.80	2936.79
960.97	3127.25
961.14	2547.67
961.31	2832.34
961.48	3110.86
961.65	2996.18
961.82	2838.48
961.99	2875.35
962.16	2875.35
962.33	2930.64
962.50	2924.50
962.67	2570.20
962.84	2901.97
963.01	2824.15
963.18	2613.21
963.35	2615.26
963.52	3006.42
963.69	2940.88
963.86	3026.90
964.03	2932.69
964.20	3340.24
964.37	2949.08
964.54	2994.13
964.71	2811.86
964.88	2891.73
965.05	3006.42
965.22	2772.95
965.39	2932.69
965.56	2768.85
965.73	2758.61
965.90	2949.08
966.07	2592.73
966.24	2906.07
966.41	2852.82
966.58	2744.28
966.74	3033.04
966.91	3389.39
967.08	3121.10
967.25	2609.11
967.42	2818.00
967.59	2953.17
967.76	2727.89
967.93	2891.73
968.10	2807.77
968.27	2996.18
968.44	2942.93
968.61	2684.89
968.78	2562.01
968.95	2846.68
969.12	2830.29
969.29	2820.05
969.46	2627.54
969.62	3192.78
969.79	2660.31
969.96	2596.82
970.13	2553.82
970.30	2979.79
970.47	3004.37
970.64	2889.68
970.81	2799.57
970.98	3039.19
971.15	2899.92
971.32	2516.95
971.49	2887.64
971.65	3102.67
971.82	2938.84
971.99	2850.77
972.16	2985.94
972.33	2826.20
972.50	2934.74
972.67	2879.44
972.84	2854.87
973.01	2762.71
973.17	2942.93
973.34	2891.73
973.51	2957.27
973.68	2973.65
973.85	2777.05
974.02	2891.73
974.19	2742.23
974.36	3020.75
974.53	3121.10
974.69	2818.00
974.86	2641.88
975.03	3164.11
975.20	2740.18
975.37	2889.68
975.54	2912.21
975.71	3020.75
975.87	2828.24
976.04	2914.26
976.21	2834.39
976.38	2955.22
976.55	2818.00
976.72	2764.76
976.89	2957.27
977.05	3047.38
977.22	3168.21
977.39	2576.34
977.56	2889.68
977.73	2891.73
977.90	2731.99
978.06	2928.60
978.23	2818.00
978.40	2756.57
978.57	3145.68
978.74	3043.28
978.91	2916.31
979.07	2889.68
979.24	2990.03
979.41	2762.71
979.58	2709.46
979.75	3133.39
979.91	2654.17
980.08	2482.14
980.25	2863.06
980.42	3071.95
980.59	2922.45
980.75	2699.22
980.92	2775.00
981.09	2879.44
981.26	2938.84
981.43	3026.90
981.59	2805.72
981.76	2744.28
981.93	2772.95
982.10	2678.74
982.27	2627.54
982.43	3026.90
982.60	2863.06
982.77	2613.21
982.94	2785.24
983.11	2803.67
983.27	2680.79
983.44	2777.05
983.61	2801.62
983.78	3209.17
983.94	3084.24
984.11	2674.65
984.28	2762.71
984.45	3135.44
984.61	2586.58
984.78	2711.51
984.95	2713.56
985.12	2891.73
985.28	3088.34
985.45	2621.40
985.62	2670.55
985.79	2910.16
985.95	2813.91
986.12	2482.14
986.29	2809.81
986.46	3141.58
986.62	3119.06
986.79	2777.05
986.96	2645.98
987.13	2897.88
987.29	3184.59
987.46	2801.62
987.63	2707.41
987.80	2723.80
987.96	3317.71
988.13	2662.36
988.30	2715.61
988.46	2795.48
988.63	3100.62
988.80	2170.85
988.97	2199.52
989.13	3059.67
989.30	3035.09
989.47	2144.22
989.63	2236.38
989.80	3166.16
989.97	3049.43
990.13	2447.32
990.30	2727.89
990.47	2803.67
990.64	2885.59
990.80	2209.76
990.97	2449.37
991.14	2846.68
991.30	2973.65
991.47	2248.67
991.64	2349.02
991.80	2883.54
991.97	2891.73
992.14	2187.23
992.30	2791.38
992.47	2834.39
992.64	3022.80
992.80	2299.87
992.97	2148.32
993.14	3278.80
993.30	3815.37
993.47	2299.87
993.64	2351.07
993.80	3160.02
993.97	2949.08
994.14	2351.07
994.30	2695.13
994.47	3071.95
994.64	2936.79
994.80	2512.86
994.97	2353.12
995.14	3112.91
995.30	2998.23
995.47	2402.27
995.63	2547.67
995.80	2918.36
995.97	3305.42
996.13	2269.15
996.30	2310.11
996.47	2861.01
996.63	3514.31
996.80	2725.85
996.97	2543.58
997.13	3030.99
997.30	3239.89
997.46	2232.29
997.63	2531.29
997.80	3182.54
997.96	3100.62
998.13	2273.25
998.29	2383.84
998.46	3020.75
998.63	2801.62
998.79	2193.37
998.96	2455.51
999.12	3162.06
999.29	2932.69
999.46	2238.43
999.62	2678.74
999.79	3063.76
999.95	3028.95
1000.12	2375.64
1000.29	2389.98
1000.45	3037.14
1000.62	2981.84
1000.78	2346.97
1000.95	2398.17
1001.11	2998.23
1001.28	3121.10
1001.45	2400.22
1001.61	2676.70
1001.78	3000.27
1001.94	3137.49
1002.11	2469.85
1002.27	2654.17
1002.44	3178.45
1002.61	3045.33
1002.77	2342.88
1002.94	2326.49
1003.10	3028.95
1003.27	3016.66
1003.43	2330.59
1003.60	2441.18
1003.76	2867.16
1003.93	2951.12
1004.10	2459.61
1004.26	2543.58
1004.43	3153.87
1004.59	3334.09
1004.76	2367.45
1004.92	2389.98
1005.09	3278.80
1005.25	3127.25
1005.42	2389.98
1005.58	2588.63
1005.75	3061.71
1005.91	3006.42
1006.08	2588.63
1006.24	2244.57
1006.41	2936.79
1006.57	2920.40
1006.74	2273.25
1006.90	2521.05
1007.07	2818.00
1007.23	3342.28
1007.40	2398.17
1007.56	2277.34
1007.73	2826.20
1007.89	3041.23
1008.06	2703.32
1008.22	2488.28
1008.39	3006.42
1008.55	2877.40
1008.72	2555.86
1008.88	2326.49
1009.05	2848.72
1009.21	3149.78
1009.38	2142.18
1009.54	2359.26
1009.71	3260.37
1009.87	3330.00
1010.04	2121.70
1010.20	2572.25
1010.37	2668.50
1010.53	3114.96
1010.70	2488.28
1010.86	2217.95
1011.03	2744.28
1011.19	2754.52
1011.35	2475.99
1011.52	2473.95
1011.68	2858.96
1011.85	2873.30
1012.01	2699.22
1012.18	2545.63
1012.34	2871.25
1012.51	2904.02
1012.67	2402.27
1012.83	2547.67
1013.00	3123.15
1013.16	2738.13
1013.33	2308.06
1013.49	2858.96
1013.66	3047.38
1013.82	3368.91
1013.99	2402.27
1014.15	2465.75
1014.31	3071.95
1014.48	2996.18
1014.64	2490.33
1014.81	2514.91
1014.97	2793.43
1015.13	3129.30
1015.30	2525.15
1015.46	2529.24
1015.63	2801.62
1015.79	2951.12
1015.95	2162.66
1016.12	2404.32
1016.28	2854.87
1016.45	2971.60
1016.61	2469.85
1016.77	2553.82
1016.94	2830.29
1017.10	3071.95
1017.27	2422.75
1017.43	2342.88
1017.59	2889.68
1017.76	3096.53
1017.92	2187.23
1018.09	2265.05
1018.25	3215.31
1018.41	3123.15
1018.58	2508.76
1018.74	2512.86
1018.90	2983.89
1019.07	2998.23
1019.23	2275.29
1019.40	2373.60
1019.56	3063.76
1019.72	2703.32
1019.89	2492.38
1020.05	2912.21
1020.21	3080.14
1020.38	2912.21
1020.54	2281.44
1020.70	2430.94
1020.87	2961.36
1021.03	3112.91
1021.19	2365.40
1021.36	2220.00
1021.52	3188.69
1021.68	3250.13
1021.85	2901.97
1022.01	2490.33
1022.17	3010.51
1022.34	3004.37
1022.50	2406.36
1022.66	2529.24
1022.83	3203.02
1022.99	3030.99
1023.15	2342.88
1023.32	2559.96
1023.48	2957.27
1023.64	2899.92
1023.81	2226.14
1023.97	2605.02
1024.13	2912.21
1024.30	2916.31
1024.46	2586.58
1024.62	2443.23
1024.79	3026.90
1024.95	3170.26
1025.11	2244.57
1025.27	2420.70
1025.44	2723.80
1025.60	2848.72
1025.76	2408.41
1025.93	2381.79
1026.09	2996.18
1026.25	2914.26
1026.41	2422.75
1026.58	2220.00
1026.74	2762.71
1026.90	3196.88
1027.07	2645.98
1027.23	2334.68
1027.39	2932.69
1027.55	3162.06
1027.72	2490.33
1027.88	2562.01
1028.04	2940.88
1028.20	3137.49
1028.37	2095.07
1028.53	2498.52
1028.69	2818.00
1028.85	3067.86
1029.02	2564.06
1029.18	2328.54
1029.34	2838.48
1029.50	3010.51
1029.67	2525.15
1029.83	2394.08
1029.99	2965.46
1030.15	2949.08
1030.32	2283.49
1030.48	2537.43
1030.64	2977.75
1030.80	3266.51
1030.97	2697.17
1031.13	2408.41
1031.29	3059.67
1031.45	3047.38
1031.61	2275.29
1031.78	2396.12
1031.94	3352.52
1032.10	3149.78
1032.26	2510.81
1032.42	2498.52
1032.59	3172.30
1032.75	2914.26
1032.91	2445.27
1033.07	2471.90
1033.24	2838.48
1033.40	3473.36
1033.56	2453.47
1033.72	2326.49
1033.88	3006.42
1034.04	3289.04
1034.21	2545.63
1034.37	2447.32
1034.53	3059.67
1034.69	2809.81
1034.85	2430.94
1035.02	2435.03
1035.18	2891.73
1035.34	3145.68
1035.50	2224.09
1035.66	2543.58
1035.82	2987.99
1035.99	3311.57
1036.15	2406.36
1036.31	2623.45
1036.47	3102.67
1036.63	3481.55
1036.79	2871.25
1036.96	2717.65
1037.12	3170.26
1037.28	2940.88
1037.44	2162.66
1037.60	2367.45
1037.76	2994.13
1037.92	2965.46
1038.09	2105.31
1038.25	2711.51
1038.41	3192.78
1038.57	3125.20
1038.73	2367.45
1038.89	2328.54
1039.05	3119.06
1039.22	3028.95
1039.38	2357.21
1039.54	2793.43
1039.70	3184.59
1039.86	3178.45
1040.02	2453.47
1040.18	2463.71
1040.34	2942.93
1040.51	3131.34
1040.67	3172.30
1040.83	2703.32
1040.99	3168.21
1041.15	3284.94
1041.31	2383.84
1041.47	2645.98
1041.63	2928.60
