345.74	1412.28
345.96	1412.28
346.17	1412.28
346.39	1447.91
346.60	1434.81
346.81	2573.89
347.03	2609.11
347.24	3318.12
347.46	3257.91
347.67	2705.37
347.89	2522.28
348.10	3092.43
348.32	2958.91
348.53	2543.99
348.75	2584.13
348.96	2879.03
349.18	3270.20
349.39	2542.35
349.61	2544.40
349.82	3128.07
350.04	3086.29
350.25	2515.72
350.47	2658.67
350.68	3110.86
350.90	3359.49
351.11	2480.09
351.32	2605.02
351.54	3328.77
351.75	3305.83
351.97	2547.26
352.18	2562.42
352.40	2911.80
352.61	3278.80
352.83	2697.99
353.04	2405.54
353.26	3245.62
353.47	2997.00
353.69	2618.94
353.90	2577.16
354.11	2818.00
354.33	3499.57
354.54	2284.71
354.76	2627.95
354.97	2899.92
355.19	3169.85
355.40	2470.67
355.62	3005.60
355.83	3010.92
356.04	3096.53
356.26	2478.86
356.47	2705.78
356.69	2824.56
356.90	3571.66
357.12	2566.92
357.33	2415.37
357.55	2953.58
357.76	3053.11
357.97	2350.25
358.19	2607.06
358.40	2850.36
358.62	3370.14
358.83	2513.68
359.05	2763.53
359.26	2928.19
359.47	3077.28
359.69	2693.90
359.90	2936.38
360.12	2866.75
360.33	2975.29
360.55	2439.13
360.76	2774.59
360.97	3201.79
361.19	3342.28
361.40	2472.72
361.62	2669.32
361.83	3332.86
362.04	3344.33
362.26	2534.57
362.47	2607.88
362.69	2954.81
362.90	3129.71
363.12	2477.22
363.33	2596.41
363.54	3049.02
363.76	3258.73
363.97	2593.14
364.19	2595.19
364.40	3399.63
364.61	3015.84
364.83	2303.56
365.04	2720.11
365.26	3027.72
365.47	3327.54
365.68	2545.63
365.90	2628.77
366.11	3025.26
366.33	3320.58
366.54	2475.58
366.75	2445.68
366.97	2787.29
367.18	2906.07
367.40	2715.61
367.61	2539.48
367.82	3062.94
368.04	3180.09
368.25	2648.02
368.46	2618.12
368.68	2984.71
368.89	3414.37
369.11	2583.72
369.32	2684.89
369.53	3359.90
369.75	3176.40
369.96	2924.50
370.18	2791.38
370.39	2905.66
370.60	3000.27
370.82	2519.82
371.03	2563.65
371.24	3430.76
371.46	2923.68
371.67	2703.32
371.88	2509.17
372.10	2798.34
372.31	2757.79
372.53	2351.48
372.74	2554.64
372.95	2842.17
373.17	2988.81
373.38	2819.64
373.59	2726.67
373.81	3027.72
374.02	3352.52
374.23	2493.20
374.45	2994.95
374.66	3131.75
374.88	3064.17
375.09	2504.67
375.30	2915.08
375.52	3019.53
375.73	3268.97
375.94	2475.99
376.16	2812.68
376.37	3187.87
376.58	3211.62
376.80	2775.00
377.01	2788.10
377.22	3597.87
377.44	3203.43
377.65	2705.37
377.86	2356.39
378.08	3064.58
378.29	2886.82
378.50	2667.27
378.72	2455.92
378.93	3449.60
379.14	3264.87
379.36	3012.15
379.57	2649.25
379.78	2775.00
380.00	3196.88
380.21	2388.34
380.42	2349.43
380.64	2739.77
380.85	2787.29
381.06	2709.05
381.28	2590.27
381.49	3525.78
381.70	2900.74
381.92	2489.10
382.13	2657.03
382.34	3499.98
382.56	3380.79
382.77	2591.91
382.98	2650.48
383.19	3167.39
383.41	3105.54
383.62	2558.73
383.83	2663.18
384.05	3078.51
384.26	3166.98
384.47	2711.10
384.69	2581.67
384.90	3022.39
385.11	3337.78
385.33	2588.22
385.54	2739.36
385.75	2887.23
385.96	3274.29
386.18	3136.67
386.39	2686.53
386.60	2895.42
386.82	3357.44
387.03	2682.02
387.24	2669.73
387.45	2913.85
387.67	2907.71
387.88	2738.54
388.09	2674.24
388.31	2946.62
388.52	3026.90
388.73	3069.50
388.94	2579.62
389.16	3235.79
389.37	2871.25
389.58	2679.97
389.80	2582.90
390.01	2926.96
390.22	3195.24
390.43	2729.12
390.65	2710.28
390.86	3001.91
391.07	3212.85
391.29	2607.47
391.50	2314.61
391.71	3230.47
391.92	3246.85
392.14	2695.54
392.35	2779.91
392.56	2896.65
392.77	3200.16
392.99	2694.31
393.20	2472.31
393.41	2976.52
393.62	2994.54
393.84	2539.07
394.05	2629.18
394.26	3140.36
394.47	3355.39
394.69	2854.87
394.90	2877.40
395.11	3028.13
395.32	2971.19
395.54	2543.58
395.75	2465.34
395.96	2863.88
396.17	3453.28
396.39	2983.89
396.60	2553.41
396.81	3113.73
397.02	2987.58
397.24	2870.02
397.45	3016.25
397.66	2929.82
397.87	3266.51
398.09	2721.34
398.30	2508.76
398.51	3221.86
398.72	2880.67
398.94	2565.29
399.15	3093.25
399.36	3108.41
399.57	3209.99
399.79	2742.23
400.00	3002.73
400.21	2718.88
400.42	3112.91
400.63	2648.02
400.85	2864.29
401.06	3021.16
401.27	3090.79
401.48	3204.66
401.70	2670.96
401.91	3419.29
402.12	3258.32
402.33	2893.37
402.54	2572.25
402.76	3026.90
402.97	3361.54
403.18	2608.70
403.39	2575.53
403.60	3163.29
403.82	3002.73
404.03	2264.23
404.24	2550.95
404.45	3158.38
404.66	3377.92
404.88	2401.45
405.09	3098.58
405.30	3157.97
405.51	3046.97
405.73	2587.40
405.94	2503.44
406.15	2942.11
406.36	2971.60
406.57	2626.32
406.78	2502.62
407.00	3026.90
407.21	3283.71
407.42	2473.13
407.63	2972.83
407.84	3131.75
408.06	3045.74
408.27	2449.78
408.48	2646.39
408.69	3088.75
408.90	2901.97
409.12	2441.18
409.33	2586.17
409.54	2736.91
409.75	2973.65
409.96	2620.99
410.17	2789.74
410.39	2831.93
410.60	3404.95
410.81	2683.66
411.02	2889.27
411.23	4782.83
411.44	2820.05
411.66	2681.20
411.87	2973.65
412.08	3404.13
412.29	2808.58
412.50	2554.64
412.71	2525.96
412.93	2896.24
413.14	2947.85
413.35	2721.34
413.56	2571.02
413.77	3064.17
413.98	3019.53
414.20	2523.92
414.41	2734.45
414.62	2980.20
414.83	2818.00
415.04	2584.95
415.25	2754.52
415.46	3294.77
415.68	2965.05
415.89	2440.36
416.10	2688.98
416.31	2726.67
416.52	3143.63
416.73	2669.73
416.94	2567.74
417.16	3039.19
417.37	3028.95
417.58	2804.49
417.79	2488.28
418.00	3071.13
418.21	2953.58
418.42	2776.64
418.64	2549.72
418.85	2750.01
419.06	3059.67
419.27	2532.52
419.48	2702.09
419.69	3061.30
419.90	2797.12
420.11	2519.41
420.33	2525.96
420.54	3381.61
420.75	3215.31
420.96	2409.64
421.17	2792.20
421.38	3000.27
421.59	2816.37
421.80	2466.98
422.02	2639.01
422.23	3014.20
422.44	3193.19
422.65	2529.65
422.86	2611.57
423.07	2811.04
423.28	3046.15
423.49	2279.80
423.70	2677.51
423.92	2822.92
424.13	3276.34
424.34	2407.18
424.55	2465.75
424.76	3263.64
424.97	3309.93
425.18	2440.77
425.39	2715.61
425.60	2814.73
425.81	2929.82
426.03	2722.16
426.24	2549.31
426.45	2975.70
426.66	3482.78
426.87	2598.46
427.08	2848.72
427.29	3049.02
427.50	3034.27
427.71	2539.48
427.92	2555.87
428.13	2825.38
428.34	2893.78
428.56	2842.58
428.77	2743.05
428.98	3517.59
429.19	3119.47
429.40	2741.82
429.61	2636.55
429.82	3100.62
430.03	2900.33
430.24	2747.96
430.45	2342.06
430.66	3151.82
430.87	2935.15
431.08	2665.23
431.30	2480.91
431.51	3044.51
431.72	3084.65
431.93	2751.65
432.14	2507.53
432.35	3041.64
432.56	3357.03
432.77	2541.94
432.98	2615.67
433.19	3004.78
433.40	2995.77
433.61	2451.01
433.82	2627.95
434.03	2794.25
434.24	2913.44
434.45	3160.43
434.66	3044.10
434.87	3148.14
435.09	3011.74
435.30	2765.58
435.51	2831.52
435.72	3116.19
435.93	2769.26
436.14	2709.05
436.35	2613.62
436.56	3149.37
436.77	3011.33
436.98	2483.78
437.19	2809.81
437.40	3327.54
437.61	3090.38
437.82	2637.78
438.03	2581.26
438.24	2942.52
438.45	3098.17
438.66	2463.71
438.87	2458.79
439.08	2978.98
439.29	2899.51
439.50	2828.65
439.71	3097.76
439.92	2742.23
440.13	2717.65
440.34	2586.17
440.55	2805.72
440.76	2842.58
440.97	3142.40
441.18	2838.08
441.39	2573.07
441.60	2872.07
441.81	2784.83
442.02	2654.58
442.23	2613.21
442.44	3061.71
442.65	2811.45
442.86	2772.95
443.07	2872.48
443.28	2935.56
443.49	2969.96
443.70	2836.85
443.91	2558.73
444.12	2808.58
444.33	2858.96
444.54	2859.37
444.75	2673.01
444.96	3057.62
445.17	3200.57
445.38	2955.22
445.59	2686.12
445.80	2904.84
446.01	2775.00
446.22	3102.26
446.43	2593.96
446.64	2743.05
446.85	2834.39
447.06	2684.89
447.27	2676.70
447.48	3207.12
447.69	2822.51
447.90	2760.25
448.11	2432.58
448.32	2912.62
448.53	2769.26
448.74	2825.79
448.95	2662.36
449.16	2802.85
449.37	2946.21
449.58	2589.45
449.79	2563.65
450.00	2547.67
450.21	2818.41
450.42	2755.75
450.63	2628.36
450.84	2707.41
451.05	2703.32
451.26	2759.84
451.47	2814.73
451.68	2997.41
451.89	2817.60
452.10	2734.86
452.30	2974.88
452.51	2922.45
452.72	2616.89
452.93	2752.06
453.14	2781.96
453.35	2820.87
453.56	3079.33
453.77	2713.56
453.98	2619.76
454.19	3045.74
454.40	2786.88
454.61	2649.66
454.82	2777.05
455.03	2541.12
455.24	2725.85
455.45	2741.82
455.66	2906.89
455.87	2836.85
456.07	2673.01
456.28	2620.17
456.49	2480.50
456.70	2960.54
456.91	2789.33
457.12	2521.05
457.33	2573.89
457.54	2948.67
457.75	3039.19
457.96	3007.24
458.17	2777.05
458.38	2756.57
458.59	2591.09
458.79	2533.34
459.00	2366.22
459.21	2736.91
459.42	2634.10
459.63	2528.83
459.84	2457.56
460.05	3557.32
460.26	2849.95
460.47	2698.40
460.68	2556.27
460.89	3018.30
461.09	3007.65
461.30	2790.97
461.51	2582.08
461.72	3066.63
461.93	2881.90
462.14	2688.57
462.35	2451.83
462.56	2946.62
462.77	2583.72
462.98	2893.78
463.18	2663.18
463.39	2884.77
463.60	3024.85
463.81	2698.81
464.02	3116.19
464.23	2904.02
464.44	3379.97
464.65	2675.06
464.86	2471.90
465.06	2516.54
465.27	2717.24
465.48	2475.58
465.69	2664.82
465.90	2926.14
466.11	2751.65
466.32	2495.25
466.53	2476.40
466.74	2936.79
466.94	2824.97
467.15	2686.94
467.36	2555.86
467.57	3011.33
467.78	2867.57
467.99	2753.29
468.20	3085.88
468.40	2723.39
468.61	2630.00
468.82	2596.82
469.03	3073.59
469.24	3024.03
469.45	2776.23
469.66	2759.84
469.86	2610.34
470.07	2979.38
470.28	2758.61
470.49	2538.66
470.70	2569.38
470.91	2686.53
471.12	2930.23
471.32	2664.41
471.53	2624.68
471.74	2887.23
471.95	2849.95
472.16	2602.97
472.37	2735.68
472.58	2945.80
472.78	2653.76
472.99	2666.05
473.20	2648.02
473.41	2791.38
473.62	2658.26
473.83	3159.61
474.03	2873.30
474.24	2829.88
474.45	2873.30
474.66	2652.53
474.87	2716.43
475.08	2735.27
475.28	3017.07
475.49	3007.65
475.70	2592.73
475.91	2970.78
476.12	2859.37
476.32	2610.75
476.53	2758.61
476.74	2977.75
476.95	2827.84
477.16	2609.93
477.37	2807.36
477.57	2917.54
477.78	2795.07
477.99	2625.09
478.20	2697.17
478.41	3148.14
478.61	2975.70
478.82	2922.45
479.03	2616.08
479.24	2946.21
479.45	2771.72
479.65	2677.10
479.86	2788.10
480.07	2946.21
480.28	2716.02
480.49	3781.78
480.69	2642.29
480.90	2881.49
481.11	2794.25
481.32	2396.12
481.53	2681.20
481.73	2961.77
481.94	2797.12
482.15	2637.78
482.36	2742.23
482.57	2769.67
482.77	3171.89
482.98	2915.90
483.19	2719.29
483.40	2673.01
483.60	2751.24
483.81	2768.44
484.02	2821.69
484.23	2765.58
484.44	2608.29
484.64	2707.01
484.85	2649.25
485.06	2868.79
485.27	2756.16
485.47	2802.85
485.68	2765.99
485.89	2949.48
486.10	3154.28
486.31	3017.48
486.51	2743.05
486.72	2870.84
486.93	2787.70
487.14	2650.89
487.34	2537.84
487.55	2764.35
487.76	2899.92
487.97	2811.04
488.17	2673.42
488.38	2832.75
488.59	2798.75
488.80	2886.00
489.00	2811.86
489.21	3025.67
489.42	2715.61
489.63	2948.67
489.83	2788.92
490.04	2795.89
490.25	2690.62
490.46	2703.73
490.66	2882.72
490.87	2815.14
491.08	2646.79
491.29	2648.84
491.49	2665.23
491.70	2842.99
491.91	2876.58
492.11	2828.24
492.32	2727.08
492.53	2522.69
492.74	3075.64
492.94	3076.05
493.15	2856.51
493.36	2836.85
493.57	2777.05
493.77	2759.02
493.98	2947.03
494.19	3054.34
494.39	2848.72
494.60	2497.29
494.81	2580.03
495.02	3101.85
495.22	3063.76
495.43	2525.96
495.64	2482.55
495.84	2613.21
496.05	3229.24
496.26	2833.16
496.47	2947.44
496.67	3192.78
496.88	2892.96
497.09	2816.78
497.29	2501.39
497.50	2620.17
497.71	2997.41
497.91	2443.23
498.12	2874.53
498.33	2802.44
498.54	2893.37
498.74	2735.68
498.95	2514.91
499.16	2964.23
499.36	2752.06
499.57	2593.96
499.78	2581.26
499.98	2726.67
500.19	2709.05
500.40	2652.94
500.60	2925.73
500.81	2843.40
501.02	2935.97
501.22	3261.19
501.43	2582.08
501.64	2801.62
501.85	2993.31
502.05	3379.97
502.26	2616.48
502.47	3243.57
502.67	2756.98
502.88	2721.34
503.09	2898.29
503.29	2593.14
503.50	2781.55
503.71	3084.65
503.91	2674.65
504.12	2764.76
504.33	2702.09
504.53	2760.25
504.74	2747.15
504.95	3031.81
505.15	2825.38
505.36	2947.03
505.56	2666.46
505.77	3300.51
505.98	2613.62
506.18	3065.40
506.39	2554.23
506.60	2670.14
506.80	2987.58
507.01	2748.78
507.22	2783.19
507.42	2956.45
507.63	2650.07
507.84	2893.37
508.04	2420.70
508.25	3088.34
508.45	3258.32
508.66	2727.89
508.87	2580.03
509.07	2912.62
509.28	2860.60
509.49	2649.66
509.69	3009.29
509.90	2831.52
510.11	2694.31
510.31	2668.91
510.52	2620.17
510.72	2793.02
510.93	2839.71
511.14	2585.36
511.34	2521.05
511.55	2745.51
511.76	3300.92
511.96	3165.75
512.17	2777.46
512.37	2991.67
512.58	2777.86
512.79	2603.38
512.99	2727.89
513.20	2859.37
513.40	3042.05
513.61	2834.39
513.82	2643.93
514.02	2611.98
514.23	2762.71
514.43	3141.99
514.64	2790.97
514.85	2913.85
515.05	2998.23
515.26	2801.21
515.46	2930.64
515.67	3062.94
515.88	2688.16
516.08	3180.09
516.29	2715.20
516.49	2802.85
516.70	2803.67
516.91	2776.23
517.11	2858.15
517.32	2803.26
517.52	2985.94
517.73	2720.11
517.93	3015.43
518.14	2969.96
518.35	2670.55
518.55	2499.75
518.76	2921.22
518.96	3098.17
519.17	2550.13
519.38	2799.16
519.58	2987.58
519.79	2869.20
519.99	2836.44
520.20	2741.00
520.40	2681.61
520.61	2870.84
520.82	3238.25
521.02	3046.56
521.23	2881.49
521.43	2997.00
521.64	2627.54
521.84	2703.32
522.05	2710.69
522.25	2611.57
522.46	2677.10
522.67	2781.55
522.87	3042.05
523.08	3156.74
523.28	2796.71
523.49	3146.91
523.69	2787.29
523.90	2854.87
524.10	2904.43
524.31	2737.72
524.51	2989.62
524.72	3012.15
524.93	2989.62
525.13	2725.44
525.34	2743.87
525.54	2857.74
525.75	3107.18
525.95	2496.06
526.16	3024.85
526.36	2916.31
526.57	3091.20
526.77	2415.78
526.98	3200.98
527.18	2724.21
527.39	2708.64
527.59	3087.11
527.80	2779.91
528.00	2983.48
528.21	2929.00
528.42	2840.53
528.62	2827.43
528.83	2802.44
529.03	3346.38
529.24	2910.16
529.44	2662.36
529.65	2941.29
529.85	2838.08
530.06	3222.68
530.26	2813.91
530.47	3006.83
530.67	3126.43
530.88	2588.22
531.08	2849.54
531.29	2779.91
531.49	2742.23
531.70	2922.86
531.90	2527.60
532.11	2834.80
532.31	2867.57
532.52	2905.66
532.72	2457.56
532.93	2966.28
533.13	2654.58
533.34	2615.26
533.54	2963.41
533.75	2638.19
533.95	2672.60
534.16	2706.19
534.36	2793.84
534.57	2886.00
534.77	3117.83
534.97	2968.33
535.18	2627.54
535.38	2832.75
535.59	2662.36
535.79	2739.36
536.00	2682.43
536.20	2729.53
536.41	2482.55
536.61	2786.88
536.82	2648.84
537.02	2736.50
537.23	2886.41
537.43	2956.04
537.64	2631.64
537.84	2939.24
538.05	2904.43
538.25	2971.19
538.45	2711.51
538.66	2926.96
538.86	2761.89
539.07	2620.17
539.27	2736.91
539.48	2767.22
539.68	2996.18
539.89	2752.06
540.09	3249.72
540.29	3001.50
540.50	2519.82
540.70	2926.14
540.91	2755.75
541.11	2981.02
541.32	2676.29
541.52	2829.47
541.73	2759.02
541.93	2634.92
542.13	2976.93
542.34	2649.25
542.54	2778.68
542.75	2862.24
542.95	3495.06
543.16	2799.16
543.36	2846.27
543.56	2826.20
543.77	2965.87
543.97	2967.92
544.18	2777.86
544.38	2935.97
544.59	2749.19
544.79	2664.82
544.99	3163.70
545.20	3314.43
545.40	2736.50
545.61	2784.01
545.81	2986.76
546.01	3206.71
546.22	2876.17
546.42	2801.62
546.63	2683.66
546.83	2935.56
547.04	2861.01
547.24	2883.95
547.44	2650.89
547.65	2930.64
547.85	2622.63
548.06	2629.18
548.26	2728.71
548.46	3437.31
548.67	2871.25
548.87	2867.98
549.08	2687.34
549.28	2775.41
549.48	2824.15
549.69	3095.71
549.89	2592.73
550.09	3166.16
550.30	3139.54
550.50	2554.23
550.71	2654.58
550.91	2876.58
551.11	2550.54
551.32	3103.49
551.52	2668.50
551.73	2988.40
551.93	2604.61
552.13	3099.40
552.34	3083.42
552.54	2620.58
552.74	2921.63
552.95	2745.92
553.15	2826.20
553.35	2971.60
553.56	2915.49
553.76	3052.29
553.97	2831.11
554.17	2978.16
554.37	2763.12
554.58	2974.88
554.78	2806.54
554.98	2824.56
555.19	2717.24
555.39	2815.14
555.59	2642.70
555.80	2865.11
556.00	2793.02
556.20	2879.03
556.41	2777.86
556.61	2773.36
556.82	2666.46
557.02	2981.02
557.22	2738.54
557.43	2629.18
557.63	2874.12
557.83	2828.24
558.04	3210.81
558.24	2775.82
558.44	2942.93
558.65	2666.46
558.85	2504.67
559.05	2796.30
559.26	2771.31
559.46	2629.59
559.66	2619.35
559.87	2773.77
560.07	2937.20
560.27	3223.09
560.48	3128.07
560.68	2971.60
560.88	2716.02
561.08	2993.31
561.29	3060.89
561.49	2690.62
561.69	2740.59
561.90	3185.41
562.10	2797.93
562.30	3287.40
562.51	2910.98
562.71	2808.58
562.91	3204.66
563.12	2785.24
563.32	2736.91
563.52	3021.16
563.72	2795.48
563.93	2842.58
564.13	2770.49
564.33	3245.62
564.54	2937.20
564.74	2825.79
564.94	2906.89
565.15	2669.73
565.35	2822.92
565.55	3151.41
565.75	2623.45
565.96	2901.97
566.16	2925.32
566.36	2783.19
566.57	2723.39
566.77	3284.53
566.97	2913.03
567.17	3076.05
567.38	2694.72
567.58	2845.45
567.78	2922.04
567.99	3336.14
568.19	2879.44
568.39	3038.37
568.59	3126.43
568.80	2949.08
569.00	3101.03
569.20	2912.21
569.40	2720.93
569.61	3081.37
569.81	2978.57
570.01	2784.42
570.21	2703.32
570.42	3282.89
570.62	2679.56
570.82	2676.70
571.02	2634.92
571.23	2784.83
571.43	3105.13
571.63	2751.65
571.84	2534.98
572.04	2636.55
572.24	3102.26
572.44	2998.64
572.64	2803.67
572.85	2820.05
573.05	3050.65
573.25	3231.69
573.45	2465.34
573.66	3449.19
573.86	2763.94
574.06	2889.68
574.26	2992.08
574.47	2809.81
574.67	3092.84
574.87	2583.31
575.07	2839.71
575.28	2813.50
575.48	2885.18
575.68	2969.96
575.88	2763.94
576.08	3135.85
576.29	2883.54
576.49	2950.30
576.69	3068.68
576.89	2763.12
577.10	2885.18
577.30	3080.55
577.50	2811.45
577.70	2673.42
577.90	3179.27
578.11	3064.58
578.31	2633.28
578.51	3012.97
578.71	2628.36
578.91	2978.57
579.12	2963.41
579.32	2978.16
579.52	4667.73
579.72	2792.20
579.92	2857.74
580.13	3002.32
580.33	3258.73
580.53	3012.15
580.73	2758.20
580.93	2967.51
581.14	2844.22
581.34	3086.29
581.54	2713.56
581.74	2996.59
581.94	2827.02
582.15	3154.69
582.35	2631.64
582.55	2937.20
582.75	3400.86
582.95	2876.58
583.15	3205.89
583.36	3150.19
583.56	2960.13
583.76	2757.39
583.96	2995.36
584.16	3031.40
584.37	2892.96
584.57	2986.35
584.77	2631.23
584.97	2917.95
585.17	2955.22
585.37	2983.48
585.57	3047.38
585.78	2602.15
585.98	2811.45
586.18	2803.67
586.38	2745.10
586.58	2654.58
586.78	2774.59
586.99	2761.89
587.19	2967.92
587.39	2805.72
587.59	2680.79
587.79	2816.37
587.99	2964.64
588.19	2907.30
588.40	2983.07
588.60	2701.68
588.80	3341.47
589.00	2686.12
589.20	2941.70
589.40	3221.86
589.60	2658.26
589.81	2873.71
590.01	2831.93
590.21	3267.33
590.41	2721.75
590.61	2901.15
590.81	2713.15
591.01	3195.65
591.22	2887.64
591.42	3386.11
591.62	3041.23
591.82	2902.38
592.02	2976.52
592.22	2939.24
592.42	3525.37
592.62	2935.97
592.82	2908.53
593.03	3067.45
593.23	2917.95
593.43	3115.78
593.63	2849.54
593.83	2804.08
594.03	3233.33
594.23	3130.12
594.43	2725.03
594.63	2644.75
594.84	2847.50
595.04	3196.88
595.24	3036.32
595.44	2713.97
595.64	2935.97
595.84	3035.91
596.04	3023.62
596.24	2791.79
596.44	2931.46
596.64	2718.47
596.84	2826.20
597.05	2876.99
597.25	3098.99
597.45	3063.35
597.65	2731.99
597.85	2857.74
598.05	2951.94
598.25	2745.51
598.45	2758.61
598.65	2887.64
598.85	2818.00
599.05	3333.27
599.25	2875.76
599.46	2623.86
599.66	3117.42
599.86	2788.10
600.06	2950.30
600.26	2814.73
600.46	2837.26
600.66	3088.34
600.86	3057.62
601.06	2813.09
601.26	2753.70
601.46	3134.21
601.66	2871.66
601.86	2759.84
602.06	2983.07
602.26	2705.78
602.46	2639.83
602.66	2813.50
602.87	2805.72
603.07	3017.07
603.27	2888.46
603.47	2843.40
603.67	3436.08
603.87	3227.19
604.07	2891.32
604.27	3044.92
604.47	2864.70
604.67	2688.98
604.87	2867.16
605.07	2849.95
605.27	2908.12
605.47	2736.91
605.67	2908.12
605.87	2943.75
606.07	3198.11
606.27	2806.54
606.47	2757.79
606.67	2667.68
606.87	2718.88
607.07	2957.27
607.27	2736.91
607.47	2934.74
607.67	2955.63
607.87	2761.89
608.07	3034.68
608.27	3027.72
608.47	2666.46
608.67	3193.19
608.87	2909.34
609.07	3060.89
609.27	2862.24
609.47	2987.99
609.67	2934.33
609.87	3035.50
610.07	2951.94
610.27	5360.76
610.47	2793.02
610.67	2997.82
610.87	2799.16
611.07	3352.12
611.27	2852.41
611.47	3026.08
611.67	3110.05
611.87	2869.20
612.07	2794.66
612.27	2929.82
612.47	2752.88
612.67	2930.23
612.87	2968.74
613.07	2754.11
613.27	2847.50
613.47	3031.81
613.67	2908.93
613.87	2945.39
614.07	2822.92
614.27	2802.03
614.47	2897.47
614.67	2960.13
614.87	2779.91
615.07	2908.93
615.27	2769.26
615.47	2833.98
615.67	3060.48
615.87	2669.73
616.07	2963.00
616.27	3001.50
616.47	2818.82
616.67	2754.52
616.87	2976.11
617.07	2756.16
617.27	2969.96
617.47	2895.01
617.66	2994.54
617.86	2956.86
618.06	2736.50
618.26	2732.81
618.46	2996.18
618.66	3255.04
618.86	3201.79
619.06	2982.66
619.26	3044.51
619.46	2887.64
619.66	3142.81
619.86	3070.31
620.06	2992.49
620.26	3167.39
620.46	3916.95
620.66	3527.01
620.85	3157.97
621.05	3369.73
621.25	3069.09
621.45	2906.07
621.65	3206.71
621.85	2974.47
622.05	3163.70
622.25	2913.85
622.45	2877.40
622.65	2933.51
622.85	2746.74
623.05	3050.65
623.25	3079.74
623.44	3287.81
623.64	2727.89
623.84	2965.87
624.04	2764.35
624.24	3086.70
624.44	3111.27
624.64	3006.83
624.84	2962.59
625.04	2941.70
625.24	2868.79
625.43	2955.63
625.63	3241.12
625.83	2986.76
626.03	2840.12
626.23	3055.57
626.43	3017.07
626.63	2866.75
626.83	3109.23
627.03	3249.72
627.22	2910.57
627.42	3020.34
627.62	2785.65
627.82	3056.39
628.02	2982.25
628.22	2864.29
628.42	3040.00
628.62	2727.48
628.82	2895.83
629.01	3544.62
629.21	2881.08
629.41	3314.02
629.61	3186.64
629.81	3008.06
630.01	3315.25
630.21	3423.79
630.40	3273.88
630.60	3251.76
630.80	3179.68
631.00	3330.00
631.20	3283.30
631.40	3150.60
631.60	3203.84
631.79	2988.81
631.99	3265.69
632.19	3212.03
632.39	3108.41
632.59	3287.40
632.79	3162.47
632.99	5175.63
633.18	3138.72
633.38	3151.41
633.58	3163.29
633.78	3108.82
633.98	3008.06
634.18	3158.79
634.37	3816.59
634.57	3305.42
634.77	4235.20
634.97	3140.36
635.17	3353.75
635.37	3637.19
635.56	3153.46
635.76	3495.06
635.96	3198.93
636.16	3306.24
636.36	3216.13
636.56	3118.24
636.75	3229.24
636.95	3368.91
637.15	3242.34
637.35	3220.23
637.55	3570.84
637.74	3502.44
637.94	3203.43
638.14	3355.39
638.34	3379.15
638.54	2940.06
638.73	3407.82
638.93	3493.02
639.13	3453.69
639.33	3481.14
639.53	3269.38
639.73	3298.05
639.92	3357.44
640.12	3228.42
640.32	3296.00
640.52	3568.38
640.71	3229.24
640.91	3495.06
641.11	3398.40
641.31	3392.67
641.51	3391.85
641.70	3570.84
641.90	3662.59
642.10	3514.72
642.30	3609.34
642.50	3574.52
642.69	3586.81
642.89	3398.81
643.09	3524.96
643.29	3701.91
643.48	3706.41
643.68	3703.96
643.88	3881.72
644.08	3264.46
644.28	3711.74
644.47	3828.06
644.67	3403.31
644.87	3457.38
645.07	3759.66
645.26	3604.42
645.46	3575.34
645.66	3656.44
645.86	3818.64
646.05	4051.29
646.25	3853.46
646.45	3945.21
646.65	3943.98
646.84	3947.66
647.04	3717.88
647.24	3872.30
647.44	3912.44
647.63	3881.31
647.83	4068.49
648.03	4063.99
648.23	3923.09
648.42	3952.99
648.62	3704.78
648.82	3659.72
649.02	3976.34
649.21	4013.61
649.41	4355.62
649.61	4271.65
649.80	3809.22
650.00	4527.24
650.20	4092.25
650.40	4095.12
650.59	4509.22
650.79	4066.04
650.99	4708.69
651.18	4219.23
651.38	4103.31
651.58	4355.21
651.78	4467.03
651.97	4423.61
652.17	4345.79
652.37	4568.20
652.56	4492.83
652.76	4544.44
652.96	4338.42
653.16	4690.67
653.35	4692.72
653.55	4795.11
653.75	4410.10
653.94	4838.53
654.14	4594.41
654.34	4714.42
654.54	4488.74
654.73	4956.49
654.93	4736.95
655.13	5038.41
655.32	4864.34
655.52	4852.87
655.72	4973.29
655.91	4836.48
656.11	4650.12
656.31	5082.65
656.50	5081.83
656.70	5028.99
656.90	4856.96
657.09	5275.98
657.29	5183.82
657.49	5108.04
657.68	4901.20
657.88	5321.03
658.08	5234.20
658.27	5697.86
658.47	5437.77
658.67	5597.51
658.86	5452.51
659.06	5561.87
659.26	5498.39
659.45	5534.02
659.65	5598.74
659.85	5757.25
660.04	5769.54
660.24	5681.07
660.44	5829.75
660.63	5897.33
660.83	6037.00
661.03	6205.75
661.22	5868.66
661.42	6248.35
661.62	6068.13
661.81	6326.18
662.01	6037.82
662.21	6071.82
662.40	6209.44
662.60	6760.75
662.79	6225.42
662.99	6751.74
663.19	6533.43
663.38	6842.26
663.58	6748.06
663.78	7020.85
663.97	6782.46
664.17	6989.31
664.36	6836.53
664.56	7138.40
664.76	6738.64
664.95	7201.48
665.15	7220.32
665.35	7314.53
665.54	7616.81
665.74	7582.40
665.93	7915.40
666.13	7571.75
666.33	7597.14
666.52	7688.48
666.72	7821.19
666.91	7691.35
667.11	7779.41
667.31	8106.68
667.50	7978.48
667.70	8371.28
667.89	8380.29
668.09	8648.57
668.29	8456.06
668.48	8422.89
668.68	9237.16
668.87	8655.94
669.07	8534.70
669.27	9012.70
669.46	8661.27
669.66	9010.65
669.85	8941.43
670.05	9488.24
670.25	9274.02
670.44	9376.83
670.64	9605.79
670.83	9965.42
671.03	9699.18
671.22	10044.06
671.42	10079.28
671.62	9917.08
671.81	10171.44
672.01	10477.00
672.20	10339.78
672.40	10635.10
672.59	11070.09
672.79	11050.84
672.99	10763.71
673.18	11280.21
673.38	11336.74
673.57	11644.34
673.77	11532.52
673.96	11463.71
674.16	11613.21
674.36	12140.36
674.55	11883.95
674.75	12284.95
674.94	12056.80
675.14	12452.88
675.33	12575.76
675.53	12641.29
675.72	12597.06
675.92	13366.27
676.11	13161.89
676.31	13088.98
676.50	13203.66
676.70	13668.14
676.90	13638.65
677.09	13781.19
677.29	13974.11
677.48	14067.50
677.68	14155.97
677.87	14147.78
678.07	14456.20
678.26	14814.60
678.46	14737.59
678.65	14807.63
678.85	14817.87
679.04	15271.70
679.24	15024.31
679.43	15271.70
679.63	15059.12
679.82	16048.29
680.02	16196.16
680.21	15821.79
680.41	15579.72
680.60	16132.26
680.80	16446.83
680.99	16332.96
681.19	16295.28
681.38	16426.76
681.58	16343.61
681.77	16794.57
681.97	16255.55
682.16	16829.39
682.36	16751.97
682.55	16681.52
682.75	16338.69
682.94	16869.53
683.14	16696.68
683.33	16389.07
683.53	16893.28
683.72	16984.21
683.92	16584.86
684.11	16994.04
684.31	16455.84
684.50	16309.61
684.70	16361.22
684.89	16240.39
685.09	15923.78
685.28	16104.00
685.48	16042.56
685.67	15965.15
685.87	15730.04
686.06	16033.55
686.26	15833.26
686.45	15501.89
686.64	15143.09
686.84	15365.91
687.03	15326.59
687.23	14989.08
687.42	15026.36
687.62	14704.83
687.81	14854.33
688.01	14352.57
688.20	14379.61
688.40	14657.72
688.59	14255.50
688.78	13995.00
688.98	13902.84
689.17	13836.90
689.37	13315.48
689.56	13159.02
689.76	13019.76
689.95	13152.87
690.15	12562.65
690.34	12798.58
690.53	12295.59
690.73	12060.49
690.92	11829.07
691.12	11686.94
691.31	11720.12
691.51	11686.12
691.70	11403.50
691.89	10883.32
692.09	10571.61
692.28	10848.50
692.48	10579.81
692.67	10500.35
692.87	10120.65
693.06	9856.05
693.25	9738.91
693.45	9628.32
693.64	9572.21
693.84	9508.31
694.03	9074.55
694.22	8947.99
694.42	8701.00
694.61	8734.59
694.81	10210.76
695.00	8452.79
695.19	8155.42
695.39	8406.91
695.58	8205.39
695.78	7872.80
695.97	7654.08
696.16	8183.27
696.36	7791.29
696.55	7424.71
696.75	7078.19
696.94	6985.21
697.13	7549.22
697.33	6867.25
697.52	6854.14
697.71	6758.30
697.91	6832.84
698.10	7029.04
698.30	6249.58
698.49	6582.17
698.68	6018.98
698.88	5981.71
699.07	6018.16
699.26	6609.20
699.46	5903.88
699.65	6037.41
699.85	5803.53
700.04	5550.00
700.23	5298.10
700.43	5534.02
700.62	5311.61
700.81	5431.21
701.01	5133.44
701.20	5212.08
701.39	5137.53
701.59	5186.69
701.78	4934.38
701.98	4896.28
702.17	4801.67
702.36	4964.28
702.56	5076.91
702.75	4701.32
702.94	4707.87
703.14	6365.09
703.33	4659.54
703.52	8191.88
703.72	4338.01
703.91	4661.18
704.10	4353.16
704.30	4306.06
704.49	4138.94
704.68	4299.10
704.88	4706.23
705.07	4564.51
705.26	4173.35
705.46	4169.66
705.65	4076.28
705.84	3909.98
706.03	4021.80
706.23	4086.93
706.42	3979.61
706.61	3939.47
706.81	4239.30
707.00	4220.04
707.19	3854.28
707.39	4079.14
707.58	3570.43
707.77	3765.40
707.97	4195.06
708.16	3805.13
708.35	3812.50
708.55	3676.92
708.74	3682.66
708.93	4011.15
709.12	3694.54
709.32	3774.41
709.51	3879.67
709.70	3785.47
709.90	3671.60
710.09	3586.81
710.28	3593.37
710.47	3324.26
710.67	3442.64
710.86	3879.67
711.05	3275.93
711.25	3284.12
711.44	3084.24
711.63	3543.40
711.82	3621.63
712.02	3995.18
712.21	3293.13
712.40	3457.79
712.59	3667.50
712.79	3656.44
712.98	3212.44
713.17	3615.89
713.37	3348.02
713.56	3151.41
713.75	3094.48
713.94	3386.52
714.14	3232.51
714.33	3470.90
714.52	3083.42
714.71	3198.52
714.91	3241.52
715.10	3449.19
715.29	3051.06
715.48	3159.61
715.68	3429.94
715.87	3060.07
716.06	3187.46
716.25	3220.64
716.45	3259.55
716.64	3173.12
716.83	3177.63
717.02	3570.43
717.21	3269.38
717.41	3593.37
717.60	3427.89
717.79	2967.51
717.98	2964.64
718.18	3115.37
718.37	2947.85
718.56	3716.24
718.75	3434.44
718.94	3113.73
719.14	2792.61
719.33	3207.12
719.52	3164.93
719.71	2938.84
719.91	2833.98
720.10	3545.03
720.29	3144.04
720.48	2893.78
720.67	3121.51
720.87	3615.07
721.06	2806.13
721.25	3236.20
721.44	2765.17
721.63	3184.59
721.83	3334.09
722.02	2704.14
722.21	2988.40
722.40	3058.03
722.59	3179.68
722.79	2983.07
722.98	3082.60
723.17	2841.35
723.36	2890.09
723.55	2769.67
723.74	2650.07
723.94	3110.86
724.13	2879.85
724.32	2854.87
724.51	2953.17
724.70	3090.38
724.90	2905.66
725.09	3230.06
725.28	3005.60
725.47	3021.16
725.66	3021.57
725.85	2913.44
726.05	3025.67
726.24	3065.81
726.43	3032.63
726.62	3130.53
726.81	2759.43
727.00	2917.95
727.20	3155.51
727.39	2977.75
727.58	2750.42
727.77	2847.09
727.96	2899.51
728.15	3239.89
728.34	2912.62
728.54	2983.89
728.73	3159.61
728.92	2888.05
729.11	2855.28
729.30	2862.65
729.49	3126.43
729.68	3058.03
729.88	2863.88
730.07	2650.48
730.26	2725.03
730.45	3310.34
730.64	3405.36
730.83	2775.41
731.02	2474.77
731.21	3170.26
731.41	3064.99
731.60	2512.04
731.79	2825.79
731.98	3341.06
732.17	3211.22
732.36	2497.29
732.55	2495.25
732.74	3336.55
732.93	3106.77
733.13	2734.04
733.32	2695.95
733.51	2976.11
733.70	3445.09
733.89	2775.82
734.08	2789.74
734.27	2887.64
734.46	3213.26
734.65	2602.97
734.85	2791.38
735.04	2969.96
735.23	3290.27
735.42	2759.84
735.61	2282.26
735.80	2979.79
735.99	3306.65
736.18	3414.37
736.37	2398.17
736.56	3271.43
736.75	2907.71
736.94	2650.48
737.14	2475.18
737.33	3037.55
737.52	2824.97
737.71	2802.03
737.90	2771.31
738.09	3238.66
738.28	3018.30
738.47	2858.96
738.66	2806.54
738.85	3254.63
739.04	2954.40
739.23	2873.71
739.42	2300.69
739.61	3031.81
739.80	2892.96
740.00	2566.51
740.19	2571.43
740.38	2907.30
740.57	2869.61
740.76	2529.24
740.95	2620.58
741.14	3325.49
741.33	3517.59
741.52	2725.85
741.71	2537.43
741.90	3137.90
742.09	3266.92
742.28	2572.25
742.47	2325.26
742.66	2932.28
742.85	2806.95
743.04	2477.22
743.23	2746.33
743.42	3057.62
743.61	2933.10
743.80	2546.44
743.99	2367.86
744.18	3100.62
744.37	2994.54
744.56	2605.02
744.75	2374.41
744.94	3233.74
745.13	3069.09
745.32	2232.29
745.51	2555.46
745.71	3056.39
745.90	2912.21
746.09	2588.63
746.28	2609.11
746.47	3002.32
746.66	3135.44
746.85	2750.42
747.04	2550.13
747.23	2963.82
747.42	3337.37
747.61	2380.56
747.80	2889.27
747.99	3048.20
748.18	2774.59
748.36	2418.65
748.55	2966.69
748.74	3373.41
748.93	3184.59
749.12	2516.95
749.31	2634.51
749.50	2931.05
749.69	3200.16
749.88	2586.58
750.07	2340.01
750.26	3309.52
750.45	2806.54
750.64	2267.51
750.83	2473.13
751.02	2932.69
751.21	3081.78
751.40	2677.10
751.59	2679.97
751.78	3188.28
751.97	3139.95
752.16	2845.45
752.35	2753.70
752.54	3123.56
752.73	3090.79
752.92	2534.57
753.11	2872.89
753.30	2833.16
753.49	2663.18
753.68	2707.01
753.87	2638.60
754.05	3183.77
754.24	2927.78
754.43	2828.65
754.62	2485.82
754.81	3661.36
755.00	3255.86
755.19	2568.56
755.38	2846.27
755.57	3171.89
755.76	3238.25
755.95	2806.54
756.14	2367.04
756.33	3194.01
756.52	2997.82
756.70	2664.82
756.89	2676.29
757.08	3245.62
757.27	3067.04
757.46	2640.65
757.65	2385.88
757.84	3184.18
758.03	2802.85
758.22	2511.22
758.41	2580.03
758.60	2793.84
758.79	2994.54
758.97	2804.90
759.16	2847.91
759.35	3022.80
759.54	2986.76
759.73	2491.15
759.92	2538.66
760.11	2804.90
760.30	2992.90
760.49	2578.39
760.67	2554.23
760.86	3127.25
761.05	3405.36
761.24	2548.90
761.43	2319.94
761.62	3102.26
761.81	3034.68
762.00	2636.55
762.19	2467.80
762.37	3200.57
762.56	3240.71
762.75	2298.64
762.94	2658.67
763.13	2741.00
763.32	2965.87
763.51	2337.96
763.70	2385.88
763.88	3357.85
764.07	3034.68
764.26	2545.22
764.45	2394.08
764.64	3120.29
764.83	3278.80
765.02	2631.64
765.20	2663.18
765.39	3080.55
765.58	3399.63
765.77	2784.42
765.96	3127.66
766.15	2982.66
766.33	2994.13
766.52	2717.65
766.71	2474.77
766.90	3410.69
767.09	2935.15
767.28	2295.77
767.46	2546.03
767.65	2881.08
767.84	3115.37
768.03	2565.29
768.22	2423.57
768.41	2758.20
768.59	2910.16
768.78	2548.90
768.97	2615.26
769.16	3323.85
769.35	2866.34
769.54	2571.84
769.72	2506.71
769.91	3025.67
770.10	3396.76
770.29	2462.89
770.48	2686.53
770.66	3132.16
770.85	3074.00
771.04	2681.20
771.23	2384.65
771.42	3287.40
771.60	3262.41
771.79	2623.45
771.98	2599.69
772.17	3160.43
772.36	3252.58
772.54	2424.80
772.73	2589.04
772.92	3218.59
773.11	2802.03
773.30	2649.66
773.48	2336.73
773.67	2961.77
773.86	2958.91
774.05	2486.64
774.23	2769.26
774.42	3187.87
774.61	3296.00
774.80	2566.10
774.99	2412.92
775.17	3088.34
775.36	2996.59
775.55	2587.81
775.74	2593.55
775.92	3160.83
776.11	2879.03
776.30	2915.08
776.49	2451.01
776.67	2943.34
776.86	2722.57
777.05	2515.32
777.24	2380.56
777.42	3063.76
777.61	2795.89
777.80	2809.81
777.99	2457.56
778.17	2920.40
778.36	2977.34
778.55	2450.60
778.74	2707.82
778.92	2952.76
779.11	3248.08
779.30	2607.47
779.49	2503.85
779.67	3103.49
779.86	2985.53
780.05	2409.23
780.24	2351.89
780.42	3093.25
780.61	2976.11
780.80	2612.80
780.98	2363.77
781.17	2974.47
781.36	2861.83
781.55	2739.77
781.73	2424.80
781.92	3100.22
782.11	3005.60
782.29	2473.54
782.48	2526.78
782.67	3284.94
782.86	3164.52
783.04	2532.93
783.23	2590.27
783.42	3139.95
783.60	3171.48
783.79	2557.09
783.98	2471.08
784.16	3136.67
784.35	3067.04
784.54	2678.74
784.73	2421.52
784.91	3066.22
785.10	2862.65
785.29	2533.75
785.47	2779.50
785.66	3134.21
785.85	2828.24
786.03	2520.23
786.22	2357.21
786.41	3230.88
786.59	3058.44
786.78	2359.26
786.97	2465.34
787.15	3105.13
787.34	2966.69
787.53	2544.40
787.71	2593.96
787.90	2990.44
788.09	3050.24
788.27	2769.26
788.46	2540.71
788.65	3061.71
788.83	3006.83
789.02	2346.56
789.21	2353.53
789.39	2814.32
789.58	3195.24
789.77	2488.28
789.95	2375.64
790.14	3299.69
790.33	2926.14
790.51	2328.13
790.70	2784.01
790.88	2947.03
791.07	2963.82
791.26	3017.48
791.44	2522.28
791.63	2906.89
791.82	3130.12
792.00	2328.95
792.19	2594.37
792.38	3365.22
792.56	3015.84
792.75	2642.29
792.93	2804.49
793.12	3185.82
793.31	2974.47
793.49	2779.91
793.68	2469.85
793.86	2919.58
794.05	3298.05
794.24	2568.97
794.42	2629.59
794.61	3042.05
794.80	2880.67
794.98	2886.00
795.17	2617.30
795.35	3225.14
795.54	3061.71
795.73	2670.96
795.91	3202.20
796.10	3134.21
796.28	3177.63
796.47	2417.01
796.66	2423.16
796.84	3482.78
797.03	2979.38
797.21	2328.54
797.40	2638.19
797.58	3300.51
797.77	2937.61
797.96	2851.18
798.14	3096.53
798.33	3351.71
798.51	3115.78
798.70	2381.79
798.88	2641.06
799.07	3009.29
799.26	3042.05
799.44	2643.11
799.63	2595.60
799.81	2818.41
800.00	3000.27
800.18	2888.86
800.37	2697.17
800.56	2879.44
800.74	3057.62
800.93	2505.48
801.11	2617.71
801.30	3054.75
801.48	2937.20
801.67	2713.56
801.85	2713.15
802.04	3147.73
802.22	2920.81
802.41	2672.19
802.60	2804.49
802.78	3151.00
802.97	2815.14
803.15	2678.33
803.34	2639.01
803.52	3024.03
803.71	3142.81
803.89	2333.87
804.08	2934.33
804.26	3291.50
804.45	2945.80
804.63	2693.90
804.82	2603.79
805.00	2981.02
805.19	3373.00
805.37	2491.56
805.56	2541.53
805.74	3411.51
805.93	2909.34
806.11	2816.37
806.30	2452.65
806.48	2951.12
806.67	3084.24
806.85	2725.44
807.04	2556.68
807.22	2863.88
807.41	3016.66
807.59	2943.75
807.78	2543.17
807.96	3314.84
808.15	2999.46
808.33	2845.04
808.52	2963.00
808.70	3274.29
808.89	3144.86
809.07	3211.22
809.26	2655.81
809.44	2998.64
809.63	3216.13
809.81	2988.40
810.00	2795.07
810.18	3130.53
810.37	3060.48
810.55	2808.99
810.74	2750.83
810.92	3342.28
811.11	3309.11
811.29	2291.27
811.48	2573.07
811.66	2875.76
811.84	2802.85
812.03	2785.65
812.21	2799.57
812.40	2960.95
812.58	2718.47
812.77	2845.45
812.95	2585.36
813.14	2968.33
813.32	2879.44
813.51	2653.35
813.69	2631.64
813.87	2859.37
814.06	3052.70
814.24	2721.75
814.43	2410.87
814.61	3092.02
814.80	3112.91
814.98	2530.88
815.16	2623.45
815.35	3251.36
815.53	3114.14
815.72	2710.69
815.90	2582.08
816.09	3001.91
816.27	3039.19
816.45	2769.67
816.64	2638.60
816.82	3455.74
817.01	2802.03
817.19	2535.39
817.37	2803.67
817.56	3216.95
817.74	2749.60
817.93	2950.71
818.11	2680.79
818.30	2954.40
818.48	2793.02
818.66	2711.92
818.85	2632.05
819.03	2981.43
819.21	2910.98
819.40	2796.30
819.58	3146.09
819.77	3034.27
819.95	3003.55
820.13	3035.91
820.32	2405.13
820.50	3332.05
820.69	3275.52
820.87	2643.52
821.05	2490.33
821.24	3064.17
821.42	3110.05
821.60	2582.08
821.79	2915.49
821.97	3132.57
822.16	3395.53
822.34	2584.13
822.52	2716.02
822.71	3328.77
822.89	3117.83
823.07	2877.81
823.26	2532.11
823.44	2882.31
823.62	2839.71
823.81	2750.83
823.99	2436.67
824.18	3134.62
824.36	2872.89
824.54	2834.39
824.73	2838.89
824.91	3348.43
825.09	3169.85
825.28	3001.91
825.46	2908.53
825.64	3240.71
825.83	2969.15
826.01	2850.77
826.19	2629.18
826.38	2922.04
826.56	3002.73
826.74	2535.79
826.93	2693.90
827.11	2968.74
827.29	3038.78
827.48	2722.98
827.66	2661.13
827.84	3135.03
828.03	2932.69
828.21	2460.02
828.39	2424.39
828.57	3276.75
828.76	3233.74
828.94	2562.01
829.12	2987.99
829.31	3067.86
829.49	3004.37
829.67	2506.30
829.86	2618.94
830.04	2953.58
830.22	3093.66
830.40	2567.33
830.59	2688.16
830.77	3128.07
830.95	3094.07
831.14	2994.13
831.32	2537.02
831.50	2919.58
831.69	3004.37
831.87	2960.95
832.05	2686.53
832.23	3003.55
832.42	3214.08
832.60	2546.44
832.78	2551.36
832.96	4478.91
833.15	3165.34
833.33	2571.84
833.51	2994.13
833.70	3154.28
833.88	3035.09
834.06	2780.73
834.24	2629.18
834.43	3375.05
834.61	2972.42
834.79	2850.36
834.97	3058.85
835.16	3189.10
835.34	2959.72
835.52	2931.46
835.70	2589.45
835.89	3010.92
836.07	3277.16
836.25	2895.01
836.43	2532.52
836.62	2998.64
836.80	3185.41
836.98	2596.82
837.16	2582.08
837.34	2936.38
837.53	3205.89
837.71	2668.50
837.89	3014.20
838.07	3108.41
838.26	3199.34
838.44	2771.72
838.62	3343.10
838.80	3119.88
838.99	3188.28
839.17	2548.90
839.35	2779.09
839.53	3108.41
839.71	3233.74
839.90	2521.05
840.08	2781.14
840.26	3213.26
840.44	3123.15
840.62	2953.99
840.81	2444.46
840.99	3552.82
841.17	3014.20
841.35	2787.70
841.53	2609.93
841.72	3271.43
841.90	3068.68
842.08	2609.52
842.26	2555.05
842.44	3036.73
842.63	3358.67
842.81	3001.91
842.99	2824.15
843.17	3123.15
843.35	3024.85
843.53	2978.16
843.72	2775.82
843.90	3170.67
844.08	2947.03
844.26	2721.34
844.44	2713.56
844.62	3336.55
844.81	3236.61
844.99	3043.69
845.17	2654.58
845.35	3064.99
845.53	3022.39
845.71	4818.46
845.90	2746.74
846.08	3028.13
846.26	2926.14
846.44	2463.71
846.62	2704.14
846.80	3022.39
846.98	2888.05
847.17	3791.20
847.35	3132.57
847.53	3160.83
847.71	3068.27
847.89	3126.43
848.07	2612.80
848.25	2991.67
848.44	2884.77
848.62	2896.65
848.80	2670.55
848.98	2840.94
849.16	3051.88
849.34	2994.95
849.52	2692.26
849.70	3083.01
849.89	3178.04
850.07	2801.62
850.25	2884.36
850.43	3030.99
850.61	3176.81
850.79	2533.75
850.97	2731.17
851.15	3246.44
851.33	2994.54
851.52	2651.30
851.70	3116.19
851.88	3271.02
852.06	2955.63
852.24	2603.79
852.42	2949.08
852.60	3324.26
852.78	3372.19
852.96	2719.29
853.14	2841.35
853.33	3418.88
853.51	3094.89
853.69	2970.78
853.87	2867.98
854.05	3053.93
854.23	2763.12
854.41	2639.83
854.59	2784.42
854.77	3254.22
854.95	3090.79
855.13	2650.07
855.31	2884.36
855.49	3008.47
855.68	2941.29
855.86	2687.34
856.04	3112.91
856.22	2842.99
856.40	2994.54
856.58	2652.94
856.76	2840.12
856.94	2858.55
857.12	3074.41
857.30	2455.51
857.48	2704.96
857.66	3116.60
857.84	3601.15
858.02	2717.65
858.20	3019.53
858.38	2914.26
858.56	2981.84
858.74	2546.03
858.92	2629.59
859.10	3097.76
859.29	3055.16
859.47	2574.71
859.65	3047.38
859.83	3021.16
860.01	3044.92
860.19	2651.71
860.37	2777.46
860.55	3175.58
860.73	2967.10
860.91	2590.27
861.09	3148.55
861.27	3070.31
861.45	3145.68
861.63	2695.54
861.81	3025.67
861.99	3048.20
862.17	2887.64
862.35	2630.82
862.53	2725.44
862.71	3334.09
862.89	2966.69
863.07	2626.32
863.25	2943.34
863.43	3155.92
863.61	3254.63
863.79	3005.19
863.97	3026.90
864.15	3093.25
864.33	2919.17
864.51	2683.66
864.69	2537.84
864.87	3189.92
865.05	2951.53
865.23	2802.03
865.41	2763.94
865.59	3257.91
865.77	3088.34
865.95	2832.75
866.13	2511.63
866.30	3021.98
866.48	2836.03
866.66	2788.92
866.84	2805.72
867.02	2994.13
867.20	2919.58
867.38	2646.79
867.56	2722.16
867.74	3206.30
867.92	3048.61
868.10	2731.58
868.28	2615.67
868.46	3135.85
868.64	3244.39
868.82	2756.16
869.00	2686.94
869.18	2901.97
869.36	3367.68
869.54	2996.59
869.72	2962.18
869.89	3056.39
870.07	2932.28
870.25	2701.68
870.43	2878.22
870.61	2855.28
870.79	3075.64
870.97	2682.43
871.15	2857.74
871.33	3542.17
871.51	3021.16
871.69	2916.72
871.87	2783.19
872.05	3188.69
872.22	3275.93
872.40	2593.14
872.58	2874.94
872.76	3231.29
872.94	3131.34
873.12	2818.41
873.30	2534.16
873.48	3200.57
873.66	3064.99
873.84	2842.58
874.01	2725.44
874.19	3010.92
874.37	2924.91
874.55	2607.88
874.73	2725.85
874.91	3309.93
875.09	2884.36
875.27	2611.57
875.45	2750.01
875.62	3166.98
875.80	2951.94
875.98	2673.42
876.16	2947.85
876.34	3216.95
876.52	2781.55
876.70	3166.57
876.88	2590.68
877.05	3220.23
877.23	3158.38
877.41	2780.73
877.59	3244.39
877.77	3203.84
877.95	2848.31
878.13	2591.91
878.30	2611.98
878.48	3078.10
878.66	3161.65
878.84	2898.69
879.02	2701.68
879.20	3141.99
879.37	3143.63
879.55	2855.28
879.73	2949.89
879.91	3105.13
880.09	3067.04
880.27	3250.95
880.45	2694.31
880.62	2998.64
880.80	2943.34
880.98	2798.75
881.16	2788.92
881.34	2987.17
881.51	2889.27
881.69	2763.12
881.87	2692.67
882.05	3065.81
882.23	2815.14
882.41	2662.77
882.58	2821.69
882.76	3027.31
882.94	2904.43
883.12	3019.53
883.30	2944.57
883.47	3269.38
883.65	3084.24
883.83	2880.26
884.01	2726.26
884.19	3055.16
884.36	2969.55
884.54	2473.13
884.72	3000.27
884.90	2976.52
885.08	3212.44
885.25	3702.32
885.43	2725.03
885.61	2898.69
885.79	3041.23
885.97	3019.53
886.14	2965.87
886.32	2989.62
886.50	3371.37
886.68	2759.02
886.85	2674.24
887.03	3273.88
887.21	3117.01
887.39	2883.54
887.56	3125.61
887.74	3004.78
887.92	3008.88
888.10	2858.55
888.27	2874.94
888.45	3274.29
888.63	3263.23
888.81	2743.46
888.99	2724.21
889.16	2954.81
889.34	2950.71
889.52	2562.01
889.69	2743.05
889.87	3286.17
890.05	2995.77
890.23	2904.02
890.40	2655.40
890.58	3014.61
890.76	3080.55
890.94	2781.14
891.11	2768.85
891.29	3011.33
891.47	2892.55
891.65	3074.00
891.82	3044.51
892.00	2858.15
892.18	3127.66
892.35	2785.65
892.53	2820.05
892.71	3334.50
892.89	3222.27
893.06	2874.12
893.24	2826.61
893.42	2745.92
893.59	2942.11
893.77	2682.43
893.95	2766.40
894.13	2765.17
894.30	3306.24
894.48	2753.29
894.66	3328.36
894.83	2947.44
895.01	3110.86
895.19	3009.29
895.36	2791.79
895.54	3273.88
895.72	3150.19
895.89	2691.44
896.07	2732.81
896.25	3182.95
896.43	2915.49
896.60	3081.37
896.78	2871.66
896.96	3221.86
897.13	3174.76
897.31	2714.38
897.49	2870.02
897.66	3314.84
897.84	3019.12
898.02	2985.12
898.19	2917.95
898.37	2944.16
898.55	3189.10
898.72	3006.83
898.90	2915.90
899.07	3044.92
899.25	3134.62
899.43	2998.23
899.60	3463.12
899.78	2933.51
899.96	2743.46
900.13	2666.05
900.31	2981.84
900.49	2975.29
900.66	3316.89
900.84	3017.89
901.02	3067.86
901.19	3173.12
901.37	2915.08
901.54	2898.69
901.72	2659.90
901.90	3020.75
902.07	3101.03
902.25	2814.73
902.43	2818.82
902.60	3332.45
902.78	2771.31
902.95	2861.01
903.13	2726.67
903.31	2976.52
903.48	3038.78
903.66	2885.18
903.83	2986.76
904.01	3097.35
904.19	2937.61
904.36	2846.68
904.54	2632.87
904.71	3155.92
904.89	2855.28
905.07	2767.62
905.24	2806.95
905.42	3105.13
905.59	3260.37
905.77	2985.94
905.95	2890.09
906.12	2850.77
906.30	3048.61
906.47	3006.42
906.65	3230.88
906.82	3261.60
907.00	3305.01
907.18	2521.46
907.35	2728.71
907.53	3166.16
907.70	3138.31
907.88	2794.66
908.05	3929.23
908.23	3140.36
908.41	3183.36
908.58	2852.41
908.76	2452.65
908.93	3317.71
909.11	3092.02
909.28	2797.93
909.46	2738.54
909.63	3216.95
909.81	3126.43
909.99	2895.83
910.16	2654.58
910.34	2900.74
910.51	3095.71
910.69	2951.12
910.86	2600.51
911.04	3051.06
911.21	2708.23
911.39	3404.13
911.56	2649.25
911.74	2969.55
911.91	3076.46
912.09	2706.19
912.26	2743.87
912.44	2717.65
912.62	2852.82
912.79	2770.90
912.97	2941.29
913.14	3298.46
913.32	3105.13
913.49	2848.72
913.67	2860.19
913.84	2676.29
914.02	2876.17
914.19	2748.37
914.37	2922.04
914.54	2906.07
914.72	2711.10
914.89	2706.60
915.07	3087.11
915.24	2882.31
915.42	2976.11
915.59	2776.23
915.77	3045.33
915.94	3337.78
916.12	3379.97
916.29	2767.62
916.46	2890.09
916.64	3022.80
916.81	3293.95
916.99	2904.84
917.16	2803.67
917.34	3376.28
917.51	3203.02
917.69	2641.47
917.86	2652.94
918.04	2970.37
918.21	3260.37
918.39	2974.06
918.56	2844.22
918.74	2799.57
918.91	3406.59
919.08	2578.80
919.26	3075.64
919.43	3085.47
919.61	3062.94
919.78	2816.78
919.96	3144.45
920.13	3286.17
920.31	3036.73
920.48	2979.38
920.65	2864.29
920.83	3298.05
921.00	3132.57
921.18	2789.74
921.35	2953.99
921.53	2949.48
921.70	2949.08
921.88	2745.10
922.05	2690.21
922.22	2837.67
922.40	3012.15
922.57	2764.76
922.75	2491.97
922.92	3048.20
923.09	2990.03
923.27	2795.89
923.44	3236.20
923.62	2880.26
923.79	3275.11
923.96	2813.09
924.14	2598.05
924.31	3273.47
924.49	3056.80
924.66	2753.70
924.83	2850.36
925.01	3016.66
925.18	3396.35
925.36	3051.06
925.53	2696.36
925.70	2954.40
925.88	2729.94
926.05	2886.82
926.23	3012.15
926.40	3146.09
926.57	3071.13
926.75	2916.72
926.92	2607.47
927.09	3083.42
927.27	2803.67
927.44	2941.29
927.62	2725.03
927.79	3270.20
927.96	2833.98
928.14	2675.06
928.31	2942.52
928.48	3351.71
928.66	3000.68
928.83	2624.68
929.00	2832.75
929.18	2980.20
929.35	3003.55
929.52	3062.12
929.70	2778.27
929.87	2890.50
930.05	2847.50
930.22	2820.46
930.39	2908.93
930.57	2863.47
930.74	3364.81
930.91	2707.01
931.09	3037.96
931.26	3021.57
931.43	3147.32
931.61	2526.37
931.78	2886.82
931.95	3029.36
932.12	3348.84
932.30	2659.49
932.47	3087.11
932.64	2818.82
932.82	2831.93
932.99	2886.41
933.16	2750.01
933.34	2942.93
933.51	3083.01
933.68	2678.74
933.86	3064.17
934.03	2971.19
934.20	2851.18
934.38	3041.23
934.55	2609.11
934.72	3435.26
934.89	3146.09
935.07	2807.36
935.24	2979.79
935.41	2991.67
935.59	3012.56
935.76	2784.42
935.93	2865.52
936.10	2935.15
936.28	3046.97
936.45	2812.27
936.62	2850.77
936.79	3241.93
936.97	2906.07
937.14	2870.84
937.31	2910.98
937.49	2861.83
937.66	3090.79
937.83	3145.68
938.00	3018.30
938.18	3300.10
938.35	3173.53
938.52	2792.20
938.69	2828.65
938.87	2999.05
939.04	2977.34
939.21	2821.28
939.38	2772.54
939.56	2960.13
939.73	2665.64
939.90	2873.30
940.07	2772.13
940.25	3018.71
940.42	3018.30
940.59	2945.39
940.76	2747.15
940.94	2856.92
941.11	2894.60
941.28	2886.00
941.45	3019.12
941.62	3067.45
941.80	2812.68
941.97	2994.95
942.14	2646.39
942.31	3300.92
942.48	2852.41
942.66	2834.80
942.83	2984.30
943.00	2647.20
943.17	3216.95
943.35	3040.00
943.52	2895.01
943.69	2773.36
943.86	2855.69
944.03	2632.46
944.21	3256.27
944.38	2942.11
944.55	2945.39
944.72	2845.45
944.89	2700.86
945.06	2980.61
945.24	2894.60
945.41	3256.68
945.58	2907.30
945.75	3086.70
945.92	2811.04
946.10	3196.06
946.27	2548.49
946.44	2887.64
946.61	2869.20
946.78	3164.11
946.95	2675.47
947.13	2806.95
947.30	2895.42
947.47	2814.73
947.64	2928.60
947.81	3155.51
947.98	2935.97
948.16	2902.38
948.33	2811.45
948.50	2858.15
948.67	2904.43
948.84	3112.91
949.01	2773.36
949.18	2967.10
949.36	3169.85
949.53	2870.02
949.70	2846.27
949.87	3087.93
950.04	2799.98
950.21	2966.69
950.38	2738.13
950.56	2962.18
950.73	2989.62
950.90	2874.94
951.07	2946.21
951.24	3110.86
951.41	2931.46
951.58	2856.92
951.75	2961.77
951.92	2862.24
952.10	2934.74
952.27	2622.22
952.44	2984.71
952.61	3676.51
952.78	2930.64
952.95	2651.71
953.12	2976.93
953.29	3002.32
953.46	2826.61
953.64	3020.34
953.81	2716.43
953.98	3095.30
954.15	2863.06
954.32	2842.58
954.49	2630.82
954.66	2962.18
954.83	2883.95
955.00	2719.70
955.17	2897.47
955.34	2845.04
955.51	2915.08
955.69	3540.94
955.86	2856.10
956.03	2925.73
956.20	2971.19
956.37	2911.39
956.54	2653.35
956.71	3002.73
956.88	2891.73
957.05	2849.95
957.22	2664.00
957.39	3135.03
957.56	2786.06
957.73	2702.91
957.90	2698.81
958.07	3187.87
958.24	3120.69
958.41	2700.45
958.59	2900.74
958.76	3171.89
958.93	3230.47
959.10	2881.08
959.27	2724.62
959.44	3175.58
959.61	2845.04
959.78	2915.90
959.95	2821.69
960.12	3224.32
960.29	3039.60
960.46	2762.71
960.63	2543.58
960.80	2955.22
960.97	3098.99
961.14	2639.42
961.31	2930.23
961.48	3267.74
961.65	3081.78
961.82	2872.07
961.99	2901.15
962.16	2888.46
962.33	3026.08
962.50	2966.69
962.67	2702.50
962.84	2987.99
963.01	2845.04
963.18	2715.20
963.35	2693.49
963.52	3113.32
963.69	2926.14
963.86	3113.73
964.03	2965.05
964.20	3327.13
964.37	3074.00
964.54	3067.86
964.71	2850.36
964.88	2945.39
965.05	3005.19
965.22	2818.00
965.39	2951.12
965.56	2876.58
965.73	2855.69
965.90	3092.84
966.07	2667.27
966.24	3007.65
966.41	2898.69
966.58	2865.52
966.74	3165.34
966.91	3435.67
967.08	3312.38
967.25	2701.68
967.42	2786.47
967.59	3209.99
967.76	2777.86
967.93	2990.03
968.10	2883.13
968.27	3023.21
968.44	2965.05
968.61	2792.20
968.78	2643.11
968.95	2885.18
969.12	2939.65
969.29	2938.43
969.46	2682.02
969.62	3275.11
969.79	2842.17
969.96	2657.85
970.13	2655.81
970.30	3050.24
970.47	3085.88
970.64	2974.88
970.81	2909.34
970.98	3099.81
971.15	2955.22
971.32	2526.78
971.49	3052.29
971.65	3187.46
971.82	2978.98
971.99	2907.30
972.16	3096.94
972.33	2944.16
972.50	2930.64
972.67	2911.80
972.84	2935.97
973.01	2856.10
973.17	3112.09
973.34	2995.36
973.51	3012.97
973.68	2996.18
973.85	2831.93
974.02	2910.16
974.19	2778.27
974.36	3065.40
974.53	3138.31
974.69	2960.95
974.86	2700.86
975.03	3270.20
975.20	2834.80
975.37	2978.57
975.54	2957.27
975.71	3095.30
975.87	3028.54
976.04	3021.16
976.21	2863.06
976.38	3080.15
976.55	2940.88
976.72	2757.79
976.89	3077.69
977.05	3127.25
977.22	3303.78
977.39	2640.65
977.56	3000.68
977.73	2972.83
977.90	2775.00
978.06	2947.03
978.23	2908.93
978.40	2858.15
978.57	3212.85
978.74	3126.43
978.91	3015.84
979.07	2886.82
979.24	3153.46
979.41	2813.09
979.58	2884.77
979.75	3222.27
979.91	2798.75
980.08	2537.02
980.25	2967.10
980.42	3096.53
980.59	2958.91
980.75	2722.57
980.92	2848.31
981.09	2942.11
981.26	3090.79
981.43	3068.68
981.59	2832.34
981.76	2902.79
981.93	2905.66
982.10	2826.61
982.27	2748.37
982.43	3094.48
982.60	2846.68
982.77	2684.07
982.94	2795.89
983.11	2865.93
983.27	2723.39
983.44	2870.84
983.61	2918.77
983.78	3326.72
983.94	3242.75
984.11	2753.29
984.28	2946.21
984.45	3257.91
984.61	2747.15
984.78	2753.70
984.95	2720.93
985.12	3028.13
985.28	3221.05
985.45	2740.18
985.62	2784.42
985.79	2940.06
985.95	2843.40
986.12	2605.43
986.29	2794.66
986.46	3261.19
986.62	3311.98
986.79	2860.19
986.96	2681.61
987.13	3038.78
987.29	3305.83
987.46	2832.75
987.63	2788.51
987.80	2769.26
987.96	3404.13
988.13	2794.25
988.30	2771.72
988.46	2899.51
988.63	3126.02
988.80	2251.95
988.97	2235.56
989.13	3076.46
989.30	3113.73
989.47	2219.59
989.63	2223.27
989.80	3263.23
989.97	3052.29
990.13	2463.71
990.30	2836.03
990.47	2908.93
990.64	2915.08
990.80	2251.13
990.97	2442.82
991.14	2876.99
991.30	3029.36
991.47	2354.75
991.64	2395.30
991.80	2991.26
991.97	2920.40
992.14	2336.73
992.30	2917.95
992.47	2902.79
992.64	3064.58
992.80	2272.84
992.97	2312.57
993.14	3393.48
993.30	3923.09
993.47	2335.50
993.64	2367.86
993.80	3257.50
993.97	2981.43
994.14	2470.26
994.30	2795.89
994.47	3140.36
994.64	2965.87
994.80	2613.21
994.97	2467.80
995.14	3187.05
995.30	3014.61
995.47	2491.15
995.63	2537.84
995.80	3017.89
995.97	3467.62
996.13	2392.44
996.30	2413.74
996.47	2982.66
996.63	3590.91
996.80	2848.31
996.97	2627.13
997.13	3094.89
997.30	3273.47
997.46	2327.31
997.63	2652.53
997.80	3262.82
997.96	3138.31
998.13	2388.34
998.29	2419.88
998.46	3008.06
998.63	2906.48
998.79	2299.05
998.96	2601.33
999.12	3212.03
999.29	2983.07
999.46	2446.09
999.62	2756.16
999.79	3173.53
999.95	3015.02
1000.12	2390.39
1000.29	2464.94
1000.45	3062.53
1000.62	3182.54
1000.78	2498.93
1000.95	2386.70
1001.11	3133.80
1001.28	3161.65
1001.45	2392.03
1001.61	2752.88
1001.78	3137.49
1001.94	3198.52
1002.11	2517.36
1002.27	2747.96
1002.44	3222.27
1002.61	3118.65
1002.77	2411.28
1002.94	2341.65
1003.10	3084.65
1003.27	3166.98
1003.43	2400.22
1003.60	2522.69
1003.76	2981.02
1003.93	3024.03
1004.10	2582.49
1004.26	2724.62
1004.43	3209.99
1004.59	3463.12
1004.76	2360.49
1004.92	2479.27
1005.09	3419.29
1005.25	3263.64
1005.42	2414.56
1005.58	2728.71
1005.75	3157.15
1005.91	3097.76
1006.08	2782.37
1006.24	2326.49
1006.41	2993.72
1006.57	3012.97
1006.74	2370.73
1006.90	2576.75
1007.07	2903.61
1007.23	3445.91
1007.40	2479.68
1007.56	2343.29
1007.73	2905.25
1007.89	3157.97
1008.06	2709.05
1008.22	2560.78
1008.39	3061.71
1008.55	2994.54
1008.72	2534.57
1008.88	2383.02
1009.05	2890.91
1009.21	3238.25
1009.38	2251.95
1009.54	2453.47
1009.71	3356.21
1009.87	3417.24
1010.04	2186.41
1010.20	2668.50
1010.37	2762.30
1010.53	3305.42
1010.70	2558.32
1010.86	2296.18
1011.03	2842.99
1011.19	2903.20
1011.35	2600.92
1011.52	2485.01
1011.68	2999.46
1011.85	2944.16
1012.01	2762.71
1012.18	2624.68
1012.34	2944.16
1012.51	2968.74
1012.67	2478.45
1012.83	2548.49
1013.00	3160.02
1013.16	2901.15
1013.33	2414.56
1013.49	2952.35
1013.66	3149.37
1013.82	3500.80
1013.99	2489.51
1014.15	2574.71
1014.31	3188.28
1014.48	3112.50
1014.64	2612.39
1014.81	2533.75
1014.97	2909.75
1015.13	3269.79
1015.30	2467.39
1015.46	2596.82
1015.63	2843.81
1015.79	2983.89
1015.95	2291.68
1016.12	2428.89
1016.28	3005.19
1016.45	3006.01
1016.61	2552.59
1016.77	2582.90
1016.94	2913.44
1017.10	3128.89
1017.27	2463.30
1017.43	2354.34
1017.59	2970.78
1017.76	3163.70
1017.92	2346.56
1018.09	2274.88
1018.25	3385.70
1018.41	3220.23
1018.58	2585.77
1018.74	2620.58
1018.90	2974.06
1019.07	3107.18
1019.23	2373.19
1019.40	2396.12
1019.56	3111.68
1019.72	2774.59
1019.89	2610.75
1020.05	2979.38
1020.21	3195.24
1020.38	3047.79
1020.54	2292.91
1020.70	2522.28
1020.87	3003.14
1021.03	3176.40
1021.19	2478.86
1021.36	2236.38
1021.52	3139.95
1021.68	3407.82
1021.85	3028.13
1022.01	2581.67
1022.17	3070.72
1022.34	3041.64
1022.50	2380.97
1022.66	2534.57
1022.83	3295.59
1022.99	3123.56
1023.15	2395.30
1023.32	2702.91
1023.48	3086.70
1023.64	2978.16
1023.81	2248.26
1023.97	2660.72
1024.13	3013.79
1024.30	2986.35
1024.46	2711.51
1024.62	2541.53
1024.79	3114.14
1024.95	3275.93
1025.11	2292.91
1025.27	2534.16
1025.44	2870.02
1025.60	2970.78
1025.76	2542.35
1025.93	2402.68
1026.09	2994.54
1026.25	3009.69
1026.41	2556.27
1026.58	2307.24
1026.74	2875.76
1026.90	3253.40
1027.07	2637.78
1027.23	2390.39
1027.39	3003.14
1027.55	3262.82
1027.72	2525.15
1027.88	2659.08
1028.04	3037.96
1028.20	3174.35
1028.37	2141.77
1028.53	2550.95
1028.69	2845.04
1028.85	3171.89
1029.02	2667.27
1029.18	2434.63
1029.34	2878.62
1029.50	3195.24
1029.67	2661.54
1029.83	2426.84
1029.99	3127.66
1030.15	2975.29
1030.32	2363.77
1030.48	2592.32
1030.64	2958.50
1030.80	3327.13
1030.97	2745.51
1031.13	2490.33
1031.29	3348.02
1031.45	3202.20
1031.61	2392.03
1031.78	2436.67
1031.94	3412.74
1032.10	3182.13
1032.26	2602.97
1032.42	2561.60
1032.59	3252.99
1032.75	3000.27
1032.91	2521.05
1033.07	2534.16
1033.24	2875.76
1033.40	3612.21
1033.56	2585.36
1033.72	2367.45
1033.88	3147.32
1034.04	3472.54
1034.21	2620.58
1034.37	2626.72
1034.53	3078.92
1034.69	2856.10
1034.85	2448.96
1035.02	2492.79
1035.18	2949.08
1035.34	3246.03
1035.50	2329.36
1035.66	2656.22
1035.82	3019.93
1035.99	3293.13
1036.15	2485.01
1036.31	2767.62
1036.47	3194.83
1036.63	3676.10
1036.79	2994.13
1036.96	2754.93
1037.12	3293.95
1037.28	2920.40
1037.44	2207.30
1037.60	2432.58
1037.76	3051.06
1037.92	3033.45
1038.09	2264.64
1038.25	2789.74
1038.41	3238.66
1038.57	3232.10
1038.73	2444.05
1038.89	2378.10
1039.05	3176.81
1039.22	3110.86
1039.38	2446.50
1039.54	2899.51
1039.70	3146.91
1039.86	3217.36
1040.02	2482.96
1040.18	2493.61
1040.34	3065.40
1040.51	3197.29
1040.67	3342.28
1040.83	2845.45
1040.99	3271.43
1041.15	3414.37
1041.31	2389.98
1041.47	2695.54
1041.63	3035.50
