345.74	1400.40
345.96	1400.40
346.17	1400.40
346.39	1396.31
346.60	1421.70
346.81	2537.84
347.03	2572.25
347.24	3281.26
347.46	3286.58
347.67	2662.77
347.89	2499.34
348.10	3115.78
348.32	2934.33
348.53	2532.93
348.75	2557.50
348.96	2899.10
349.18	3248.08
349.39	2548.08
349.61	2576.34
349.82	3115.78
350.04	3097.76
350.25	2509.17
350.47	2661.13
350.68	3168.21
350.90	3281.67
351.11	2512.04
351.32	2612.80
351.54	3301.33
351.75	3298.46
351.97	2573.07
352.18	2560.37
352.40	2904.02
352.61	3221.45
352.83	2743.87
353.04	2443.64
353.26	3290.68
353.47	3006.83
353.69	2625.09
353.90	2590.68
354.11	2828.65
354.33	3461.07
354.54	2260.55
354.76	2630.41
354.97	2873.71
355.19	3180.91
355.40	2468.62
355.62	3033.45
355.83	3012.97
356.04	3113.73
356.26	2488.28
356.47	2699.22
356.69	2813.91
356.90	3556.50
357.12	2569.38
357.33	2412.92
357.55	2974.06
357.76	3059.67
357.97	2357.21
358.19	2595.60
358.40	2856.92
358.62	3378.74
358.83	2523.51
359.05	2757.39
359.26	2933.51
359.47	3079.74
359.69	2677.51
359.90	2865.52
360.12	2873.71
360.33	2980.61
360.55	2465.34
360.76	2770.49
360.97	3175.17
361.19	3343.51
361.40	2480.91
361.62	2628.36
361.83	3284.12
362.04	3394.71
362.26	2560.78
362.47	2610.75
362.69	2948.67
362.90	3083.01
363.12	2482.14
363.33	2586.17
363.54	3067.04
363.76	3237.43
363.97	2601.74
364.19	2631.23
364.40	3398.40
364.61	2957.68
364.83	2340.01
365.04	2718.47
365.26	3051.47
365.47	3396.76
365.68	2543.17
365.90	2660.31
366.11	2983.07
366.33	3321.81
366.54	2484.19
366.75	2485.41
366.97	2782.78
367.18	2916.31
367.40	2714.38
367.61	2510.40
367.82	3037.55
368.04	3210.81
368.25	2652.94
368.46	2615.26
368.68	2980.20
368.89	3386.52
369.11	2605.02
369.32	2701.68
369.53	3406.59
369.75	3175.58
369.96	2936.38
370.18	2632.46
370.39	2937.61
370.60	2974.06
370.82	2519.82
371.03	2548.90
371.24	3474.58
371.46	2927.78
371.67	2703.73
371.88	2510.81
372.10	2800.39
372.31	2768.44
372.53	2349.43
372.74	2564.06
372.95	2838.48
373.17	2979.38
373.38	2793.43
373.59	2775.00
373.81	3040.00
374.02	3309.11
374.23	2489.51
374.45	2917.13
374.66	3139.95
374.88	3083.83
375.09	2527.60
375.30	2877.81
375.52	3045.33
375.73	3315.66
375.94	2470.67
376.16	2804.49
376.37	3227.19
376.58	3190.33
376.80	2769.67
377.01	2767.22
377.22	3653.58
377.44	3209.17
377.65	2705.78
377.86	2324.85
378.08	3067.04
378.29	2883.54
378.50	2691.03
378.72	2456.74
378.93	3508.17
379.14	3236.61
379.36	3009.29
379.57	2623.86
379.78	2776.23
380.00	3169.85
380.21	2356.80
380.42	2362.54
380.64	2714.38
380.85	2807.36
381.06	2683.25
381.28	2566.51
381.49	3506.53
381.70	2906.89
381.92	2519.00
382.13	2627.54
382.34	3532.75
382.56	3367.68
382.77	2563.24
382.98	2631.64
383.19	3149.37
383.41	3073.59
383.62	2582.90
383.83	2659.08
384.05	3076.87
384.26	3141.58
384.47	2699.22
384.69	2630.00
384.90	3056.80
385.11	3400.04
385.33	2550.54
385.54	2788.10
385.75	2941.29
385.96	3256.68
386.18	3095.30
386.39	2670.96
386.60	2920.81
386.82	3377.10
387.03	2661.95
387.24	2664.00
387.45	2888.46
387.67	2881.08
387.88	2801.62
388.09	2682.43
388.31	2920.81
388.52	3054.75
388.73	3063.76
388.94	2586.99
389.16	3291.50
389.37	2851.18
389.58	2663.59
389.80	2585.77
390.01	2919.58
390.22	3200.98
390.43	2784.01
390.65	2765.17
390.86	3010.51
391.07	3205.07
391.29	2635.33
391.50	2355.98
391.71	3236.20
391.92	3256.68
392.14	2664.82
392.35	2782.37
392.56	2858.96
392.77	3189.92
392.99	2675.47
393.20	2477.22
393.41	2940.06
393.62	3027.31
393.84	2515.72
394.05	2686.53
394.26	3107.18
394.47	3329.59
394.69	2903.61
394.90	2878.62
395.11	3046.15
395.32	2938.02
395.54	2565.29
395.75	2477.22
395.96	2878.22
396.17	3436.90
396.39	3035.91
396.60	2511.22
396.81	3108.82
397.02	3025.26
397.24	2839.30
397.45	2938.02
397.66	2904.84
397.87	3234.56
398.09	2725.85
398.30	2518.59
398.51	3198.93
398.72	2870.84
398.94	2559.55
399.15	3113.32
399.36	3100.22
399.57	3189.10
399.79	2771.31
400.00	2993.31
400.21	2761.89
400.42	3165.75
400.63	2616.08
400.85	2842.58
401.06	3032.63
401.27	3083.83
401.48	3206.30
401.70	2687.34
401.91	3443.45
402.12	3280.85
402.33	2890.50
402.54	2569.79
402.76	3054.34
402.97	3379.56
403.18	2609.52
403.39	2629.18
403.60	3132.98
403.82	2987.17
404.03	2294.54
404.24	2546.44
404.45	3166.98
404.66	3446.73
404.88	2386.29
405.09	3089.98
405.30	3136.26
405.51	3032.63
405.73	2604.61
405.94	2503.03
406.15	2953.17
406.36	2969.15
406.57	2693.49
406.78	2524.74
407.00	3049.43
407.21	3309.11
407.42	2467.39
407.63	2983.89
407.84	3136.67
408.06	3074.41
408.27	2466.57
408.48	2619.35
408.69	3090.79
408.90	2935.15
409.12	2445.27
409.33	2586.17
409.54	2739.77
409.75	2958.09
409.96	2645.16
410.17	2809.81
410.39	2848.72
410.60	3425.02
410.81	2686.53
411.02	2844.63
411.23	4749.65
411.44	2800.39
411.66	2672.19
411.87	2996.59
412.08	3365.22
412.29	2799.57
412.50	2586.99
412.71	2500.16
412.93	2867.16
413.14	2957.68
413.35	2748.78
413.56	2562.01
413.77	3079.33
413.98	3006.42
414.20	2519.41
414.41	2757.39
414.62	2982.66
414.83	2828.24
415.04	2539.48
415.25	2748.37
415.46	3317.71
415.68	2979.38
415.89	2436.67
416.10	2756.98
416.31	2732.40
416.52	3178.45
416.73	2695.13
416.94	2619.35
417.16	3062.53
417.37	3067.45
417.58	2775.41
417.79	2505.48
418.00	3026.49
418.21	2936.38
418.42	2787.70
418.64	2537.84
418.85	2758.61
419.06	3055.98
419.27	2571.84
419.48	2684.48
419.69	3016.66
419.90	2782.37
420.11	2530.88
420.33	2510.40
420.54	3384.88
420.75	3184.59
420.96	2425.61
421.17	2752.06
421.38	3026.08
421.59	2877.40
421.80	2403.09
422.02	2634.51
422.23	3024.44
422.44	3176.81
422.65	2482.55
422.86	2611.98
423.07	2825.38
423.28	3000.68
423.49	2283.49
423.70	2668.50
423.92	2808.17
424.13	3248.90
424.34	2417.83
424.55	2492.79
424.76	3227.19
424.97	3274.70
425.18	2460.43
425.39	2742.64
425.60	2777.86
425.81	2891.73
426.03	2735.27
426.24	2555.05
426.45	2984.30
426.66	3469.26
426.87	2594.78
427.08	2846.27
427.29	3086.29
427.50	2998.23
427.71	2527.60
427.92	2559.14
428.13	2765.17
428.34	2883.54
428.56	2829.47
428.77	2772.54
428.98	3508.58
429.19	3098.17
429.40	2787.70
429.61	2652.94
429.82	3085.88
430.03	2935.97
430.24	2741.41
430.45	2347.38
430.66	3182.13
430.87	2968.33
431.08	2668.50
431.30	2458.38
431.51	3073.18
431.72	3084.24
431.93	2781.14
432.14	2509.17
432.35	3042.05
432.56	3332.05
432.77	2593.55
432.98	2632.46
433.19	2959.72
433.40	2994.13
433.61	2442.00
433.82	2680.38
434.03	2779.09
434.24	2922.45
434.45	3175.99
434.66	3074.41
434.87	3141.99
435.09	2979.79
435.30	2702.91
435.51	2851.59
435.72	3040.00
435.93	2770.90
436.14	2697.17
436.35	2635.33
436.56	3137.08
436.77	2985.53
436.98	2500.16
437.19	2813.50
437.40	3358.26
437.61	3040.41
437.82	2639.42
438.03	2611.16
438.24	2949.89
438.45	3088.75
438.66	2494.84
438.87	2472.31
439.08	2940.88
439.29	2887.64
439.50	2841.76
439.71	3118.24
439.92	2768.03
440.13	2733.22
440.34	2583.72
440.55	2788.10
440.76	2795.07
440.97	3193.19
441.18	2844.22
441.39	2537.43
441.60	2905.66
441.81	2824.56
442.02	2648.02
442.23	2611.57
442.44	3080.14
442.65	2830.70
442.86	2768.03
443.07	2862.65
443.28	2910.57
443.49	2964.64
443.70	2806.54
443.91	2554.23
444.12	2811.45
444.33	2858.96
444.54	2859.78
444.75	2674.65
444.96	3116.19
445.17	3211.21
445.38	2973.65
445.59	2682.02
445.80	2913.85
446.01	2760.66
446.22	3118.24
446.43	2614.03
446.64	2747.96
446.85	2869.20
447.06	2707.41
447.27	2719.70
447.48	3246.85
447.69	2831.52
447.90	2793.43
448.11	2397.35
448.32	2966.28
448.53	2806.54
448.74	2806.13
448.95	2695.13
449.16	2805.31
449.37	2939.65
449.58	2582.08
449.79	2563.65
450.00	2568.97
450.21	2786.47
450.42	2727.89
450.63	2608.70
450.84	2739.36
451.05	2659.08
451.26	2740.18
451.47	2822.92
451.68	3021.57
451.89	2803.67
452.10	2722.57
452.30	3001.91
452.51	2867.98
452.72	2595.60
452.93	2713.97
453.14	2745.10
453.35	2809.40
453.56	3035.91
453.77	2721.34
453.98	2621.40
454.19	3082.60
454.40	2768.44
454.61	2702.50
454.82	2728.71
455.03	2547.67
455.24	2702.50
455.45	2741.82
455.66	2937.61
455.87	2818.41
456.07	2677.92
456.28	2602.56
456.49	2461.25
456.70	2980.20
456.91	2777.86
457.12	2540.71
457.33	2589.86
457.54	2923.68
457.75	3029.36
457.96	3037.14
458.17	2760.25
458.38	2743.05
458.59	2585.77
458.79	2511.63
459.00	2435.44
459.21	2743.05
459.42	2651.71
459.63	2571.02
459.84	2410.46
460.05	3579.85
460.26	2850.77
460.47	2752.47
460.68	2528.01
460.89	3019.53
461.09	3025.67
461.30	2747.15
461.51	2616.48
461.72	3110.45
461.93	2917.13
462.14	2668.91
462.35	2435.85
462.56	2951.94
462.77	2519.00
462.98	2925.73
463.18	2674.24
463.39	2875.76
463.60	3061.71
463.81	2677.10
464.02	3094.48
464.23	2909.34
464.44	3388.16
464.65	2673.01
464.86	2471.49
465.06	2538.25
465.27	2688.57
465.48	2440.36
465.69	2657.85
465.90	2911.39
466.11	2759.02
466.32	2486.23
466.53	2462.48
466.74	2963.41
466.94	2826.20
467.15	2721.34
467.36	2536.61
467.57	3074.82
467.78	2874.94
467.99	2760.66
468.20	3103.49
468.40	2704.14
468.61	2669.32
468.82	2661.54
469.03	3023.62
469.24	3015.43
469.45	2756.16
469.66	2763.94
469.86	2642.70
470.07	2979.38
470.28	2805.31
470.49	2511.63
470.70	2593.14
470.91	2729.53
471.12	2884.36
471.32	2632.87
471.53	2595.60
471.74	2858.15
471.95	2844.22
472.16	2601.33
472.37	2700.45
472.58	2986.76
472.78	2711.92
472.99	2662.36
473.20	2664.00
473.41	2784.83
473.62	2659.49
473.83	3127.66
474.03	2872.07
474.24	2839.30
474.45	2884.36
474.66	2629.59
474.87	2729.12
475.08	2771.31
475.28	2988.40
475.49	2990.85
475.70	2575.12
475.91	2942.52
476.12	2858.96
476.32	2608.29
476.53	2699.63
476.74	2929.41
476.95	2797.53
477.16	2584.13
477.37	2765.58
477.57	2893.37
477.78	2758.20
477.99	2634.10
478.20	2641.88
478.41	3121.10
478.61	2987.17
478.82	2942.93
479.03	2607.06
479.24	2952.76
479.45	2801.62
479.65	2676.70
479.86	2815.14
480.07	2946.21
480.28	2685.30
480.49	3797.75
480.69	2625.09
480.90	2915.90
481.11	2791.38
481.32	2398.58
481.53	2713.15
481.73	2960.54
481.94	2826.20
482.15	2696.36
482.36	2667.68
482.57	2758.61
482.77	3164.11
482.98	2940.47
483.19	2701.27
483.40	2673.83
483.60	2741.41
483.81	2756.16
484.02	2870.02
484.23	2752.88
484.44	2578.39
484.64	2695.95
484.85	2609.93
485.06	2886.41
485.27	2778.27
485.47	2800.39
485.68	2750.01
485.89	2924.50
486.10	3185.00
486.31	3048.61
486.51	2735.27
486.72	2811.86
486.93	2779.09
487.14	2632.87
487.34	2551.77
487.55	2789.33
487.76	2958.09
487.97	2824.15
488.17	2645.16
488.38	2827.02
488.59	2786.47
488.80	2870.43
489.00	2844.63
489.21	2986.35
489.42	2738.13
489.63	2940.88
489.83	2841.76
490.04	2813.09
490.25	2698.81
490.46	2725.03
490.66	2860.60
490.87	2852.00
491.08	2700.04
491.29	2605.02
491.49	2669.73
491.70	2812.68
491.91	2825.79
492.11	2819.23
492.32	2805.72
492.53	2528.83
492.74	3042.87
492.94	3043.69
493.15	2869.61
493.36	2848.72
493.57	2844.22
493.77	2777.05
493.98	2938.84
494.19	3058.03
494.39	2915.49
494.60	2548.08
494.81	2545.63
495.02	3078.92
495.22	3098.17
495.43	2528.83
495.64	2501.80
495.84	2619.76
496.05	3241.12
496.26	2876.17
496.47	2882.31
496.67	3194.01
496.88	2894.19
497.09	2762.30
497.29	2464.94
497.50	2587.81
497.71	2944.57
497.91	2429.71
498.12	2882.72
498.33	2806.13
498.54	2896.65
498.74	2718.88
498.95	2564.47
499.16	2954.81
499.36	2757.79
499.57	2638.60
499.78	2553.00
499.98	2751.24
500.19	2675.06
500.40	2634.10
500.60	2987.58
500.81	2817.19
501.02	2966.28
501.22	3234.56
501.43	2528.83
501.64	2825.79
501.85	2949.08
502.05	3377.92
502.26	2599.28
502.47	3246.44
502.67	2766.40
502.88	2791.38
503.09	2885.59
503.29	2583.72
503.50	2736.09
503.71	3063.76
503.91	2703.32
504.12	2768.03
504.33	2700.45
504.53	2816.78
504.74	2767.62
504.95	3050.65
505.15	2833.57
505.36	2992.90
505.56	2698.40
505.77	3294.77
505.98	2591.50
506.18	3035.91
506.39	2580.03
506.60	2660.31
506.80	2965.05
507.01	2757.79
507.22	2803.26
507.42	3021.98
507.63	2632.87
507.84	2852.41
508.04	2403.91
508.25	3121.51
508.45	3255.86
508.66	2724.21
508.87	2607.88
509.07	2916.72
509.28	2901.97
509.49	2671.78
509.69	2961.77
509.90	2856.92
510.11	2696.77
510.31	2650.48
510.52	2618.12
510.72	2788.10
510.93	2834.39
511.14	2575.94
511.34	2559.96
511.55	2730.35
511.76	3307.88
511.96	3218.59
512.17	2791.38
512.37	2962.18
512.58	2799.16
512.79	2615.26
512.99	2738.54
513.20	2881.49
513.40	3012.56
513.61	2863.06
513.82	2615.26
514.02	2589.45
514.23	2748.37
514.43	3215.72
514.64	2781.96
514.85	2951.53
515.05	3004.37
515.26	2827.02
515.46	2918.36
515.67	2983.89
515.88	2681.20
516.08	3230.06
516.29	2741.41
516.49	2830.29
516.70	2781.96
516.91	2732.40
517.11	2847.09
517.32	2817.19
517.52	3026.90
517.73	2653.76
517.93	2998.23
518.14	2959.31
518.35	2650.89
518.55	2518.18
518.76	2954.40
518.96	3090.79
519.17	2564.88
519.38	2750.01
519.58	2991.67
519.79	2873.71
519.99	2858.55
520.20	2731.58
520.40	2684.89
520.61	3078.51
520.82	3265.28
521.02	3046.97
521.23	2899.51
521.43	3025.67
521.64	2610.75
521.84	2713.56
522.05	2709.46
522.25	2573.07
522.46	2677.92
522.67	2777.05
522.87	3080.96
523.08	3109.64
523.28	2804.49
523.49	3171.07
523.69	2771.31
523.90	2869.61
524.10	2926.96
524.31	2718.88
524.51	2969.15
524.72	2956.86
524.93	2983.89
525.13	2693.90
525.34	2698.40
525.54	2870.43
525.75	3058.03
525.95	2513.68
526.16	3071.54
526.36	2895.01
526.57	3047.79
526.77	2414.15
526.98	3180.50
527.18	2763.53
527.39	2697.99
527.59	3074.00
527.80	2800.39
528.00	2985.53
528.21	2918.36
528.42	2871.66
528.62	2804.49
528.83	2748.37
529.03	3333.27
529.24	2959.72
529.44	2664.82
529.65	2959.72
529.85	2852.41
530.06	3180.50
530.26	2845.45
530.47	3020.75
530.67	3142.81
530.88	2618.94
531.08	2880.26
531.29	2773.36
531.49	2768.03
531.70	2883.95
531.90	2522.69
532.11	2811.04
532.31	2874.94
532.52	2922.04
532.72	2518.18
532.93	2914.26
533.13	2644.34
533.34	2630.00
533.54	2899.51
533.75	2615.26
533.95	2672.19
534.16	2720.93
534.36	2800.39
534.57	2890.91
534.77	3096.53
534.97	2932.69
535.18	2636.55
535.38	2833.98
535.59	2677.92
535.79	2759.84
536.00	2655.40
536.20	2788.92
536.41	2516.54
536.61	2854.05
536.82	2631.64
537.02	2744.69
537.23	2851.18
537.43	2945.39
537.64	2631.23
537.84	2949.48
538.05	2889.27
538.25	2969.15
538.45	2720.11
538.66	2892.96
538.86	2754.11
539.07	2631.64
539.27	2739.77
539.48	2783.60
539.68	2946.62
539.89	2739.36
540.09	3214.08
540.29	2976.11
540.50	2514.09
540.70	2969.96
540.91	2709.87
541.11	3030.17
541.32	2692.26
541.52	2880.26
541.73	2799.16
541.93	2609.93
542.13	2939.65
542.34	2638.19
542.54	2757.39
542.75	2919.99
542.95	3455.74
543.16	2762.71
543.36	2854.46
543.56	2815.55
543.77	2951.53
543.97	2971.60
544.18	2788.51
544.38	2896.65
544.59	2745.92
544.79	2669.32
544.99	3128.48
545.20	3323.85
545.40	2736.91
545.61	2754.11
545.81	2949.89
546.01	3152.64
546.22	2889.68
546.42	2835.62
546.63	2659.49
546.83	2952.76
547.04	2811.45
547.24	2880.67
547.44	2646.79
547.65	2910.16
547.85	2614.44
548.06	2602.97
548.26	2723.80
548.46	3413.14
548.67	2875.76
548.87	2842.17
549.08	2692.67
549.28	2758.61
549.48	2841.76
549.69	3066.63
549.89	2590.68
550.09	3151.82
550.30	3173.53
550.50	2566.92
550.71	2641.47
550.91	2883.95
551.11	2578.80
551.32	3088.34
551.52	2640.24
551.73	3002.32
551.93	2634.51
552.13	3049.02
552.34	3128.07
552.54	2585.77
552.74	2926.55
552.95	2707.41
553.15	2856.51
553.35	2963.00
553.56	2885.59
553.76	3035.91
553.97	2829.88
554.17	2942.52
554.37	2776.23
554.58	2945.39
554.78	2827.02
554.98	2876.17
555.19	2745.92
555.39	2832.34
555.59	2619.76
555.80	2887.23
556.00	2797.12
556.20	2902.79
556.41	2789.33
556.61	2742.64
556.82	2677.92
557.02	2958.50
557.22	2773.36
557.43	2617.30
557.63	2910.16
557.83	2842.58
558.04	3217.77
558.24	2777.86
558.44	2913.85
558.65	2669.73
558.85	2554.23
559.05	2795.89
559.26	2771.31
559.46	2644.75
559.66	2623.86
559.87	2750.42
560.07	2915.90
560.27	3200.16
560.48	3128.89
560.68	2955.63
560.88	2713.15
561.08	3044.10
561.29	3038.78
561.49	2687.34
561.69	2734.04
561.90	3200.16
562.10	2808.17
562.30	3278.39
562.51	2949.89
562.71	2824.56
562.91	3164.93
563.12	2770.49
563.32	2741.41
563.52	2978.16
563.72	2773.77
563.93	2816.37
564.13	2778.68
564.33	3220.64
564.54	2898.29
564.74	2767.22
564.94	2874.94
565.15	2728.30
565.35	2838.48
565.55	3156.74
565.75	2602.15
565.96	2900.74
566.16	2929.00
566.36	2781.96
566.57	2723.39
566.77	3275.52
566.97	2963.82
567.17	3091.20
567.38	2644.75
567.58	2881.08
567.78	2947.44
567.99	3309.11
568.19	2840.53
568.39	3028.13
568.59	3103.90
568.80	2968.74
569.00	3074.41
569.20	2931.87
569.40	2751.65
569.61	3131.75
569.81	2959.31
570.01	2822.92
570.21	2762.71
570.42	3277.16
570.62	2711.10
570.82	2655.40
571.02	2652.94
571.23	2745.51
571.43	3091.61
571.63	2728.71
571.84	2541.94
572.04	2595.60
572.24	3085.06
572.44	3012.97
572.64	2807.77
572.85	2799.16
573.05	3058.44
573.25	3260.37
573.45	2476.40
573.66	3451.65
573.86	2690.62
574.06	2876.17
574.26	3041.23
574.47	2842.17
574.67	3076.05
574.87	2623.86
575.07	2824.56
575.28	2824.56
575.48	2862.24
575.68	2909.34
575.88	2748.37
576.08	3132.57
576.29	2846.68
576.49	2968.33
576.69	3037.96
576.89	2779.91
577.10	2906.89
577.30	3141.17
577.50	2854.87
577.70	2663.18
577.90	3151.41
578.11	3039.60
578.31	2618.94
578.51	3016.66
578.71	2649.25
578.91	2990.44
579.12	3011.33
579.32	3024.44
579.52	4709.92
579.72	2813.50
579.92	2831.52
580.13	3030.99
580.33	3270.20
580.53	2898.69
580.73	2754.11
580.93	2976.93
581.14	2841.35
581.34	3037.55
581.54	2681.20
581.74	3010.10
581.94	2815.96
582.15	3166.98
582.35	2631.64
582.55	2913.03
582.75	3414.78
582.95	2884.77
583.15	3207.12
583.36	3139.13
583.56	2967.10
583.76	2784.01
583.96	2987.58
584.16	3012.56
584.37	2879.44
584.57	2959.72
584.77	2662.36
584.97	2910.98
585.17	2966.28
585.37	3008.06
585.57	3040.41
585.78	2590.27
585.98	2809.40
586.18	2815.14
586.38	2811.45
586.58	2624.68
586.78	2740.59
586.99	2743.46
587.19	2936.38
587.39	2861.83
587.59	2678.33
587.79	2857.33
587.99	2955.22
588.19	2877.81
588.40	2995.77
588.60	2719.29
588.80	3277.57
589.00	2673.83
589.20	2958.91
589.40	3164.93
589.60	2726.67
589.81	2880.26
590.01	2775.00
590.21	3257.09
590.41	2709.05
590.61	2949.48
590.81	2732.81
591.01	3200.57
591.22	2836.03
591.42	3337.78
591.62	3048.20
591.82	2896.24
592.02	3009.29
592.22	2913.44
592.42	3563.47
592.62	2943.34
592.82	2896.65
593.03	3055.16
593.23	2897.47
593.43	3100.62
593.63	2812.68
593.83	2820.05
594.03	3205.89
594.23	3117.42
594.43	2702.09
594.63	2679.56
594.84	2824.97
595.04	3182.13
595.24	2996.18
595.44	2732.40
595.64	2943.34
595.84	3087.11
596.04	3007.65
596.24	2831.93
596.44	2913.03
596.64	2704.55
596.84	2819.64
597.05	2852.00
597.25	3057.21
597.45	3080.96
597.65	2716.84
597.85	2835.21
598.05	2971.19
598.25	2697.17
598.45	2746.33
598.65	2910.98
598.85	2855.69
599.05	3334.50
599.25	2903.20
599.46	2607.47
599.66	3044.92
599.86	2783.60
600.06	2974.06
600.26	2807.36
600.46	2823.74
600.66	3077.28
600.86	3058.44
601.06	2821.28
601.26	2754.93
601.46	3113.73
601.66	2886.00
601.86	2706.60
602.06	2940.47
602.26	2738.95
602.46	2623.45
602.66	2749.60
602.87	2826.20
603.07	3023.21
603.27	2917.13
603.47	2784.01
603.67	3436.08
603.87	3246.03
604.07	2872.89
604.27	3103.08
604.47	2837.26
604.67	2685.71
604.87	2870.02
605.07	2863.47
605.27	2925.32
605.47	2705.37
605.67	2936.79
605.87	2912.21
606.07	3207.53
606.27	2815.96
606.47	2757.39
606.67	2667.68
606.87	2666.05
607.07	2963.41
607.27	2705.78
607.47	2954.40
607.67	2985.12
607.87	2731.17
608.07	3007.65
608.27	3026.90
608.47	2656.63
608.67	3195.65
608.87	2875.76
609.07	3065.40
609.27	2804.49
609.47	2986.76
609.67	2924.91
609.87	3003.14
610.07	2893.78
610.27	5365.27
610.47	2784.01
610.67	2987.58
610.87	2783.60
611.07	3359.49
611.27	2810.22
611.47	3000.68
611.67	3153.05
611.87	2864.29
612.07	2791.79
612.27	2858.15
612.47	2728.30
612.67	2883.13
612.87	2980.20
613.07	2731.17
613.27	2777.05
613.47	2973.65
613.67	2866.34
613.87	2933.51
614.07	2749.19
614.27	2761.48
614.47	2888.05
614.67	2976.11
614.87	2781.96
615.07	2836.85
615.27	2804.90
615.47	2826.20
615.67	3026.49
615.87	2641.06
616.07	2965.46
616.27	3006.83
616.47	2762.71
616.67	2734.45
616.87	2857.33
617.07	2704.55
617.27	2936.38
617.47	2839.30
617.66	2958.50
617.86	2876.99
618.06	2736.09
618.26	2721.75
618.46	2898.69
618.66	3170.26
618.86	3135.03
619.06	2909.75
619.26	2981.84
619.46	2842.99
619.66	3107.59
619.86	3033.04
620.06	2956.45
620.26	3121.10
620.46	3881.31
620.66	3456.97
620.85	3077.69
621.05	3325.49
621.25	2985.12
621.45	2796.71
621.65	3166.98
621.85	2889.27
622.05	3135.44
622.25	2772.95
622.45	2788.51
622.65	2865.93
622.85	2718.47
623.05	2978.16
623.25	2960.95
623.44	3235.79
623.64	2636.55
623.84	2826.61
624.04	2657.44
624.24	2978.57
624.44	3018.30
624.64	2931.46
624.84	2904.43
625.04	2830.29
625.24	2752.06
625.43	2839.71
625.63	3210.40
625.83	2876.58
626.03	2711.51
626.23	2939.24
626.43	2908.93
626.63	2768.03
626.83	2983.89
627.03	3118.24
627.22	2792.20
627.42	2894.60
627.62	2615.26
627.82	2957.27
628.02	2846.68
628.22	2758.20
628.42	2882.72
628.62	2600.10
628.82	2785.24
629.01	3393.48
629.21	2720.11
629.41	3153.46
629.61	3022.39
629.81	2910.16
630.01	3128.48
630.21	3249.72
630.40	3040.41
630.60	3039.60
630.80	3041.23
631.00	3160.02
631.20	3097.76
631.40	2944.98
631.60	2969.96
631.79	2793.43
631.99	3074.00
632.19	3002.73
632.39	2959.31
632.59	3058.03
632.79	2941.29
632.99	4958.54
633.18	2952.35
633.38	2900.33
633.58	2976.52
633.78	2903.20
633.98	2801.21
634.18	2908.93
634.37	3584.76
634.57	3135.85
634.77	3964.05
634.97	2922.04
635.17	3025.67
635.37	3397.17
635.56	2890.09
635.76	3172.71
635.96	2941.29
636.16	3011.33
636.36	2886.41
636.56	2815.96
636.75	2933.10
636.95	3089.98
637.15	2873.71
637.35	2956.45
637.55	3259.96
637.74	3183.36
637.94	2890.09
638.14	3051.06
638.34	3053.52
638.54	2540.71
638.73	3067.45
638.93	3094.48
639.13	3082.60
639.33	3110.05
639.53	2829.47
639.73	2871.25
639.92	2978.98
640.12	2816.78
640.32	2827.02
640.52	3166.98
640.71	2785.24
640.91	3033.86
641.11	2926.55
641.31	2950.30
641.51	2894.19
641.70	3144.04
641.90	3196.88
642.10	3021.57
642.30	3112.50
642.50	3106.77
642.69	3104.72
642.89	2887.64
643.09	3029.76
643.29	3149.37
643.48	3157.56
643.68	3103.49
643.88	3357.03
644.08	2660.72
644.28	3178.86
644.47	3222.68
644.67	2777.46
644.87	2840.12
645.07	3107.18
645.26	2958.91
645.46	2892.14
645.66	3029.76
645.86	3188.28
646.05	3391.44
646.25	3153.46
646.45	3275.11
646.65	3241.12
646.84	3246.85
647.04	3009.29
647.24	3109.23
647.44	3165.75
647.63	3143.22
647.83	3300.10
648.03	3236.20
648.23	3094.48
648.42	3150.19
648.62	2805.72
648.82	2802.44
649.02	3114.55
649.21	3082.60
649.41	3411.51
649.61	3416.42
649.80	2870.02
650.00	3609.34
650.20	3121.51
650.40	3108.00
650.59	3490.56
650.79	3060.48
650.99	3650.71
651.18	3164.11
651.38	3016.66
651.58	3276.34
651.78	3329.18
651.97	3232.10
652.17	3182.54
652.37	3391.44
652.56	3304.19
652.76	3402.50
652.96	3084.24
653.16	3474.99
653.35	3427.48
653.55	3529.06
653.75	3078.51
653.94	3544.21
654.14	3180.91
654.34	3386.93
654.54	3114.55
654.73	3572.07
654.93	3330.82
655.13	3554.45
655.32	3370.55
655.52	3318.53
655.72	3393.07
655.91	3276.34
656.11	3043.28
656.31	3472.54
656.50	3457.38
656.70	3361.54
656.90	3151.41
657.09	3576.98
657.29	3425.02
657.49	3303.78
657.68	3099.40
657.88	3516.36
658.08	3379.97
658.27	3849.36
658.47	3588.45
658.67	3581.49
658.86	3485.64
659.06	3579.03
659.26	3460.25
659.45	3442.64
659.65	3526.60
659.85	3600.33
660.04	3571.25
660.24	3468.03
660.44	3567.15
660.63	3642.11
660.83	3780.14
661.03	3836.26
661.22	3503.66
661.42	3783.01
661.62	3611.39
661.81	3819.05
662.01	3512.68
662.21	3450.42
662.40	3548.31
662.60	4188.51
662.79	3469.67
662.99	4043.10
663.19	3742.87
663.38	3966.92
663.58	3890.32
663.78	4054.57
663.97	3857.96
664.17	4027.13
664.36	3787.10
664.56	4068.90
664.76	3619.58
664.95	3925.55
665.15	4036.96
665.35	4032.86
665.54	4298.69
665.74	4228.65
665.93	4441.23
666.13	4037.78
666.33	4047.61
666.52	4074.23
666.72	4240.11
666.91	4003.37
667.11	3980.84
667.31	4242.57
667.50	4019.75
667.70	4446.96
667.89	4348.25
668.09	4620.22
668.29	4301.96
668.48	4329.82
668.68	4945.03
668.87	4343.74
669.07	4164.34
669.27	4603.42
669.46	4112.73
669.66	4361.35
669.85	4172.12
670.05	4628.82
670.25	4411.32
670.44	4500.21
670.64	4641.93
670.83	4913.90
671.03	4665.27
671.22	4783.24
671.42	4784.46
671.62	4482.18
671.81	4625.13
672.01	4920.45
672.20	4730.40
672.40	4921.68
672.59	5253.04
672.79	5079.78
672.99	4838.94
673.18	5178.08
673.38	5134.26
673.57	5319.39
673.77	5202.25
673.96	5056.43
674.16	5098.62
674.36	5486.92
674.55	5234.20
674.75	5421.38
674.94	5237.88
675.14	5486.10
675.33	5547.13
675.53	5481.18
675.72	5250.99
675.92	5966.96
676.11	5730.63
676.31	5543.44
676.50	5552.86
676.70	5905.11
676.90	5671.24
677.09	5844.08
677.29	5793.29
677.48	5896.92
677.68	5905.11
677.87	5811.32
678.07	5932.97
678.26	6202.89
678.46	6121.79
678.65	6146.77
678.85	6042.33
679.04	6471.17
679.24	6211.90
679.43	6214.77
679.63	6099.26
679.82	6949.58
680.02	7140.45
680.21	6648.94
680.41	6296.28
680.60	6870.12
680.80	7254.31
680.99	7007.74
681.19	7121.20
681.38	7136.35
681.58	7009.79
681.77	7434.13
681.97	7020.03
682.16	7537.75
682.36	7624.59
682.55	7423.07
682.75	7210.08
682.94	7663.09
683.14	7663.91
683.33	7254.72
683.53	7973.15
683.72	8053.84
683.92	7901.88
684.11	8230.79
684.31	7771.22
684.50	8098.90
684.70	8091.93
684.89	8057.53
685.09	7912.12
685.28	8273.79
685.48	8357.35
685.67	8502.35
685.87	8452.79
686.06	8902.93
686.26	8982.39
686.45	8821.83
686.64	8764.90
686.84	9005.74
687.03	9333.41
687.23	9176.54
687.42	9450.97
687.62	9349.80
687.81	9795.02
688.01	9710.24
688.20	9807.72
688.40	10287.77
688.59	10214.45
688.78	10236.57
688.98	10296.37
689.17	10660.91
689.37	10388.53
689.56	10486.01
689.76	10762.49
689.95	11109.82
690.15	10766.99
690.34	11354.35
690.53	11079.51
690.73	11276.53
690.92	11224.51
691.12	11501.80
691.31	11820.06
691.51	12048.20
691.70	12153.47
691.89	11903.61
692.09	11782.37
692.28	12401.27
692.48	12473.36
692.67	12700.68
692.87	12584.36
693.06	12738.78
693.25	12840.35
693.45	13077.51
693.64	13240.12
693.84	13608.34
694.03	13498.98
694.22	13630.87
694.42	13724.67
694.61	13881.95
694.81	15662.86
695.00	14118.29
695.19	14168.67
695.39	14792.89
695.58	14796.98
695.78	14738.41
695.97	14865.80
696.16	15583.40
696.36	15579.31
696.55	15392.12
696.75	15262.28
696.94	15445.78
697.13	16281.76
697.33	15837.76
697.52	16040.10
697.71	16247.76
697.91	16395.63
698.10	16918.68
698.30	16409.55
698.49	17003.87
698.68	16553.32
698.88	16737.23
699.07	16980.12
699.26	17927.10
699.46	17226.69
699.65	17521.19
699.85	17400.77
700.04	17502.76
700.23	17187.37
700.43	17694.04
700.62	17729.68
700.81	17923.00
701.01	17732.54
701.20	17861.56
701.39	17929.97
701.59	18189.65
701.78	17990.59
701.98	17962.73
702.17	17980.76
702.36	18306.79
702.56	18316.21
702.75	18038.10
702.94	18277.71
703.14	19885.78
703.33	18296.55
703.52	21912.04
703.72	17830.44
703.91	18293.28
704.10	17948.40
704.30	18006.56
704.49	17686.26
704.68	18010.25
704.88	18287.95
705.07	18131.08
705.26	17602.70
705.46	17618.27
705.65	17513.82
705.84	17286.90
706.03	17111.19
706.23	17236.93
706.42	17050.98
706.61	16951.45
706.81	17169.35
707.00	17035.00
707.19	16778.60
707.39	16774.91
707.58	16098.26
707.77	16364.91
707.97	16621.72
708.16	16074.92
708.35	15906.98
708.55	15790.25
708.74	15589.14
708.93	15748.47
709.12	15341.74
709.32	15337.65
709.51	15120.15
709.70	15043.56
709.90	14848.18
710.09	14517.64
710.28	14552.87
710.47	14049.48
710.67	13918.00
710.86	14312.43
711.05	13543.22
711.25	13398.63
711.44	12951.35
711.63	13396.99
711.82	13377.33
712.02	13619.81
712.21	12571.66
712.40	12582.72
712.59	12586.82
712.79	12492.61
712.98	11939.66
713.17	12233.34
713.37	11836.85
713.56	11384.25
713.75	11125.39
713.94	11328.54
714.14	11016.84
714.33	11136.44
714.52	10519.19
714.71	10538.85
714.91	10393.03
715.10	10445.87
715.29	9978.52
715.48	10013.75
715.68	10151.78
715.87	9590.23
716.06	9584.49
716.25	9462.84
716.45	9253.13
716.64	9133.94
716.83	9059.39
717.02	9170.39
717.21	8809.95
717.41	9063.90
717.60	8711.65
717.79	8170.17
717.98	8163.20
718.18	8030.90
718.37	7797.85
718.56	8366.36
718.75	8035.82
718.94	7663.09
719.14	7172.40
719.33	7601.65
719.52	7377.60
719.71	7072.05
719.91	6889.37
720.10	7508.26
720.29	6972.10
720.48	6654.26
720.67	6752.15
720.87	7143.72
721.06	6333.55
721.25	6655.90
721.44	6115.64
721.63	6402.36
721.83	6537.12
722.02	5837.53
722.21	6050.93
722.40	6042.33
722.59	6091.48
722.79	5818.28
722.98	5866.20
723.17	5555.73
723.36	5484.05
723.55	5361.58
723.74	5146.55
723.94	5588.09
724.13	5282.53
724.32	5198.97
724.51	5236.25
724.70	5327.18
724.90	5106.00
725.09	5344.38
725.28	5103.13
725.47	5064.63
725.66	5025.72
725.85	4830.34
726.05	4914.31
726.24	4904.89
726.43	4841.40
726.62	4856.96
726.81	4479.73
727.00	4646.02
727.20	4765.62
727.39	4566.15
727.58	4290.49
727.77	4387.16
727.96	4386.34
728.15	4720.16
728.34	4335.55
728.54	4374.05
728.73	4551.00
728.92	4219.23
729.11	4221.27
729.30	4116.83
729.49	4373.64
729.68	4251.17
729.88	4014.84
730.07	3799.39
730.26	3866.56
730.45	4390.84
730.64	4466.21
730.83	3817.82
731.02	3472.54
731.21	4105.36
731.41	4020.57
731.60	3460.66
731.79	3758.84
731.98	4233.97
732.17	4046.38
732.36	3320.99
732.55	3328.36
732.74	4170.89
732.93	3870.25
733.13	3468.85
733.32	3450.01
733.51	3684.71
733.70	4202.02
733.89	3478.27
734.08	3451.65
734.27	3480.73
734.46	3873.53
734.65	3196.47
734.85	3390.62
735.04	3547.08
735.23	3887.45
735.42	3339.01
735.61	2770.90
735.80	3483.59
735.99	3813.32
736.18	3961.59
736.37	2899.51
736.56	3708.87
736.75	3354.98
736.94	3096.53
737.14	2886.00
737.33	3433.62
737.52	3251.76
737.71	3162.88
737.90	3153.05
738.09	3615.89
738.28	3362.76
738.47	3205.89
738.66	3186.23
738.85	3534.79
739.04	3298.87
739.23	3133.80
739.42	2576.34
739.61	3336.96
739.80	3188.69
740.00	2874.53
740.19	2843.81
740.38	3199.34
740.57	3131.75
740.76	2798.34
740.95	2906.48
741.14	3602.38
741.33	3751.88
741.52	2966.69
741.71	2743.46
741.90	3318.53
742.09	3475.81
742.28	2811.45
742.47	2549.31
742.66	3161.24
742.85	2992.90
743.04	2656.22
743.23	2905.25
743.42	3240.71
743.61	3134.62
743.80	2682.84
743.99	2456.74
744.18	3267.74
744.37	3140.76
744.56	2698.81
744.75	2549.31
744.94	3366.45
745.13	3176.40
745.32	2387.52
745.51	2652.94
745.71	3215.72
745.90	3048.20
746.09	2721.34
746.28	2686.94
746.47	3171.89
746.66	3232.92
746.85	2883.13
747.04	2645.16
747.23	3093.25
747.42	3448.78
747.61	2475.99
747.80	2980.61
747.99	3160.43
748.18	2824.56
748.36	2510.81
748.55	3058.03
748.74	3446.32
748.93	3247.26
749.12	2643.52
749.31	2661.95
749.50	2935.56
749.69	3255.04
749.88	2627.54
750.07	2427.25
750.26	3383.24
750.45	2851.59
750.64	2339.19
750.83	2566.10
751.02	3004.78
751.21	3176.40
751.40	2731.17
751.59	2734.45
751.78	3226.78
751.97	3217.36
752.16	2896.24
752.35	2768.85
752.54	3158.79
752.73	3112.91
752.92	2583.72
753.11	2913.44
753.30	2863.88
753.49	2763.94
753.68	2724.62
753.87	2688.57
754.05	3234.97
754.24	2978.57
754.43	2865.11
754.62	2482.55
754.81	3691.67
755.00	3302.55
755.19	2575.53
755.38	2876.58
755.57	3233.74
755.76	3274.70
755.95	2829.88
756.14	2391.21
756.33	3208.35
756.52	3103.49
756.70	2700.45
756.89	2694.72
757.08	3294.77
757.27	3096.53
757.46	2620.58
757.65	2448.14
757.84	3203.43
758.03	2796.71
758.22	2596.41
758.41	2625.50
758.60	2824.56
758.79	3005.19
758.97	2804.90
759.16	2903.61
759.35	3024.44
759.54	3043.28
759.73	2521.87
759.92	2515.72
760.11	2811.04
760.30	3007.24
760.49	2568.15
760.67	2589.04
760.86	3186.64
761.05	3413.55
761.24	2587.40
761.43	2362.13
761.62	3126.43
761.81	3060.07
762.00	2676.70
762.19	2473.54
762.37	3180.50
762.56	3313.20
762.75	2320.35
762.94	2630.82
763.13	2789.33
763.32	3049.02
763.51	2381.38
763.70	2389.57
763.88	3353.75
764.07	3023.21
764.26	2568.15
764.45	2387.52
764.64	3175.58
764.83	3351.71
765.02	2584.95
765.20	2666.86
765.39	3134.21
765.58	3474.17
765.77	2833.98
765.96	3099.40
766.15	3017.07
766.33	2991.67
766.52	2787.29
766.71	2537.43
766.90	3490.15
767.09	2965.05
767.28	2285.12
767.46	2570.61
767.65	2863.88
767.84	3073.18
768.03	2589.86
768.22	2423.57
768.41	2753.70
768.59	2935.56
768.78	2550.95
768.97	2616.48
769.16	3315.25
769.35	2866.75
769.54	2589.86
769.72	2534.16
769.91	3025.26
770.10	3455.33
770.29	2419.47
770.48	2747.15
770.66	3125.20
770.85	3031.40
771.04	2676.70
771.23	2403.91
771.42	3307.47
771.60	3251.36
771.79	2614.85
771.98	2588.63
772.17	3137.90
772.36	3266.92
772.54	2422.75
772.73	2586.17
772.92	3258.32
773.11	2822.92
773.30	2602.97
773.48	2348.61
773.67	2963.82
773.86	2942.93
774.05	2470.67
774.23	2738.54
774.42	3212.03
774.61	3300.92
774.80	2596.01
774.99	2450.19
775.17	3113.73
775.36	3006.83
775.55	2581.67
775.74	2607.88
775.92	3155.10
776.11	2894.60
776.30	2940.06
776.49	2403.91
776.67	2952.76
776.86	2726.67
777.05	2494.02
777.24	2357.21
777.42	3046.15
777.61	2808.17
777.80	2808.58
777.99	2458.79
778.17	2958.50
778.36	2999.46
778.55	2460.84
778.74	2650.48
778.92	2945.80
779.11	3209.99
779.30	2591.09
779.49	2500.16
779.67	3099.81
779.86	3004.37
780.05	2428.48
780.24	2365.81
780.42	3121.10
780.61	3015.02
780.80	2636.96
780.98	2339.60
781.17	2958.50
781.36	2879.44
781.55	2706.60
781.73	2461.66
781.92	3134.21
782.11	2992.90
782.29	2509.17
782.48	2525.96
782.67	3290.27
782.86	3181.31
783.04	2555.87
783.23	2575.94
783.42	3157.56
783.60	3171.07
783.79	2570.20
783.98	2473.95
784.16	3115.78
784.35	3095.71
784.54	2656.63
784.73	2408.41
784.91	3043.28
785.10	2847.91
785.29	2574.71
785.47	2781.55
785.66	3191.14
785.85	2837.26
786.03	2547.26
786.22	2356.80
786.41	3215.31
786.59	3057.21
786.78	2398.99
786.97	2481.73
787.15	3111.68
787.34	2974.88
787.53	2509.58
787.71	2582.90
787.90	2981.84
788.09	3041.23
788.27	2774.59
788.46	2556.27
788.65	3086.29
788.83	3006.01
789.02	2331.00
789.21	2354.34
789.39	2818.00
789.58	3180.91
789.77	2486.64
789.95	2377.28
790.14	3304.19
790.33	2910.98
790.51	2297.00
790.70	2786.88
790.88	2951.12
791.07	2974.06
791.26	3058.44
791.44	2510.40
791.63	2939.24
791.82	3137.08
792.00	2393.26
792.19	2579.21
792.38	3359.08
792.56	3007.65
792.75	2706.60
792.93	2805.72
793.12	3166.16
793.31	2987.99
793.49	2738.13
793.68	2527.60
793.86	2928.60
794.05	3311.98
794.24	2570.20
794.42	2643.93
794.61	3072.77
794.80	2920.40
794.98	2852.41
795.17	2598.46
795.35	3238.25
795.54	3040.82
795.73	2684.07
795.91	3205.89
796.10	3159.61
796.28	3141.58
796.47	2408.41
796.66	2408.41
796.84	3502.44
797.03	2952.35
797.21	2306.42
797.40	2646.79
797.58	3253.40
797.77	2947.85
797.96	2832.34
798.14	3094.07
798.33	3363.17
798.51	3149.37
798.70	2366.22
798.88	2652.53
799.07	3001.91
799.26	3030.17
799.44	2648.43
799.63	2603.79
799.81	2866.34
800.00	3030.58
800.18	2945.39
800.37	2700.04
800.56	2892.14
800.74	2994.95
800.93	2536.20
801.11	2622.63
801.30	3092.02
801.48	2954.40
801.67	2698.81
801.85	2752.47
802.04	3140.36
802.22	2913.44
802.41	2657.03
802.60	2805.31
802.78	3154.69
802.97	2825.38
803.15	2695.13
803.34	2667.68
803.52	3044.92
803.71	3142.81
803.89	2365.81
804.08	2972.42
804.26	3327.13
804.45	2901.56
804.63	2674.24
804.82	2648.43
805.00	2976.11
805.19	3387.34
805.37	2519.00
805.56	2578.80
805.74	3383.65
805.93	2922.45
806.11	2811.45
806.30	2452.65
806.48	2925.73
806.67	3074.00
806.85	2696.77
807.04	2566.10
807.22	2874.53
807.41	2998.64
807.59	2965.05
807.78	2501.39
807.96	3314.43
808.15	2956.04
808.33	2790.15
808.52	2933.51
808.70	3226.37
808.89	3155.51
809.07	3220.23
809.26	2624.68
809.44	2995.77
809.63	3222.27
809.81	2967.10
810.00	2769.26
810.18	3108.00
810.37	3031.40
810.55	2816.78
810.74	2768.44
810.92	3347.61
811.11	3308.29
811.29	2239.66
811.48	2586.17
811.66	2867.16
811.84	2824.15
812.03	2803.67
812.21	2838.08
812.40	2956.45
812.58	2741.41
812.77	2867.57
812.95	2579.21
813.14	2995.77
813.32	2852.82
813.51	2672.60
813.69	2668.91
813.87	2845.04
814.06	3062.12
814.24	2709.87
814.43	2401.45
814.61	3106.36
814.80	3101.85
814.98	2516.95
815.16	2614.44
815.35	3242.75
815.53	3464.75
815.72	2674.65
815.90	2524.33
816.09	3011.74
816.27	3055.16
816.45	2757.79
816.64	2623.86
816.82	3407.41
817.01	2788.51
817.19	2516.95
817.37	2772.95
817.56	3212.44
817.74	2778.27
817.93	2967.51
818.11	2696.77
818.30	2987.17
818.48	2794.25
818.66	2729.94
818.85	2637.78
819.03	2974.06
819.21	2879.44
819.40	2814.32
819.58	3210.40
819.77	3004.37
819.95	3020.75
820.13	3067.04
820.32	2427.25
820.50	3324.26
820.69	3295.18
820.87	2614.85
821.05	2530.06
821.24	3086.29
821.42	3138.72
821.60	2567.74
821.79	2897.88
821.97	3112.09
822.16	3368.91
822.34	2581.67
822.52	2707.01
822.71	3296.82
822.89	3106.77
823.07	2854.46
823.26	2532.52
823.44	2910.16
823.62	2849.54
823.81	2752.88
823.99	2411.69
824.18	3164.52
824.36	2862.24
824.54	2829.06
824.73	2807.36
824.91	3328.36
825.09	3145.27
825.28	2945.80
825.46	2883.95
825.64	3256.68
825.83	3003.96
826.01	2852.41
826.19	2591.09
826.38	2956.04
826.56	3045.33
826.74	2570.61
826.93	2691.85
827.11	2977.75
827.29	3071.95
827.48	2682.84
827.66	2696.77
827.84	3089.98
828.03	2944.16
828.21	2451.01
828.39	2390.39
828.57	3307.88
828.76	3201.38
828.94	2582.90
829.12	3037.14
829.31	3053.11
829.49	2974.88
829.67	2499.34
829.86	2671.78
830.04	2913.44
830.22	3079.74
830.40	2602.56
830.59	2730.35
830.77	3119.88
830.95	3093.25
831.14	2987.58
831.32	2541.12
831.50	2923.68
831.69	2999.86
831.87	2934.74
832.05	2678.33
832.23	3004.78
832.42	3190.74
832.60	2563.65
832.78	2532.11
832.96	4484.64
833.15	3194.42
833.33	2578.80
833.51	3006.83
833.70	3098.17
833.88	3044.92
834.06	2785.24
834.24	2608.29
834.43	3401.27
834.61	2990.85
834.79	2812.27
834.97	3086.29
835.16	3231.69
835.34	2905.25
835.52	2942.52
835.70	2574.71
835.89	3018.71
836.07	3285.76
836.25	2899.92
836.43	2524.33
836.62	3005.60
836.80	3207.12
836.98	2601.74
837.16	2536.20
837.34	2972.01
837.53	3245.21
837.71	2743.05
837.89	3033.86
838.07	3103.90
838.26	3224.32
838.44	2765.17
838.62	3273.88
838.80	3071.95
838.99	3159.20
839.17	2516.54
839.35	2812.27
839.53	3112.50
839.71	3263.23
839.90	2458.38
840.08	2736.91
840.26	3201.38
840.44	3125.61
840.62	2929.41
840.81	2459.20
840.99	3597.05
841.17	3011.33
841.35	2820.05
841.53	2644.75
841.72	3252.58
841.90	3058.85
842.08	2629.59
842.26	2560.78
842.44	3087.93
842.63	3361.13
842.81	3002.73
842.99	2843.40
843.17	3144.45
843.35	3036.73
843.53	2978.16
843.72	2759.43
843.90	3157.56
844.08	2956.45
844.26	2672.60
844.44	2786.88
844.62	3366.45
844.81	3259.55
844.99	2995.77
845.17	2620.58
845.35	3116.60
845.53	3011.33
845.71	4800.44
845.90	2726.67
846.08	3044.10
846.26	2938.02
846.44	2479.68
846.62	2643.52
846.80	3046.56
846.98	2841.76
847.17	3844.45
847.35	3144.86
847.53	3152.64
847.71	3105.95
847.89	3155.10
848.07	2618.94
848.25	3012.15
848.44	2881.49
848.62	2893.78
848.80	2659.90
848.98	2831.93
849.16	3069.09
849.34	2946.21
849.52	2700.04
849.70	3087.11
849.89	3219.00
850.07	2787.29
850.25	2922.45
850.43	3039.60
850.61	3213.67
850.79	2561.19
850.97	2701.27
851.15	3216.54
851.33	3011.74
851.52	2614.44
851.70	3100.22
851.88	3205.48
852.06	2948.26
852.24	2639.42
852.42	2964.64
852.60	3302.96
852.78	3381.20
852.96	2726.26
853.14	2831.11
853.33	3371.78
853.51	3107.18
853.69	2967.92
853.87	2877.40
854.05	2996.18
854.23	2788.51
854.41	2647.61
854.59	2799.16
854.77	3196.88
854.95	3040.00
855.13	2700.86
855.31	2931.87
855.49	2963.82
855.68	2897.88
855.86	2650.07
856.04	3092.43
856.22	2837.67
856.40	2998.23
856.58	2662.77
856.76	2836.03
856.94	2877.40
857.12	3047.79
857.30	2462.07
857.48	2707.41
857.66	3119.88
857.84	3626.95
858.02	2724.62
858.20	3039.60
858.38	2921.22
858.56	3003.14
858.74	2541.53
858.92	2652.53
859.10	3055.16
859.29	3113.32
859.47	2557.50
859.65	3020.34
859.83	3021.98
860.01	2996.59
860.19	2664.41
860.37	2766.40
860.55	3194.83
860.73	2929.00
860.91	2586.58
861.09	3097.35
861.27	3089.16
861.45	3187.87
861.63	2649.66
861.81	3015.84
861.99	3031.81
862.17	2907.71
862.35	2617.30
862.53	2722.57
862.71	3374.23
862.89	2980.61
863.07	2618.94
863.25	2929.82
863.43	3168.62
863.61	3262.00
863.79	3035.09
863.97	2999.86
864.15	3069.50
864.33	2918.77
864.51	2706.60
864.69	2552.59
864.87	3187.05
865.05	2958.50
865.23	2759.84
865.41	2760.66
865.59	3250.13
865.77	3059.67
865.95	2913.44
866.13	2515.72
866.30	3035.09
866.48	2848.72
866.66	2764.76
866.84	2799.98
867.02	3012.56
867.20	2871.25
867.38	2632.05
867.56	2722.98
867.74	3200.98
867.92	3074.00
868.10	2726.26
868.28	2609.93
868.46	3119.47
868.64	3213.26
868.82	2753.70
869.00	2695.54
869.18	2922.04
869.36	3366.04
869.54	2990.85
869.72	2999.86
869.89	3047.79
870.07	2956.86
870.25	2749.19
870.43	2861.01
870.61	2870.84
870.79	3064.17
870.97	2684.89
871.15	2903.20
871.33	3574.12
871.51	2986.76
871.69	2908.93
871.87	2808.17
872.05	3200.98
872.22	3307.47
872.40	2574.71
872.58	2898.69
872.76	3224.32
872.94	3131.34
873.12	2799.16
873.30	2532.52
873.48	3131.34
873.66	3034.27
873.84	2840.12
874.01	2717.24
874.19	2971.19
874.37	2944.57
874.55	2610.75
874.73	2774.59
874.91	3379.97
875.09	2933.51
875.27	2593.55
875.45	2720.52
875.62	3155.10
875.80	2943.34
875.98	2669.32
876.16	2914.67
876.34	3228.42
876.52	2806.13
876.70	3166.57
876.88	2632.05
877.05	3242.75
877.23	3163.29
877.41	2797.93
877.59	3234.97
877.77	3211.22
877.95	2823.33
878.13	2622.22
878.30	2672.19
878.48	3072.36
878.66	3153.87
878.84	2919.17
879.02	2667.68
879.20	3129.30
879.37	3142.40
879.55	2880.67
879.73	2908.53
879.91	3099.81
880.09	3035.50
880.27	3293.54
880.45	2702.09
880.62	3058.85
880.80	2943.75
880.98	2837.26
881.16	2776.23
881.34	2978.98
881.51	2900.33
881.69	2750.83
881.87	2670.96
882.05	3080.96
882.23	2840.12
882.41	2674.65
882.58	2817.60
882.76	3070.72
882.94	2874.12
883.12	3037.55
883.30	2905.25
883.47	3300.92
883.65	3088.34
883.83	2903.61
884.01	2697.99
884.19	3003.14
884.36	2978.16
884.54	2467.80
884.72	3039.19
884.90	2966.28
885.08	3203.02
885.25	3681.02
885.43	2737.72
885.61	2913.44
885.79	3002.73
885.97	3013.79
886.14	2967.51
886.32	2965.05
886.50	3385.29
886.68	2737.32
886.85	2718.47
887.03	3294.77
887.21	3116.60
887.39	2872.89
887.56	3076.87
887.74	3016.25
887.92	3005.19
888.10	2875.76
888.27	2858.96
888.45	3263.23
888.63	3326.31
888.81	2756.57
888.99	2702.09
889.16	2918.36
889.34	2970.78
889.52	2549.72
889.69	2722.98
889.87	3283.30
890.05	2985.53
890.23	2883.54
890.40	2668.09
890.58	3035.09
890.76	3090.79
890.94	2766.81
891.11	2763.94
891.29	3067.04
891.47	2894.19
891.65	3052.29
891.82	3065.40
892.00	2868.79
892.18	3138.72
892.35	2797.93
892.53	2850.36
892.71	3323.03
892.89	3227.19
893.06	2876.58
893.24	2847.50
893.42	2756.98
893.59	2922.04
893.77	2661.54
893.95	2757.79
894.13	2784.01
894.30	3259.14
894.48	2771.31
894.66	3308.70
894.83	2934.33
895.01	3108.00
895.19	3042.46
895.36	2808.99
895.54	3289.04
895.72	3118.65
895.89	2682.84
896.07	2736.09
896.25	3195.65
896.43	2939.24
896.60	3081.78
896.78	2864.29
896.96	3249.72
897.13	3148.55
897.31	2702.91
897.49	2846.68
897.66	3338.19
897.84	3007.24
898.02	3017.48
898.19	2961.36
898.37	2960.54
898.55	3183.36
898.72	2988.81
898.90	2959.31
899.07	3035.91
899.25	3114.96
899.43	3030.58
899.60	3495.47
899.78	2917.95
899.96	2736.09
900.13	2670.96
900.31	2989.22
900.49	3014.20
900.66	3318.94
900.84	3043.69
901.02	3071.95
901.19	3173.53
901.37	2931.87
901.54	2954.40
901.72	2675.88
901.90	2985.12
902.07	3096.94
902.25	2792.20
902.43	2762.30
902.60	3312.38
902.78	2770.49
902.95	2815.14
903.13	2771.72
903.31	2970.37
903.48	3029.76
903.66	2882.72
903.83	2987.58
904.01	3140.36
904.19	2916.31
904.36	2843.40
904.54	2630.82
904.71	3181.31
904.89	2855.69
905.07	2807.36
905.24	2789.74
905.42	3129.30
905.59	3274.70
905.77	3003.96
905.95	2889.68
906.12	2863.47
906.30	3064.58
906.47	2985.53
906.65	3231.69
906.82	3272.65
907.00	3275.11
907.18	2532.93
907.35	2760.25
907.53	3180.50
907.70	3146.09
907.88	2798.75
908.05	3966.92
908.23	3123.56
908.41	3154.69
908.58	2858.96
908.76	2479.68
908.93	3306.24
909.11	3126.84
909.28	2808.99
909.46	2744.69
909.63	3247.26
909.81	3132.16
909.99	2950.71
910.16	2682.43
910.34	2892.55
910.51	3129.30
910.69	2934.74
910.86	2604.20
911.04	3095.71
911.21	2688.57
911.39	3377.51
911.56	2655.81
911.74	3013.38
911.91	3066.63
912.09	2806.54
912.26	2741.41
912.44	2725.44
912.62	2846.27
912.79	2764.76
912.97	2975.70
913.14	3292.72
913.32	3133.39
913.49	2829.88
913.67	2881.90
913.84	2709.87
914.02	2806.95
914.19	2772.13
914.37	2929.82
914.54	2885.59
914.72	2668.91
914.89	2741.41
915.07	3074.00
915.24	2852.82
915.42	2970.78
915.59	2790.97
915.77	3063.35
915.94	3359.49
916.12	3363.17
916.29	2792.61
916.46	2857.74
916.64	3015.84
916.81	3316.07
916.99	2910.57
917.16	2788.92
917.34	3352.52
917.51	3196.47
917.69	2649.25
917.86	2625.50
918.04	2988.40
918.21	3295.59
918.39	3001.91
918.56	2818.82
918.74	2756.98
918.91	3391.85
919.08	2579.62
919.26	3052.70
919.43	3095.71
919.61	3058.85
919.78	2810.22
919.96	3155.92
920.13	3323.03
920.31	3034.68
920.48	2991.26
920.65	2904.84
920.83	3302.55
921.00	3123.15
921.18	2760.25
921.35	2972.83
921.53	2987.17
921.70	2901.97
921.88	2766.81
922.05	2692.26
922.22	2829.47
922.40	2996.59
922.57	2763.94
922.75	2539.07
922.92	3058.03
923.09	2999.46
923.27	2799.16
923.44	3232.10
923.62	2915.49
923.79	3269.38
923.96	2783.60
924.14	2611.57
924.31	3206.30
924.49	3032.22
924.66	2765.17
924.83	2901.97
925.01	3030.17
925.18	3377.10
925.36	3051.47
925.53	2693.90
925.70	2963.00
925.88	2765.99
926.05	3016.25
926.23	3006.01
926.40	3121.10
926.57	3064.17
926.75	2888.05
926.92	2602.56
927.09	3102.67
927.27	2824.97
927.44	2960.95
927.62	2723.39
927.79	3250.13
927.96	2835.21
928.14	2671.78
928.31	2920.81
928.48	3347.20
928.66	2974.88
928.83	2630.00
929.00	2831.11
929.18	2981.02
929.35	2995.36
929.52	3066.63
929.70	2727.08
929.87	2861.42
930.05	2876.99
930.22	2840.94
930.39	2929.82
930.57	2901.97
930.74	3373.00
930.91	2698.81
931.09	3018.30
931.26	3008.88
931.43	3089.98
931.61	2483.78
931.78	2877.81
931.95	3026.90
932.12	3343.10
932.30	2614.85
932.47	3045.74
932.64	2807.77
932.82	2824.56
932.99	2864.70
933.16	2720.11
933.34	2930.64
933.51	3083.01
933.68	2748.78
933.86	3033.86
934.03	3016.25
934.20	2872.89
934.38	3118.24
934.55	2623.86
934.72	3475.40
934.89	3219.82
935.07	2831.93
935.24	2950.71
935.41	2979.79
935.59	3014.20
935.76	2774.59
935.93	2897.88
936.10	2939.65
936.28	3049.84
936.45	2824.15
936.62	2869.20
936.79	3288.22
936.97	2919.99
937.14	2830.70
937.31	2953.99
937.49	2816.37
937.66	3086.70
937.83	3135.44
938.00	3008.88
938.18	3294.36
938.35	3163.70
938.52	2816.78
938.69	2847.50
938.87	3008.06
939.04	3002.73
939.21	2827.84
939.38	2776.23
939.56	2958.50
939.73	2659.49
939.90	2855.69
940.07	2759.02
940.25	2974.47
940.42	3053.93
940.59	2922.45
940.76	2729.53
940.94	2850.36
941.11	2878.22
941.28	2887.23
941.45	3012.56
941.62	3093.66
941.80	2812.68
941.97	2986.35
942.14	2645.16
942.31	3284.12
942.48	2883.13
942.66	2817.19
942.83	2961.36
943.00	2635.33
943.17	3200.16
943.35	3044.92
943.52	2882.72
943.69	2770.49
943.86	2854.05
944.03	2625.50
944.21	3246.44
944.38	2991.26
944.55	2929.41
944.72	2838.48
944.89	2681.61
945.06	2933.51
945.24	2911.39
945.41	3285.35
945.58	2910.57
945.75	3078.51
945.92	2782.78
946.10	3145.68
946.27	2536.61
946.44	2942.93
946.61	2878.62
946.78	3132.57
946.95	2642.29
947.13	2840.53
947.30	2887.23
947.47	2822.51
947.64	2934.33
947.81	3167.39
947.98	2907.71
948.16	2932.28
948.33	2829.47
948.50	2850.36
948.67	2884.77
948.84	3071.13
949.01	2752.47
949.18	2986.35
949.36	3176.40
949.53	2844.22
949.70	2890.50
949.87	3045.33
950.04	2812.27
950.21	2992.49
950.38	2768.03
950.56	2955.22
950.73	2978.57
950.90	2856.51
951.07	2976.93
951.24	3051.88
951.41	2947.44
951.58	2868.79
951.75	2952.35
951.92	2841.35
952.10	2893.78
952.27	2646.79
952.44	3000.27
952.61	3668.32
952.78	2936.38
952.95	2602.97
953.12	2997.82
953.29	3022.80
953.46	2876.99
953.64	3010.51
953.81	2686.94
953.98	3072.36
954.15	2854.46
954.32	2830.70
954.49	2644.34
954.66	2959.31
954.83	2908.53
955.00	2752.06
955.17	2879.03
955.34	2862.65
955.51	2949.08
955.69	3534.79
955.86	2825.38
956.03	2921.22
956.20	2988.81
956.37	2906.89
956.54	2695.95
956.71	2994.54
956.88	2814.73
957.05	2850.77
957.22	2692.26
957.39	3127.25
957.56	2781.55
957.73	2705.78
957.90	2715.20
958.07	3174.76
958.24	3119.88
958.41	2725.44
958.59	2943.34
958.76	3169.03
958.93	3173.53
959.10	2896.24
959.27	2707.01
959.44	3191.14
959.61	2838.89
959.78	2936.79
959.95	2838.08
960.12	3219.82
960.29	3037.14
960.46	2768.85
960.63	2527.60
960.80	2955.22
960.97	3069.50
961.14	2648.43
961.31	2912.62
961.48	3295.18
961.65	3082.19
961.82	2916.31
961.99	2913.44
962.16	2891.32
962.33	3005.60
962.50	2974.88
962.67	2692.67
962.84	3048.20
963.01	2822.10
963.18	2726.26
963.35	2703.73
963.52	3120.69
963.69	2975.29
963.86	3113.32
964.03	2948.67
964.20	3398.81
964.37	3062.94
964.54	3045.74
964.71	2896.65
964.88	2951.53
965.05	2990.85
965.22	2756.57
965.39	2971.19
965.56	2863.88
965.73	2818.41
965.90	3097.35
966.07	2678.33
966.24	2992.90
966.41	2917.95
966.58	2875.76
966.74	3112.91
966.91	3351.71
967.08	3319.76
967.25	2704.96
967.42	2790.97
967.59	3200.16
967.76	2790.56
967.93	3017.89
968.10	2882.31
968.27	3026.90
968.44	2979.79
968.61	2843.81
968.78	2670.96
968.95	2924.09
969.12	2958.91
969.29	3009.69
969.46	2680.79
969.62	3269.38
969.79	2834.80
969.96	2671.37
970.13	2657.85
970.30	3059.26
970.47	3083.42
970.64	3007.24
970.81	2890.50
970.98	3045.74
971.15	2965.87
971.32	2510.40
971.49	3053.93
971.65	3186.23
971.82	3011.33
971.99	2905.25
972.16	3074.41
972.33	2957.68
972.50	2921.22
972.67	2931.87
972.84	2906.48
973.01	2833.57
973.17	3117.83
973.34	3022.39
973.51	2994.95
973.68	2998.64
973.85	2862.24
974.02	2916.31
974.19	2769.67
974.36	3039.19
974.53	3209.99
974.69	2936.79
974.86	2701.27
975.03	3300.10
975.20	2879.03
975.37	2980.61
975.54	3010.51
975.71	3114.96
975.87	2966.28
976.04	3071.13
976.21	2895.01
976.38	3087.52
976.55	2997.41
976.72	2709.46
976.89	3078.10
977.05	3160.02
977.22	3267.33
977.39	2646.79
977.56	2986.76
977.73	2999.05
977.90	2777.05
978.06	2907.71
978.23	2902.79
978.40	2821.69
978.57	3278.80
978.74	3089.16
978.91	3057.21
979.07	2894.60
979.24	3138.72
979.41	2817.19
979.58	2850.36
979.75	3250.95
979.91	2742.64
980.08	2547.26
980.25	2948.67
980.42	3120.29
980.59	2944.98
980.75	2704.14
980.92	2804.49
981.09	2950.30
981.26	3069.91
981.43	3076.87
981.59	2864.29
981.76	2904.84
981.93	2915.90
982.10	2765.17
982.27	2777.86
982.43	3077.69
982.60	2855.28
982.77	2665.64
982.94	2828.24
983.11	2862.65
983.27	2731.99
983.44	2897.47
983.61	2852.00
983.78	3329.59
983.94	3238.25
984.11	2766.81
984.28	2917.95
984.45	3232.92
984.61	2717.24
984.78	2747.96
984.95	2686.12
985.12	3069.91
985.28	3243.57
985.45	2729.94
985.62	2748.78
985.79	2938.43
985.95	2825.79
986.12	2608.70
986.29	2815.55
986.46	3279.62
986.62	3218.59
986.79	2906.89
986.96	2652.94
987.13	3037.14
987.29	3305.01
987.46	2845.86
987.63	2875.76
987.80	2768.03
987.96	3387.34
988.13	2718.88
988.30	2770.08
988.46	2865.93
988.63	3173.53
988.80	2294.13
988.97	2235.97
989.13	3043.69
989.30	3100.62
989.47	2219.18
989.63	2198.29
989.80	3270.61
989.97	3084.24
990.13	2441.59
990.30	2790.15
990.47	2940.88
990.64	2929.00
990.80	2263.01
990.97	2432.17
991.14	2843.81
991.30	3001.50
991.47	2366.22
991.64	2403.50
991.80	2998.64
991.97	2947.85
992.14	2242.12
992.30	2933.92
992.47	2890.09
992.64	3028.95
992.80	2344.51
992.97	2288.81
993.14	3379.15
993.30	3921.86
993.47	2338.78
993.64	2387.93
993.80	3296.00
993.97	2998.64
994.14	2444.87
994.30	2772.13
994.47	3141.99
994.64	2946.62
994.80	2573.89
994.97	2428.07
995.14	3233.33
995.30	3080.96
995.47	2516.54
995.63	2575.53
995.80	3016.66
995.97	3485.23
996.13	2387.11
996.30	2380.15
996.47	2965.05
996.63	3599.51
996.80	2847.91
996.97	2589.86
997.13	3108.00
997.30	3277.98
997.46	2355.16
997.63	2667.68
997.80	3275.11
997.96	3155.92
998.13	2379.33
998.29	2423.16
998.46	2973.24
998.63	2905.25
998.79	2335.50
998.96	2568.15
999.12	3250.54
999.29	3012.56
999.46	2490.33
999.62	2760.25
999.79	3139.95
999.95	3059.26
1000.12	2424.79
1000.29	2486.23
1000.45	3127.25
1000.62	3144.45
1000.78	2468.62
1000.95	2417.01
1001.11	3074.41
1001.28	3135.85
1001.45	2371.14
1001.61	2767.62
1001.78	3114.96
1001.94	3240.30
1002.11	2541.12
1002.27	2760.25
1002.44	3307.88
1002.61	3148.96
1002.77	2371.55
1002.94	2299.46
1003.10	3095.71
1003.27	3144.86
1003.43	2410.05
1003.60	2500.16
1003.76	2997.41
1003.93	3053.93
1004.10	2588.22
1004.26	2711.92
1004.43	3217.36
1004.59	3478.68
1004.76	2395.71
1004.92	2491.97
1005.09	3423.79
1005.25	3251.76
1005.42	2406.77
1005.58	2721.75
1005.75	3170.67
1005.91	3058.44
1006.08	2805.72
1006.24	2317.07
1006.41	2988.81
1006.57	3005.60
1006.74	2410.87
1006.90	2580.03
1007.07	2921.63
1007.23	3468.85
1007.40	2521.46
1007.56	2375.64
1007.73	2827.43
1007.89	3135.85
1008.06	2726.67
1008.22	2588.22
1008.39	3056.39
1008.55	2948.26
1008.72	2542.35
1008.88	2398.17
1009.05	2903.20
1009.21	3197.29
1009.38	2267.10
1009.54	2499.34
1009.71	3369.73
1009.87	3446.73
1010.04	2172.89
1010.20	2657.44
1010.37	2754.11
1010.53	3262.00
1010.70	2531.70
1010.86	2323.63
1011.03	2814.73
1011.19	2863.88
1011.35	2640.24
1011.52	2512.86
1011.68	2945.39
1011.85	2948.26
1012.01	2785.65
1012.18	2596.41
1012.34	2949.89
1012.51	2975.29
1012.67	2477.22
1012.83	2533.34
1013.00	3159.20
1013.16	2886.41
1013.33	2403.50
1013.49	2961.36
1013.66	3122.74
1013.82	3482.78
1013.99	2515.32
1014.15	2594.37
1014.31	3170.26
1014.48	3078.92
1014.64	2607.88
1014.81	2543.99
1014.97	2871.25
1015.13	3232.10
1015.30	2503.44
1015.46	2584.95
1015.63	2802.03
1015.79	3000.27
1015.95	2287.58
1016.12	2432.17
1016.28	2966.28
1016.45	2998.64
1016.61	2522.28
1016.77	2591.50
1016.94	2918.77
1017.10	3153.05
1017.27	2507.53
1017.43	2361.31
1017.59	2932.69
1017.76	3160.43
1017.92	2345.33
1018.09	2276.11
1018.25	3323.44
1018.41	3164.11
1018.58	2595.60
1018.74	2564.47
1018.90	3003.55
1019.07	3073.59
1019.23	2346.15
1019.40	2417.83
1019.56	3093.25
1019.72	2852.82
1019.89	2598.05
1020.05	3007.24
1020.21	3208.76
1020.38	3038.37
1020.54	2321.99
1020.70	2533.75
1020.87	3027.31
1021.03	3215.31
1021.19	2477.22
1021.36	2219.18
1021.52	3276.75
1021.68	3400.86
1021.85	3071.95
1022.01	2532.11
1022.17	3038.37
1022.34	3066.22
1022.50	2387.52
1022.66	2600.10
1022.83	3266.10
1022.99	3104.72
1023.15	2391.21
1023.32	2675.47
1023.48	3046.15
1023.64	2976.93
1023.81	2283.49
1023.97	2660.31
1024.13	3083.01
1024.30	3018.30
1024.46	2673.83
1024.62	2550.13
1024.79	3142.40
1024.95	3262.82
1025.11	2304.78
1025.27	2536.61
1025.44	2868.79
1025.60	2981.02
1025.76	2543.58
1025.93	2412.10
1026.09	2967.51
1026.25	3014.61
1026.41	2550.95
1026.58	2315.43
1026.74	2884.77
1026.90	3277.98
1027.07	2644.34
1027.23	2386.70
1027.39	3026.49
1027.55	3268.15
1027.72	2504.67
1027.88	2637.37
1028.04	3030.58
1028.20	3212.03
1028.37	2160.61
1028.53	2608.29
1028.69	2835.62
1028.85	3175.99
1029.02	2697.58
1029.18	2391.62
1029.34	2886.41
1029.50	3195.24
1029.67	2700.04
1029.83	2438.31
1029.99	3155.10
1030.15	2961.36
1030.32	2415.37
1030.48	2586.58
1030.64	2995.77
1030.80	3367.27
1030.97	2736.50
1031.13	2473.13
1031.29	3116.60
1031.45	3199.34
1031.61	2453.06
1031.78	2408.82
1031.94	3416.42
1032.10	3164.11
1032.26	2658.26
1032.42	2555.86
1032.59	3273.47
1032.75	2969.15
1032.91	2510.40
1033.07	2530.06
1033.24	2891.73
1033.40	3640.47
1033.56	2597.23
1033.72	2365.40
1033.88	3177.22
1034.04	3523.74
1034.21	2666.05
1034.37	2571.43
1034.53	3073.18
1034.69	2858.55
1034.85	2442.00
1035.02	2454.70
1035.18	2941.70
1035.34	3259.55
1035.50	2305.60
1035.66	2630.41
1035.82	3024.44
1035.99	3293.95
1036.15	2466.16
1036.31	2716.02
1036.47	3177.22
1036.63	3635.14
1036.79	2961.36
1036.96	2727.48
1037.12	3272.65
1037.28	2937.20
1037.44	2184.77
1037.60	2461.25
1037.76	3058.85
1037.92	3051.47
1038.09	2263.01
1038.25	2782.37
1038.41	3251.36
1038.57	3248.08
1038.73	2448.96
1038.89	2412.92
1039.05	3236.20
1039.22	3105.95
1039.38	2475.18
1039.54	2877.40
1039.70	3159.20
1039.86	3269.38
1040.02	2463.71
1040.18	2520.23
1040.34	3051.06
1040.51	3207.53
1040.67	3378.74
1040.83	2852.82
1040.99	3263.64
1041.15	3441.82
1041.31	2401.86
1041.47	2727.08
1041.63	3072.36
