345.74	1419.65
345.96	1419.65
346.17	1419.65
346.39	1427.84
346.60	1406.54
346.81	2562.01
347.03	2554.64
347.24	3320.99
347.46	3252.17
347.67	2728.71
347.89	2538.25
348.10	3103.08
348.32	2990.44
348.53	2573.89
348.75	2590.68
348.96	2893.37
349.18	3273.88
349.39	2579.62
349.61	2524.33
349.82	3128.07
350.04	3083.01
350.25	2546.44
350.47	2619.35
350.68	3198.93
350.90	3332.45
351.11	2487.05
351.32	2621.81
351.54	3303.37
351.75	3336.55
351.97	2566.10
352.18	2553.00
352.40	2924.50
352.61	3238.66
352.83	2728.71
353.04	2414.56
353.26	3219.00
353.47	3012.56
353.69	2616.89
353.90	2579.21
354.11	2811.04
354.33	3444.68
354.54	2267.92
354.76	2602.56
354.97	2924.50
355.19	3187.46
355.40	2387.52
355.62	3009.69
355.83	2983.48
356.04	3092.02
356.26	2456.74
356.47	2681.61
356.69	2846.68
356.90	3601.56
357.12	2598.46
357.33	2397.35
357.55	2978.16
357.76	3044.51
357.97	2387.52
358.19	2609.52
358.40	2822.10
358.62	3375.05
358.83	2485.82
359.05	2763.12
359.26	2928.19
359.47	3111.68
359.69	2685.30
359.90	2867.16
360.12	2874.53
360.33	3012.15
360.55	2446.50
360.76	2780.32
360.97	3211.62
361.19	3352.52
361.40	2471.08
361.62	2652.94
361.83	3279.62
362.04	3387.34
362.26	2557.09
362.47	2621.81
362.69	2953.99
362.90	3094.07
363.12	2489.10
363.33	2569.79
363.54	3098.99
363.76	3254.22
363.97	2618.53
364.19	2633.28
364.40	3371.78
364.61	2981.43
364.83	2364.18
365.04	2738.95
365.26	3004.37
365.47	3339.01
365.68	2543.17
365.90	2673.01
366.11	3007.65
366.33	3298.46
366.54	2467.39
366.75	2473.13
366.97	2769.26
367.18	2924.50
367.40	2709.87
367.61	2559.96
367.82	3035.91
368.04	3237.43
368.25	2673.42
368.46	2599.69
368.68	2990.03
368.89	3404.54
369.11	2592.73
369.32	2652.12
369.53	3209.58
369.75	3137.08
369.96	2929.82
370.18	2636.96
370.39	2915.49
370.60	3018.71
370.82	2517.36
371.03	2530.88
371.24	3445.50
371.46	2940.88
371.67	2705.78
371.88	2477.22
372.10	2832.34
372.31	2744.28
372.53	2346.15
372.74	2524.33
372.95	2840.12
373.17	2983.48
373.38	2793.02
373.59	2722.16
373.81	3017.07
374.02	3351.30
374.23	2464.53
374.45	2988.81
374.66	3154.28
374.88	3089.57
375.09	2494.02
375.30	2922.86
375.52	3042.05
375.73	3358.67
375.94	2463.30
376.16	2831.93
376.37	3198.52
376.58	3234.97
376.80	2781.55
377.01	2759.43
377.22	3648.25
377.44	3223.91
377.65	2729.12
377.86	2320.76
378.08	3073.59
378.29	2865.52
378.50	2676.29
378.72	2438.31
378.93	3478.27
379.14	3278.80
379.36	2977.34
379.57	2631.64
379.78	2738.54
380.00	3189.10
380.21	2378.92
380.42	2358.44
380.64	2748.78
380.85	2808.58
381.06	2679.56
381.28	2596.41
381.49	3526.60
381.70	2930.64
381.92	2499.34
382.13	2646.39
382.34	3501.62
382.56	3360.72
382.77	2589.04
382.98	2636.15
383.19	3168.62
383.41	3088.75
383.62	2587.40
383.83	2657.03
384.05	3072.36
384.26	3152.23
384.47	2655.81
384.69	2614.44
384.90	3050.24
385.11	3337.37
385.33	2571.02
385.54	2750.42
385.75	2869.61
385.96	3209.99
386.18	3113.32
386.39	2668.50
386.60	2923.27
386.82	3395.94
387.03	2652.94
387.24	2634.10
387.45	2903.20
387.67	2856.10
387.88	2756.16
388.09	2724.21
388.31	2950.30
388.52	2974.88
388.73	3065.81
388.94	2586.17
389.16	3296.41
389.37	2862.24
389.58	2652.12
389.80	2559.14
390.01	2868.39
390.22	3188.69
390.43	2805.72
390.65	2744.28
390.86	3013.79
391.07	3094.89
391.29	2665.64
391.50	2325.67
391.71	3254.63
391.92	3191.14
392.14	2662.77
392.35	2808.17
392.56	2888.46
392.77	3162.88
392.99	2684.89
393.20	2442.41
393.41	2946.62
393.62	2982.25
393.84	2508.76
394.05	2682.43
394.26	3101.85
394.47	3381.61
394.69	2871.66
394.90	2876.99
395.11	3053.11
395.32	2990.03
395.54	2559.14
395.75	2425.61
395.96	2915.90
396.17	3441.41
396.39	2976.11
396.60	2517.36
396.81	3106.77
397.02	3005.19
397.24	2839.71
397.45	2925.73
397.66	2937.61
397.87	3243.16
398.09	2725.44
398.30	2523.92
398.51	3210.40
398.72	2853.64
398.94	2613.62
399.15	3087.52
399.36	3112.50
399.57	3190.33
399.79	2778.68
400.00	2996.18
400.21	2756.57
400.42	3147.32
400.63	2641.06
400.85	2813.09
401.06	3053.11
401.27	3080.96
401.48	3221.86
401.70	2650.89
401.91	3440.59
402.12	3233.74
402.33	2963.00
402.54	2568.97
402.76	3050.24
402.97	3391.44
403.18	2597.64
403.39	2615.67
403.60	3152.64
403.82	2988.40
404.03	2298.23
404.24	2556.27
404.45	3118.24
404.66	3407.82
404.88	2389.98
405.09	3100.62
405.30	3132.98
405.51	3021.57
405.73	2617.71
405.94	2490.33
406.15	2980.61
406.36	2983.89
406.57	2658.67
406.78	2557.50
407.00	3031.40
407.21	3299.69
407.42	2506.71
407.63	2967.92
407.84	3135.85
408.06	3063.76
408.27	2508.76
408.48	2607.47
408.69	3062.94
408.90	2905.25
409.12	2469.03
409.33	2590.68
409.54	2715.20
409.75	2957.27
409.96	2638.19
410.17	2834.80
410.39	2856.51
410.60	3418.47
410.81	2701.68
411.02	2845.04
411.23	4747.19
411.44	2840.12
411.66	2646.39
411.87	3003.14
412.08	3383.24
412.29	2834.39
412.50	2572.25
412.71	2504.67
412.93	2866.75
413.14	2947.85
413.35	2772.13
413.56	2609.52
413.77	3054.34
413.98	3032.22
414.20	2557.09
414.41	2781.55
414.62	2963.82
414.83	2813.50
415.04	2571.43
415.25	2747.55
415.46	3316.48
415.68	2956.45
415.89	2428.48
416.10	2729.94
416.31	2711.10
416.52	3143.22
416.73	2704.55
416.94	2593.14
417.16	3067.04
417.37	3075.23
417.58	2783.19
417.79	2510.40
418.00	3002.73
418.21	2922.86
418.42	2775.41
418.64	2539.48
418.85	2784.83
419.06	3013.38
419.27	2530.88
419.48	2735.27
419.69	3052.29
419.90	2792.20
420.11	2530.06
420.33	2526.37
420.54	3416.42
420.75	3215.31
420.96	2392.44
421.17	2763.12
421.38	2999.46
421.59	2882.72
421.80	2425.20
422.02	2661.13
422.23	3000.27
422.44	3143.22
422.65	2499.34
422.86	2629.18
423.07	2839.30
423.28	3027.31
423.49	2271.61
423.70	2671.37
423.92	2780.32
424.13	3257.09
424.34	2420.70
424.55	2479.68
424.76	3249.31
424.97	3298.87
425.18	2473.95
425.39	2715.61
425.60	2794.25
425.81	2924.50
426.03	2728.71
426.24	2564.88
426.45	2937.61
426.66	3474.99
426.87	2603.38
427.08	2885.18
427.29	3062.53
427.50	3048.61
427.71	2495.65
427.92	2602.56
428.13	2830.70
428.34	2927.78
428.56	2832.34
428.77	2741.00
428.98	3542.17
429.19	3116.19
429.40	2754.52
429.61	2623.45
429.82	3082.19
430.03	2926.14
430.24	2710.28
430.45	2390.80
430.66	3166.16
430.87	2910.98
431.08	2654.58
431.30	2442.82
431.51	3025.67
431.72	3071.54
431.93	2753.70
432.14	2505.08
432.35	3015.02
432.56	3367.27
432.77	2567.74
432.98	2682.43
433.19	3002.32
433.40	3009.29
433.61	2455.51
433.82	2644.75
434.03	2789.33
434.24	2933.51
434.45	3126.02
434.66	3085.47
434.87	3140.36
435.09	2997.41
435.30	2739.77
435.51	2855.28
435.72	3102.67
435.93	2765.99
436.14	2722.57
436.35	2588.63
436.56	3144.86
436.77	2992.08
436.98	2512.86
437.19	2801.62
437.40	3358.26
437.61	3027.31
437.82	2593.14
438.03	2602.56
438.24	2958.09
438.45	3093.66
438.66	2478.45
438.87	2491.56
439.08	2935.15
439.29	2886.82
439.50	2842.99
439.71	3076.05
439.92	2769.67
440.13	2752.88
440.34	2605.43
440.55	2796.71
440.76	2761.48
440.97	3149.37
441.18	2793.02
441.39	2549.72
441.60	2900.74
441.81	2860.19
442.02	2643.11
442.23	2614.85
442.44	3084.24
442.65	2767.62
442.86	2791.38
443.07	2870.02
443.28	2943.75
443.49	2960.13
443.70	2838.08
443.91	2571.84
444.12	2774.18
444.33	2872.48
444.54	2836.44
444.75	2640.65
444.96	3103.49
445.17	3202.61
445.38	2941.29
445.59	2677.51
445.80	2926.55
446.01	2769.26
446.22	3083.42
446.43	2579.21
446.64	2731.58
446.85	2857.74
447.06	2697.99
447.27	2686.53
447.48	3240.71
447.69	2844.22
447.90	2768.44
448.11	2432.58
448.32	2909.34
448.53	2852.00
448.74	2853.23
448.95	2680.38
449.16	2807.36
449.37	2949.08
449.58	2584.54
449.79	2547.67
450.00	2528.42
450.21	2799.16
450.42	2752.06
450.63	2623.45
450.84	2715.20
451.05	2639.83
451.26	2803.26
451.47	2765.99
451.68	2976.93
451.89	2772.13
452.10	2676.70
452.30	2992.08
452.51	2929.41
452.72	2627.95
452.93	2714.38
453.14	2756.57
453.35	2816.78
453.56	3058.03
453.77	2737.72
453.98	2617.30
454.19	3059.67
454.40	2762.30
454.61	2666.86
454.82	2720.52
455.03	2555.05
455.24	2672.19
455.45	2749.19
455.66	2965.05
455.87	2833.16
456.07	2680.38
456.28	2623.45
456.49	2435.03
456.70	3006.01
456.91	2772.95
457.12	2495.25
457.33	2596.01
457.54	2875.76
457.75	3063.76
457.96	2999.86
458.17	2779.91
458.38	2784.01
458.59	2620.17
458.79	2521.87
459.00	2428.48
459.21	2724.62
459.42	2663.18
459.63	2538.66
459.84	2427.25
460.05	3553.64
460.26	2866.75
460.47	2735.68
460.68	2566.51
460.89	2977.34
461.09	3040.82
461.30	2773.77
461.51	2571.84
461.72	3081.78
461.93	2929.82
462.14	2673.83
462.35	2454.70
462.56	2970.37
462.77	2538.25
462.98	2921.63
463.18	2692.26
463.39	2855.69
463.60	3044.10
463.81	2687.34
464.02	3102.67
464.23	2891.73
464.44	3403.31
464.65	2673.01
464.86	2495.65
465.06	2490.74
465.27	2672.60
465.48	2501.80
465.69	2639.83
465.90	2926.96
466.11	2757.39
466.32	2516.95
466.53	2481.73
466.74	2933.92
466.94	2832.34
467.15	2705.78
467.36	2523.51
467.57	3070.72
467.78	2879.85
467.99	2790.56
468.20	3092.02
468.40	2717.65
468.61	2651.71
468.82	2625.50
469.03	3037.14
469.24	3027.72
469.45	2720.52
469.66	2750.42
469.86	2607.06
470.07	2993.72
470.28	2792.20
470.49	2507.12
470.70	2624.27
470.91	2729.53
471.12	2891.73
471.32	2657.85
471.53	2659.49
471.74	2892.14
471.95	2852.82
472.16	2614.44
472.37	2716.43
472.58	2935.97
472.78	2661.54
472.99	2682.43
473.20	2643.93
473.41	2818.41
473.62	2647.20
473.83	3100.22
474.03	2849.95
474.24	2834.80
474.45	2860.60
474.66	2572.66
474.87	2734.45
475.08	2760.25
475.28	2932.28
475.49	3022.39
475.70	2574.71
475.91	2938.84
476.12	2860.19
476.32	2602.56
476.53	2717.65
476.74	2924.50
476.95	2780.73
477.16	2611.16
477.37	2779.50
477.57	2915.90
477.78	2728.30
477.99	2628.36
478.20	2701.27
478.41	3090.38
478.61	2953.17
478.82	2933.51
479.03	2703.32
479.24	2924.09
479.45	2823.74
479.65	2693.49
479.86	2784.83
480.07	2960.95
480.28	2700.45
480.49	3760.07
480.69	2659.90
480.90	2891.73
481.11	2816.78
481.32	2412.51
481.53	2722.98
481.73	2952.76
481.94	2809.81
482.15	2650.07
482.36	2718.06
482.57	2746.74
482.77	3177.63
482.98	2932.28
483.19	2672.60
483.40	2658.26
483.60	2789.74
483.81	2789.74
484.02	2867.57
484.23	2771.72
484.44	2583.72
484.64	2726.26
484.85	2657.03
485.06	2837.67
485.27	2795.89
485.47	2789.74
485.68	2753.70
485.89	2935.15
486.10	3154.69
486.31	2995.36
486.51	2724.21
486.72	2815.14
486.93	2772.13
487.14	2599.28
487.34	2537.02
487.55	2803.26
487.76	2913.85
487.97	2805.31
488.17	2652.94
488.38	2795.07
488.59	2763.94
488.80	2897.47
489.00	2837.67
489.21	2992.90
489.42	2763.94
489.63	2927.78
489.83	2846.68
490.04	2786.47
490.25	2693.90
490.46	2756.16
490.66	2872.48
490.87	2826.20
491.08	2688.16
491.29	2603.79
491.49	2640.24
491.70	2822.51
491.91	2856.10
492.11	2846.68
492.32	2775.82
492.53	2501.39
492.74	3076.87
492.94	3046.56
493.15	2836.44
493.36	2828.65
493.57	2771.31
493.77	2732.40
493.98	2930.23
494.19	3091.61
494.39	2913.44
494.60	2534.16
494.81	2553.82
495.02	3044.92
495.22	3094.07
495.43	2539.89
495.64	2470.67
495.84	2632.46
496.05	3201.38
496.26	2826.61
496.47	2868.79
496.67	3200.57
496.88	2886.82
497.09	2784.01
497.29	2482.96
497.50	2585.36
497.71	2953.58
497.91	2472.72
498.12	2885.59
498.33	2795.48
498.54	2908.53
498.74	2709.87
498.95	2567.74
499.16	2945.80
499.36	2727.89
499.57	2591.91
499.78	2554.64
499.98	2718.06
500.19	2693.08
500.40	2642.70
500.60	2959.72
500.81	2850.36
501.02	2962.18
501.22	3216.95
501.43	2542.35
501.64	2797.93
501.85	2977.75
502.05	3390.21
502.26	2587.81
502.47	3222.68
502.67	2800.39
502.88	2783.60
503.09	2887.23
503.29	2603.38
503.50	2719.70
503.71	3061.71
503.91	2700.04
504.12	2734.04
504.33	2688.16
504.53	2806.13
504.74	2783.60
504.95	3051.88
505.15	2801.21
505.36	2958.09
505.56	2631.23
505.77	3289.45
505.98	2596.82
506.18	3010.92
506.39	2611.98
506.60	2655.81
506.80	2999.86
507.01	2737.32
507.22	2795.89
507.42	3017.89
507.63	2652.53
507.84	2892.96
508.04	2446.50
508.25	3077.28
508.45	3279.21
508.66	2742.23
508.87	2588.22
509.07	2924.91
509.28	2846.68
509.49	2668.50
509.69	2974.88
509.90	2845.45
510.11	2684.48
510.31	2691.85
510.52	2622.63
510.72	2794.66
510.93	2817.19
511.14	2585.36
511.34	2516.13
511.55	2697.17
511.76	3246.85
511.96	3179.68
512.17	2789.74
512.37	2965.05
512.58	2797.93
512.79	2593.14
512.99	2700.04
513.20	2862.24
513.40	2956.45
513.61	2821.28
513.82	2629.59
514.02	2623.45
514.23	2745.51
514.43	3156.74
514.64	2778.68
514.85	2924.91
515.05	2994.13
515.26	2788.92
515.46	2920.81
515.67	2978.57
515.88	2698.40
516.08	3205.07
516.29	2729.94
516.49	2831.11
516.70	2763.94
516.91	2755.75
517.11	2852.41
517.32	2781.55
517.52	2967.92
517.73	2672.19
517.93	2987.58
518.14	2947.03
518.35	2663.18
518.55	2522.28
518.76	3010.10
518.96	3093.66
519.17	2590.68
519.38	2782.78
519.58	2967.51
519.79	2811.86
519.99	2804.90
520.20	2728.71
520.40	2661.13
520.61	3074.82
520.82	3249.72
521.02	3059.67
521.23	2852.00
521.43	2973.24
521.64	2605.84
521.84	2709.46
522.05	2687.75
522.25	2582.49
522.46	2690.21
522.67	2749.19
522.87	3067.86
523.08	3175.99
523.28	2815.96
523.49	3207.53
523.69	2789.74
523.90	2825.79
524.10	2960.95
524.31	2743.87
524.51	2979.79
524.72	3011.33
524.93	2949.89
525.13	2772.13
525.34	2736.09
525.54	2872.48
525.75	3092.43
525.95	2521.05
526.16	3002.32
526.36	2929.82
526.57	3108.00
526.77	2409.23
526.98	3198.93
527.18	2739.77
527.39	2704.55
527.59	3076.05
527.80	2768.85
528.00	2983.07
528.21	2868.79
528.42	2829.88
528.62	2829.06
528.83	2790.15
529.03	3333.27
529.24	2923.27
529.44	2656.63
529.65	2983.48
529.85	2854.87
530.06	3242.34
530.26	2876.99
530.47	3038.37
530.67	3161.65
530.88	2634.92
531.08	2896.24
531.29	2826.61
531.49	2766.40
531.70	2880.26
531.90	2578.39
532.11	2793.84
532.31	2870.02
532.52	2891.73
532.72	2500.16
532.93	2950.71
533.13	2602.97
533.34	2642.70
533.54	2919.58
533.75	2612.39
533.95	2643.93
534.16	2730.35
534.36	2762.71
534.57	2861.42
534.77	3112.91
534.97	2933.10
535.18	2612.39
535.38	2815.55
535.59	2663.18
535.79	2710.69
536.00	2642.70
536.20	2805.31
536.41	2488.69
536.61	2827.02
536.82	2654.99
537.02	2745.10
537.23	2922.45
537.43	2950.30
537.64	2594.37
537.84	2985.12
538.05	2902.38
538.25	3000.68
538.45	2707.01
538.66	2977.75
538.86	2790.56
539.07	2614.85
539.27	2730.76
539.48	2757.39
539.68	2953.17
539.89	2746.33
540.09	3222.68
540.29	2968.74
540.50	2489.92
540.70	2946.62
540.91	2711.10
541.11	2953.58
541.32	2705.37
541.52	2849.54
541.73	2789.33
541.93	2634.51
542.13	2965.05
542.34	2627.54
542.54	2746.33
542.75	2859.78
542.95	3451.24
543.16	2769.26
543.36	2833.98
543.56	2852.41
543.77	2938.02
543.97	2975.70
544.18	2797.12
544.38	2915.49
544.59	2748.78
544.79	2689.39
544.99	3149.37
545.20	3332.86
545.40	2745.92
545.61	2736.91
545.81	2967.92
546.01	3169.85
546.22	2906.07
546.42	2788.51
546.63	2711.51
546.83	2966.69
547.04	2827.84
547.24	2892.96
547.44	2650.89
547.65	2923.27
547.85	2623.86
548.06	2596.01
548.26	2768.85
548.46	3395.53
548.67	2885.59
548.87	2865.93
549.08	2686.12
549.28	2727.08
549.48	2849.95
549.69	3098.99
549.89	2567.74
550.09	3145.27
550.30	3154.28
550.50	2546.85
550.71	2660.31
550.91	2847.91
551.11	2565.29
551.32	3089.98
551.52	2675.47
551.73	3026.49
551.93	2630.41
552.13	3058.85
552.34	3120.29
552.54	2641.06
552.74	2910.57
552.95	2777.86
553.15	2842.17
553.35	2945.80
553.56	2944.16
553.76	3042.87
553.97	2786.06
554.17	2959.31
554.37	2743.87
554.58	2940.88
554.78	2793.02
554.98	2868.39
555.19	2766.81
555.39	2834.39
555.59	2656.22
555.80	2839.71
556.00	2802.44
556.20	2879.85
556.41	2759.84
556.61	2730.35
556.82	2685.71
557.02	3000.27
557.22	2780.32
557.43	2629.18
557.63	2838.48
557.83	2797.53
558.04	3232.51
558.24	2799.98
558.44	2918.36
558.65	2654.99
558.85	2517.77
559.05	2802.44
559.26	2753.29
559.46	2620.17
559.66	2647.61
559.87	2774.18
560.07	2940.88
560.27	3214.90
560.48	3131.34
560.68	2940.06
560.88	2694.31
561.08	2976.52
561.29	3058.85
561.49	2677.51
561.69	2758.61
561.90	3185.00
562.10	2803.67
562.30	3264.46
562.51	2863.88
562.71	2829.88
562.91	3209.17
563.12	2776.23
563.32	2722.57
563.52	2981.84
563.72	2762.71
563.93	2799.16
564.13	2767.62
564.33	3240.30
564.54	2937.61
564.74	2778.68
564.94	2886.41
565.15	2739.36
565.35	2873.30
565.55	3176.81
565.75	2602.56
565.96	2889.68
566.16	2900.33
566.36	2738.54
566.57	2714.79
566.77	3247.67
566.97	2928.19
567.17	3053.52
567.38	2716.02
567.58	2858.15
567.78	2956.04
567.99	3307.47
568.19	2826.61
568.39	3001.09
568.59	3094.89
568.80	2959.72
569.00	3082.60
569.20	2919.99
569.40	2727.89
569.61	3108.41
569.81	2936.79
570.01	2846.68
570.21	2673.83
570.42	3251.76
570.62	2673.42
570.82	2626.32
571.02	2639.01
571.23	2716.02
571.43	3144.86
571.63	2701.27
571.84	2536.61
572.04	2678.74
572.24	3049.84
572.44	2941.70
572.64	2861.01
572.85	2818.00
573.05	3105.13
573.25	3255.45
573.45	2454.29
573.66	3420.11
573.86	2721.75
574.06	2858.55
574.26	2972.01
574.47	2805.72
574.67	3017.48
574.87	2609.11
575.07	2818.41
575.28	2794.25
575.48	2880.67
575.68	2945.80
575.88	2709.87
576.08	3111.68
576.29	2881.49
576.49	2887.64
576.69	3068.68
576.89	2760.25
577.10	2897.88
577.30	3090.79
577.50	2846.27
577.70	2656.22
577.90	3177.63
578.11	3042.87
578.31	2607.47
578.51	3032.63
578.71	2645.57
578.91	2942.93
579.12	2976.52
579.32	2961.77
579.52	4700.50
579.72	2801.21
579.92	2815.96
580.13	3005.19
580.33	3284.12
580.53	2941.70
580.73	2765.99
580.93	2968.33
581.14	2829.88
581.34	3022.39
581.54	2693.08
581.74	2951.53
581.94	2804.90
582.15	3123.15
582.35	2665.64
582.55	2908.93
582.75	3408.64
582.95	2892.14
583.15	3226.78
583.36	3114.55
583.56	2940.88
583.76	2772.13
583.96	3018.30
584.16	3041.23
584.37	2867.16
584.57	2953.58
584.77	2645.16
584.97	2876.99
585.17	2964.64
585.37	2979.79
585.57	3041.64
585.78	2599.69
585.98	2812.27
586.18	2823.33
586.38	2777.05
586.58	2624.68
586.78	2745.51
586.99	2727.48
587.19	2956.04
587.39	2855.69
587.59	2728.71
587.79	2793.43
587.99	2926.96
588.19	2880.67
588.40	3004.78
588.60	2691.85
588.80	3325.90
589.00	2691.85
589.20	2932.69
589.40	3167.80
589.60	2688.16
589.81	2866.75
590.01	2760.25
590.21	3298.87
590.41	2718.88
590.61	2922.45
590.81	2693.49
591.01	3194.83
591.22	2858.96
591.42	3373.00
591.62	3021.57
591.82	2878.62
592.02	2932.28
592.22	2891.32
592.42	3499.57
592.62	2933.92
592.82	2910.16
593.03	3096.12
593.23	2865.11
593.43	3095.71
593.63	2810.63
593.83	2794.25
594.03	3224.73
594.23	3092.43
594.43	2754.11
594.63	2642.70
594.84	2862.65
595.04	3182.54
595.24	2990.44
595.44	2731.17
595.64	2942.93
595.84	3068.68
596.04	2984.71
596.24	2828.65
596.44	2914.26
596.64	2713.15
596.84	2816.37
597.05	2901.97
597.25	3045.74
597.45	3049.84
597.65	2728.71
597.85	2872.89
598.05	2931.05
598.25	2704.14
598.45	2729.53
598.65	2861.83
598.85	2841.35
599.05	3314.84
599.25	2855.69
599.46	2565.29
599.66	3054.34
599.86	2784.42
600.06	2941.29
600.26	2813.91
600.46	2790.97
600.66	3102.67
600.86	3068.68
601.06	2809.81
601.26	2717.65
601.46	3136.67
601.66	2884.77
601.86	2732.81
602.06	2902.79
602.26	2742.64
602.46	2630.82
602.66	2757.39
602.87	2813.50
603.07	3035.91
603.27	2888.05
603.47	2812.68
603.67	3497.11
603.87	3198.93
604.07	2845.45
604.27	3057.62
604.47	2827.43
604.67	2662.77
604.87	2879.03
605.07	2835.21
605.27	2875.35
605.47	2694.31
605.67	2903.20
605.87	2948.67
606.07	3212.44
606.27	2795.48
606.47	2759.02
606.67	2668.09
606.87	2703.32
607.07	2937.61
607.27	2715.20
607.47	2947.44
607.67	2967.92
607.87	2738.95
608.07	3000.68
608.27	3027.31
608.47	2688.98
608.67	3172.71
608.87	2865.93
609.07	3079.74
609.27	2836.85
609.47	2986.76
609.67	2876.17
609.87	2980.20
610.07	2899.10
610.27	5310.79
610.47	2781.96
610.67	3010.51
610.87	2752.88
611.07	3262.41
611.27	2827.02
611.47	2997.82
611.67	3108.41
611.87	2821.28
612.07	2781.55
612.27	2865.93
612.47	2718.88
612.67	2858.15
612.87	2910.16
613.07	2754.52
613.27	2794.25
613.47	2961.36
613.67	2890.91
613.87	2879.85
614.07	2752.47
614.27	2711.10
614.47	2864.70
614.67	2919.58
614.87	2793.02
615.07	2799.57
615.27	2750.83
615.47	2804.90
615.67	3030.99
615.87	2630.00
616.07	2905.66
616.27	2958.09
616.47	2767.62
616.67	2734.45
616.87	2856.10
617.07	2677.10
617.27	2936.38
617.47	2856.51
617.66	2867.98
617.86	2843.40
618.06	2699.22
618.26	2693.90
618.46	2909.34
618.66	3113.32
618.86	3105.54
619.06	2867.57
619.26	2950.71
619.46	2851.18
619.66	3065.40
619.86	3010.92
620.06	2945.80
620.26	3113.32
620.46	3853.87
620.66	3434.85
620.85	3058.85
621.05	3284.53
621.25	2994.95
621.45	2761.07
621.65	3103.90
621.85	2849.95
622.05	3089.98
622.25	2774.18
622.45	2786.47
622.65	2844.22
622.85	2692.67
623.05	2919.58
623.25	2939.65
623.44	3196.47
623.64	2602.15
623.84	2847.50
624.04	2638.19
624.24	2938.43
624.44	2952.35
624.64	2930.23
624.84	2883.54
625.04	2799.16
625.24	2751.24
625.43	2826.61
625.63	3114.14
625.83	2863.06
626.03	2667.68
626.23	2903.20
626.43	2859.37
626.63	2708.23
626.83	2961.36
627.03	3059.26
627.22	2741.00
627.42	2857.33
627.62	2632.05
627.82	2871.66
628.02	2802.85
628.22	2696.77
628.42	2878.22
628.62	2576.75
628.82	2741.41
629.01	3366.04
629.21	2694.31
629.41	3114.55
629.61	2983.48
629.81	2820.46
630.01	3086.29
630.21	3206.30
630.40	2996.59
630.60	2999.05
630.80	2992.49
631.00	3046.15
631.20	3058.85
631.40	2911.80
631.60	2948.26
631.79	2764.76
631.99	3051.47
632.19	2923.68
632.39	2893.78
632.59	2956.86
632.79	2870.43
632.99	5001.14
633.18	2890.09
633.38	2868.39
633.58	2922.45
633.78	2820.46
633.98	2729.94
634.18	2847.09
634.37	3548.72
634.57	3049.02
634.77	3936.61
634.97	2874.12
635.17	2975.70
635.37	3308.70
635.56	2790.15
635.76	3170.67
635.96	2869.61
636.16	2906.89
636.36	2838.89
636.56	2786.06
636.75	2849.13
636.95	3017.07
637.15	2823.33
637.35	2856.92
637.55	3155.10
637.74	3088.75
637.94	2822.10
638.14	2989.22
638.34	2910.98
638.54	2538.66
638.73	2929.41
638.93	3048.20
639.13	3006.42
639.33	2999.86
639.53	2782.78
639.73	2766.81
639.92	2891.32
640.12	2749.60
640.32	2733.63
640.52	2987.58
640.71	2665.23
640.91	2906.89
641.11	2840.12
641.31	2800.39
641.51	2821.28
641.70	3018.71
641.90	3052.70
642.10	2905.25
642.30	3003.96
642.50	2934.33
642.69	2953.99
642.89	2740.59
643.09	2895.01
643.29	2974.47
643.48	2958.09
643.68	2999.05
643.88	3205.89
644.08	2520.64
644.28	3025.67
644.47	3038.78
644.67	2666.86
644.87	2721.75
645.07	2949.48
645.26	2834.80
645.46	2777.05
645.66	2856.92
645.86	2976.52
646.05	3211.21
646.25	3024.03
646.45	3037.55
646.65	2992.90
646.84	3071.13
647.04	2829.06
647.24	2903.20
647.44	2936.79
647.63	2926.96
647.83	3049.43
648.03	3041.64
648.23	2873.71
648.42	2940.06
648.62	2654.58
648.82	2614.44
649.02	2879.03
649.21	2897.06
649.41	3182.13
649.61	3185.00
649.80	2643.11
650.00	3339.01
650.20	2863.47
650.40	2895.83
650.59	3230.06
650.79	2792.61
650.99	3390.21
651.18	2840.12
651.38	2779.50
651.58	3021.98
651.78	3051.06
651.97	3015.43
652.17	2878.62
652.37	3096.53
652.56	3014.61
652.76	3041.64
652.96	2788.92
653.16	3131.34
653.35	3115.78
653.55	3144.45
653.75	2712.74
653.94	3187.46
654.14	2875.76
654.34	3006.83
654.54	2730.76
654.73	3248.90
654.93	2924.09
655.13	3194.01
655.32	3005.60
655.52	2928.19
655.72	2992.90
655.91	2860.19
656.11	2616.89
656.31	3089.16
656.50	3017.89
656.70	2895.83
656.90	2728.71
657.09	3119.88
657.29	2940.06
657.49	2814.32
657.68	2593.96
657.88	2986.76
658.08	2904.02
658.27	3318.94
658.47	3022.80
658.67	3098.17
658.86	2951.12
659.06	2997.41
659.26	2899.10
659.45	2883.13
659.65	2960.95
659.85	2984.30
660.04	3001.50
660.24	2904.84
660.44	2958.09
660.63	3013.79
660.83	3122.74
661.03	3234.15
661.22	2840.53
661.42	3120.29
661.62	2936.79
661.81	3121.92
662.01	2772.95
662.21	2780.73
662.40	2848.72
662.60	3395.53
662.79	2740.59
662.99	3273.88
663.19	2945.39
663.38	3147.32
663.58	3064.58
663.78	3237.84
663.97	2968.33
664.17	3212.85
664.36	2928.60
664.56	3137.08
664.76	2725.44
664.95	3018.30
665.15	3095.30
665.35	3098.17
665.54	3360.72
665.74	3215.72
665.93	3393.89
666.13	3035.91
666.33	2985.94
666.52	3056.39
666.72	3143.63
666.91	2858.96
667.11	2879.03
667.31	3114.96
667.50	2925.73
667.70	3207.53
667.89	3136.26
668.09	3334.91
668.29	3068.68
668.48	2991.67
668.68	3669.96
668.87	3008.06
669.07	2806.54
669.27	3259.55
669.46	2771.31
669.66	2908.12
669.85	2719.70
670.05	3196.06
670.25	2934.74
670.44	2952.35
670.64	3115.78
670.83	3309.52
671.03	3037.96
671.22	3126.43
671.42	3126.02
671.62	2804.90
671.81	2952.76
672.01	3157.97
672.20	2925.73
672.40	3077.69
672.59	3378.74
672.79	3205.07
672.99	2836.44
673.18	3259.14
673.38	3177.22
673.57	3339.83
673.77	3138.72
673.96	2925.73
674.16	3019.53
674.36	3320.17
674.55	3071.54
674.75	3200.98
674.94	2913.85
675.14	3213.26
675.33	3196.47
675.53	3109.23
675.72	2839.30
675.92	3538.89
676.11	3178.86
676.31	2931.87
676.50	3035.09
676.70	3276.75
676.90	3002.73
677.09	3160.83
677.29	3042.87
677.48	3107.18
677.68	3102.26
677.87	2919.99
678.07	3017.07
678.26	3221.05
678.46	3081.37
678.65	3004.37
678.85	3000.68
679.04	3285.76
679.24	2867.98
679.43	2907.71
679.63	2743.87
679.82	3536.43
680.02	3660.13
680.21	3106.36
680.41	2733.63
680.60	3306.24
680.80	3604.02
680.99	3257.09
681.19	3327.13
681.38	3278.39
681.58	3046.56
681.77	3503.26
681.97	2962.18
682.16	3410.28
682.36	3382.43
682.55	3166.16
682.75	2929.00
682.94	3379.56
683.14	3210.40
683.33	2756.98
683.53	3416.83
683.72	3361.54
683.92	3138.72
684.11	3386.52
684.31	2970.78
684.50	3104.72
684.70	3062.53
684.89	3071.54
685.09	2786.47
685.28	3094.07
685.48	3086.70
685.67	3070.31
685.87	3001.91
686.06	3282.07
686.26	3340.65
686.45	3026.08
686.64	2965.87
686.84	3127.66
687.03	3323.44
687.23	3091.20
687.42	3189.10
687.62	3139.54
687.81	3364.81
688.01	3243.98
688.20	3209.17
688.40	3595.41
688.59	3429.53
688.78	3322.62
688.98	3336.55
689.17	3545.44
689.37	3238.25
689.56	3192.37
689.76	3341.88
689.95	3559.37
690.15	3119.47
690.34	3582.72
690.53	3141.99
690.73	3198.52
690.92	3082.19
691.12	3238.66
691.31	3476.63
691.51	3588.45
691.70	3504.48
691.89	3167.39
692.09	3072.36
692.28	3412.33
692.48	3406.18
692.67	3543.40
692.87	3345.56
693.06	3275.52
693.25	3261.60
693.45	3278.39
693.64	3415.19
693.84	3555.68
694.03	3350.07
694.22	3325.90
694.42	3237.43
694.61	3298.87
694.81	5031.45
695.00	3370.55
695.19	3291.09
695.39	3693.31
695.58	3579.44
695.78	3424.20
695.97	3312.79
696.16	3920.22
696.36	3754.75
696.55	3462.71
696.75	3318.12
696.94	3321.40
697.13	3949.30
697.33	3393.89
697.52	3563.88
697.71	3530.70
697.91	3729.35
698.10	4115.60
698.30	3417.24
698.49	3758.02
698.68	3384.06
698.88	3456.56
699.07	3486.87
699.26	4240.11
699.46	3667.50
699.65	3795.30
699.85	3640.88
700.04	3595.41
700.23	3382.02
700.43	3740.41
700.62	3601.15
700.81	3832.98
701.01	3590.91
701.20	3776.04
701.39	3739.18
701.59	3867.38
701.78	3701.09
701.98	3691.67
702.17	3678.15
702.36	3936.20
702.56	4144.27
702.75	3905.89
702.94	3993.95
703.14	5697.45
703.33	4039.82
703.52	7769.99
703.72	3882.54
703.91	4238.48
704.10	4051.70
704.30	4068.09
704.49	3961.59
704.68	4211.85
704.88	4715.24
705.07	4672.24
705.26	4283.53
705.46	4395.35
705.65	4398.22
705.84	4360.94
706.03	4422.38
706.23	4603.42
706.42	4634.14
706.61	4666.91
706.81	4942.57
707.00	5028.99
707.19	4826.24
707.39	5109.68
707.58	4677.56
707.77	4981.89
707.97	5452.92
708.16	5152.28
708.35	5248.12
708.55	5221.91
708.74	5275.16
708.93	5687.62
709.12	5402.54
709.32	5564.74
709.51	5744.55
709.70	5730.22
709.90	5735.95
710.09	5685.16
710.28	5796.98
710.47	5547.13
710.67	5754.38
710.86	6319.62
711.05	5745.37
711.25	5806.40
711.44	5700.32
711.63	6200.02
711.82	6430.62
712.02	6948.76
712.21	6179.54
712.40	6465.85
712.59	6779.19
712.79	6755.02
712.98	6460.52
713.17	6940.57
713.37	6698.09
713.56	6584.63
713.75	6583.40
713.94	6954.90
714.14	6865.61
714.33	7162.57
714.52	6825.06
714.71	7110.55
714.91	7213.36
715.10	7451.33
715.29	7147.82
715.48	7373.92
715.68	7778.19
715.87	7375.15
716.06	7573.80
716.25	7647.12
716.45	7754.43
716.64	7780.23
716.83	7872.80
717.02	8323.76
717.21	8054.66
717.41	8483.10
717.60	8256.18
717.79	8025.58
717.98	8159.11
718.18	8256.18
718.37	8184.09
718.56	8948.80
718.75	8819.37
718.94	8573.21
719.14	8267.65
719.33	8834.12
719.52	8864.02
719.71	8712.06
719.91	8675.61
720.10	9467.76
720.29	9169.17
720.48	8983.62
720.67	9259.69
720.87	9833.94
721.06	9181.45
721.25	9652.90
721.44	9268.70
721.63	9762.26
721.83	9880.63
722.02	9398.13
722.21	9724.98
722.40	9852.78
722.59	9954.36
722.79	10039.96
722.98	10131.30
723.17	9903.16
723.36	9980.16
723.55	10042.01
723.74	9936.33
723.94	10552.36
724.13	10222.64
724.32	10411.05
724.51	10432.35
724.70	10615.44
724.90	10541.71
725.09	10957.04
725.28	10750.20
725.47	10739.14
725.66	10846.04
725.85	10872.67
726.05	11055.75
726.24	11097.12
726.43	11135.22
726.62	11249.08
726.81	10932.06
727.00	11232.29
727.20	11428.48
727.39	11442.00
727.58	11093.03
727.77	11212.22
727.96	11332.64
728.15	11727.90
728.34	11340.01
728.54	11480.91
728.73	11629.60
728.92	11427.67
729.11	11444.46
729.30	11550.13
729.49	11626.73
729.68	11726.26
729.88	11529.24
730.07	11231.88
730.26	11316.26
730.45	11922.45
730.64	12086.29
730.83	11417.43
731.02	11106.54
731.21	11824.56
731.41	11644.34
731.60	11132.35
731.79	11376.47
731.98	11950.72
732.17	11781.15
732.36	11069.68
732.55	10845.22
732.74	11927.37
732.93	11468.62
733.13	11203.62
733.32	11127.02
733.51	11341.24
733.70	11763.53
733.89	11081.15
734.08	11065.99
734.27	11044.70
734.46	11428.48
734.65	10862.02
734.85	10963.60
735.04	10954.58
735.23	11300.69
735.42	10701.05
735.61	10119.42
735.80	10857.51
735.99	11088.52
736.18	11200.75
736.37	9988.35
736.56	10908.71
736.75	10363.54
736.94	10124.34
737.14	9825.33
737.33	10397.13
737.52	10054.30
737.71	9912.17
737.90	9877.76
738.09	10338.15
738.28	9945.76
738.47	9751.61
738.66	9629.55
738.85	9903.98
739.04	9641.43
739.23	9515.27
739.42	8821.83
739.61	9508.31
739.80	9188.83
740.00	8872.21
740.19	8825.93
740.38	9030.72
740.57	8886.96
740.76	8454.02
740.95	8462.21
741.14	9058.17
741.33	9153.60
741.52	8264.37
741.71	7989.54
741.90	8580.99
742.09	8595.73
742.28	7823.65
742.47	7458.70
742.66	7936.70
742.85	7735.59
743.04	7310.84
743.23	7482.05
743.42	7732.31
743.61	7501.71
743.80	7039.28
743.99	6791.06
744.18	7485.33
744.37	7229.33
744.56	6734.54
744.75	6518.68
744.94	7278.07
745.13	6970.88
745.32	6104.18
745.51	6217.22
745.71	6779.60
745.90	6552.68
746.09	6259.00
746.28	6028.81
746.47	6480.59
746.66	6482.64
746.85	6056.25
747.04	5750.70
747.23	6074.68
747.42	6428.98
747.61	5362.40
747.80	5766.67
747.99	5945.66
748.18	5551.63
748.36	5160.47
748.55	5652.80
748.74	5953.45
748.93	5699.50
749.12	5038.41
749.31	5033.50
749.50	5257.55
749.69	5531.15
749.88	4820.10
750.07	4621.45
750.26	5507.40
750.45	4953.63
750.64	4338.83
750.83	4467.85
751.02	4934.38
751.21	5046.60
751.40	4550.18
751.59	4528.06
751.78	5049.06
751.97	4905.70
752.16	4530.11
752.35	4387.98
752.54	4771.36
752.73	4707.46
752.92	4084.06
753.11	4426.07
753.30	4291.72
753.49	4082.01
753.68	4181.13
753.87	4025.08
754.05	4503.07
754.24	4218.41
754.43	4063.99
754.62	3730.17
754.81	4898.33
755.00	4434.67
755.19	3753.93
755.38	3927.59
755.57	4326.95
755.76	4275.75
755.95	3830.93
756.14	3416.01
756.33	4175.81
756.52	3999.68
756.70	3595.41
756.89	3609.75
757.08	4141.40
757.27	4005.01
757.46	3522.51
757.65	3266.92
757.84	4032.04
758.03	3613.03
758.22	3319.35
758.41	3367.68
758.60	3529.06
758.79	3722.39
758.97	3476.63
759.16	3610.16
759.35	3735.09
759.54	3702.73
759.73	3135.85
759.92	3131.75
760.11	3364.40
760.30	3574.52
760.49	3119.47
760.67	3113.32
760.86	3652.76
761.05	3935.79
761.24	3096.12
761.43	2830.29
761.62	3618.76
761.81	3529.47
762.00	3131.75
762.19	2895.83
762.37	3626.13
762.56	3722.39
762.75	2710.28
762.94	3037.14
763.13	3179.27
763.32	3376.69
763.51	2763.94
763.70	2752.06
763.88	3721.16
764.07	3362.76
764.26	2871.25
764.45	2728.71
764.64	3449.60
764.83	3668.73
765.02	2946.21
765.20	3008.88
765.39	3431.17
765.58	3691.67
765.77	3105.13
765.96	3365.63
766.15	3262.41
766.33	3246.03
766.52	3060.48
766.71	2757.39
766.90	3685.11
767.09	3181.72
767.28	2523.10
767.46	2763.53
767.65	3135.85
767.84	3234.56
768.03	2778.68
768.22	2606.25
768.41	2953.99
768.59	3142.81
768.78	2741.41
768.97	2763.12
769.16	3497.52
769.35	3015.84
769.54	2804.08
769.72	2719.29
769.91	3177.63
770.10	3610.98
770.29	2557.91
770.48	2845.04
770.66	3236.61
770.85	3241.52
771.04	2860.19
771.23	2525.15
771.42	3489.74
771.60	3363.58
771.79	2759.02
771.98	2700.86
772.17	3254.22
772.36	3382.02
772.54	2526.78
772.73	2722.57
772.92	3320.58
773.11	2917.95
773.30	2741.41
773.48	2457.97
773.67	3092.84
773.86	2987.58
774.05	2552.59
774.23	2840.94
774.42	3301.33
774.61	3338.19
774.80	2638.19
774.99	2480.50
775.17	3197.70
775.36	3060.07
775.55	2650.48
775.74	2698.81
775.92	3289.45
776.11	2965.87
776.30	3002.32
776.49	2507.12
776.67	3022.39
776.86	2795.48
777.05	2578.80
777.24	2424.79
777.42	3092.43
777.61	2892.55
777.80	2875.76
777.99	2521.46
778.17	2975.70
778.36	3048.61
778.55	2533.75
778.74	2749.60
778.92	3021.98
779.11	3280.03
779.30	2649.25
779.49	2565.70
779.67	3131.75
779.86	2991.26
780.05	2526.78
780.24	2378.10
780.42	3106.77
780.61	3044.10
780.80	2707.82
780.98	2393.67
781.17	2984.71
781.36	2952.76
781.55	2769.26
781.73	2446.09
781.92	3180.09
782.11	3058.03
782.29	2494.02
782.48	2556.68
782.67	3353.75
782.86	3208.76
783.04	2586.58
783.23	2606.65
783.42	3174.35
783.60	3213.26
783.79	2571.84
783.98	2504.67
784.16	3211.62
784.35	3121.10
784.54	2712.74
784.73	2466.98
784.91	3075.23
785.10	2841.76
785.29	2592.73
785.47	2822.10
785.66	3191.14
785.85	2824.97
786.03	2533.34
786.22	2374.82
786.41	3223.09
786.59	3119.47
786.78	2414.15
786.97	2495.25
787.15	3137.49
787.34	2991.26
787.53	2521.87
787.71	2631.23
787.90	3027.31
788.09	3053.11
788.27	2790.15
788.46	2574.30
788.65	3152.64
788.83	3010.10
789.02	2337.55
789.21	2380.56
789.39	2800.80
789.58	3171.48
789.77	2480.09
789.95	2395.30
790.14	3341.06
790.33	2908.93
790.51	2281.44
790.70	2806.13
790.88	2978.98
791.07	2996.59
791.26	3058.03
791.44	2470.67
791.63	2937.61
791.82	3132.57
792.00	2393.67
792.19	2618.94
792.38	3362.36
792.56	3056.39
792.75	2740.59
792.93	2802.44
793.12	3150.60
793.31	2984.71
793.49	2765.58
793.68	2543.58
793.86	2928.19
794.05	3336.96
794.24	2563.24
794.42	2638.60
794.61	3038.78
794.80	2899.10
794.98	2858.55
795.17	2621.81
795.35	3286.17
795.54	3063.35
795.73	2670.55
795.91	3224.73
796.10	3173.53
796.28	3217.77
796.47	2401.04
796.66	2403.91
796.84	3529.06
797.03	2946.62
797.21	2335.50
797.40	2600.51
797.58	3301.33
797.77	2941.29
797.96	2812.27
798.14	3103.90
798.33	3362.76
798.51	3197.29
798.70	2381.38
798.88	2658.67
799.07	2989.22
799.26	3018.71
799.44	2642.29
799.63	2625.09
799.81	2841.76
800.00	3026.49
800.18	2940.47
800.37	2673.42
800.56	2858.96
800.74	2980.61
800.93	2529.24
801.11	2625.91
801.30	3121.92
801.48	2986.76
801.67	2686.53
801.85	2734.04
802.04	3132.57
802.22	2915.90
802.41	2660.31
802.60	2827.84
802.78	3171.07
802.97	2820.05
803.15	2715.20
803.34	2634.92
803.52	3051.47
803.71	3124.38
803.89	2354.34
804.08	2979.79
804.26	3300.92
804.45	2935.97
804.63	2691.44
804.82	2606.65
805.00	3009.69
805.19	3392.67
805.37	2532.11
805.56	2565.70
805.74	3372.59
805.93	2897.88
806.11	2759.43
806.30	2488.28
806.48	2959.72
806.67	3096.53
806.85	2682.02
807.04	2553.00
807.22	2926.96
807.41	3032.63
807.59	2969.55
807.78	2529.24
807.96	3336.14
808.15	2987.17
808.33	2799.16
808.52	2950.71
808.70	3216.54
808.89	3157.15
809.07	3210.40
809.26	2674.24
809.44	2981.43
809.63	3225.96
809.81	2979.38
810.00	2748.78
810.18	3123.97
810.37	3014.20
810.55	2852.82
810.74	2767.62
810.92	3364.40
811.11	3353.34
811.29	2328.54
811.48	2601.74
811.66	2866.75
811.84	2831.11
812.03	2814.73
812.21	2770.49
812.40	2984.71
812.58	2727.89
812.77	2869.61
812.95	2591.50
813.14	2966.69
813.32	2876.99
813.51	2683.66
813.69	2620.99
813.87	2836.03
814.06	3033.86
814.24	2712.74
814.43	2401.45
814.61	3049.02
814.80	3107.59
814.98	2515.32
815.16	2593.55
815.35	3200.16
815.53	3463.52
815.72	2663.59
815.90	2553.41
816.09	3002.73
816.27	3021.16
816.45	2744.28
816.64	2673.83
816.82	3415.60
817.01	2772.95
817.19	2510.40
817.37	2745.10
817.56	3220.64
817.74	2765.17
817.93	2936.79
818.11	2704.55
818.30	2952.35
818.48	2776.64
818.66	2716.02
818.85	2643.11
819.03	2985.12
819.21	2903.61
819.40	2789.33
819.58	3141.17
819.77	3021.98
819.95	3041.23
820.13	3062.53
820.32	2440.36
820.50	3332.45
820.69	3245.62
820.87	2620.58
821.05	2501.80
821.24	3068.68
821.42	3115.78
821.60	2592.73
821.79	2947.85
821.97	3144.04
822.16	3359.90
822.34	2569.79
822.52	2715.20
822.71	3324.67
822.89	3139.95
823.07	2862.24
823.26	2517.36
823.44	2945.39
823.62	2835.62
823.81	2786.47
823.99	2410.05
824.18	3132.98
824.36	2894.19
824.54	2803.67
824.73	2808.17
824.91	3396.76
825.09	3112.91
825.28	2984.30
825.46	2925.73
825.64	3250.13
825.83	2993.72
826.01	2773.77
826.19	2571.84
826.38	2949.89
826.56	3024.03
826.74	2541.12
826.93	2689.39
827.11	3005.60
827.29	3075.23
827.48	2689.39
827.66	2667.68
827.84	3078.51
828.03	2954.40
828.21	2474.77
828.39	2454.29
828.57	3276.34
828.76	3200.98
828.94	2573.89
829.12	2983.48
829.31	3090.38
829.49	2945.39
829.67	2529.65
829.86	2618.53
830.04	2913.44
830.22	3120.69
830.40	2582.08
830.59	2705.78
830.77	3130.53
830.95	3113.32
831.14	3038.78
831.32	2518.18
831.50	2923.27
831.69	3013.38
831.87	2933.51
832.05	2695.95
832.23	3033.45
832.42	3243.16
832.60	2541.12
832.78	2500.98
832.96	4455.97
833.15	3183.77
833.33	2607.06
833.51	2978.98
833.70	3077.28
833.88	3072.36
834.06	2785.65
834.24	2640.24
834.43	3367.27
834.61	2970.37
834.79	2859.37
834.97	3062.12
835.16	3207.94
835.34	2936.38
835.52	2981.02
835.70	2582.49
835.89	2986.35
836.07	3295.59
836.25	2892.55
836.43	2491.15
836.62	2981.43
836.80	3161.24
836.98	2596.41
837.16	2609.52
837.34	2923.27
837.53	3205.48
837.71	2725.44
837.89	3032.22
838.07	3096.12
838.26	3174.76
838.44	2738.95
838.62	3348.02
838.80	3112.91
838.99	3116.60
839.17	2493.20
839.35	2825.38
839.53	3128.48
839.71	3214.90
839.90	2559.14
840.08	2740.59
840.26	3213.67
840.44	3168.62
840.62	2961.77
840.81	2442.82
840.99	3557.73
841.17	3007.65
841.35	2798.34
841.53	2593.96
841.72	3314.02
841.90	3068.27
842.08	2606.25
842.26	2518.18
842.44	3040.00
842.63	3327.13
842.81	3008.47
842.99	2806.54
843.17	3149.78
843.35	3044.92
843.53	2994.95
843.72	2761.07
843.90	3169.85
844.08	2975.29
844.26	2683.66
844.44	2738.54
844.62	3385.70
844.81	3254.22
844.99	3053.11
845.17	2632.46
845.35	3091.61
845.53	3017.48
845.71	4820.92
845.90	2719.70
846.08	3051.88
846.26	2947.03
846.44	2439.54
846.62	2712.74
846.80	3040.00
846.98	2871.25
847.17	3822.33
847.35	3181.72
847.53	3108.82
847.71	3082.19
847.89	3142.40
848.07	2615.26
848.25	2996.59
848.44	2863.88
848.62	2910.16
848.80	2688.57
848.98	2818.41
849.16	3063.35
849.34	2979.38
849.52	2703.73
849.70	3091.20
849.89	3182.13
850.07	2805.72
850.25	2903.20
850.43	3053.93
850.61	3178.04
850.79	2545.22
850.97	2688.98
851.15	3234.97
851.33	3030.99
851.52	2628.77
851.70	3069.50
851.88	3225.96
852.06	2938.02
852.24	2599.69
852.42	2971.60
852.60	3339.42
852.78	3361.54
852.96	2758.20
853.14	2834.80
853.33	3405.36
853.51	3089.16
853.69	2988.81
853.87	2890.09
854.05	3025.26
854.23	2761.07
854.41	2632.87
854.59	2777.05
854.77	3193.60
854.95	3031.40
855.13	2632.46
855.31	2895.01
855.49	2967.51
855.68	2914.26
855.86	2707.82
856.04	3119.06
856.22	2834.80
856.40	2990.03
856.58	2688.16
856.76	2856.51
856.94	2895.01
857.12	3058.03
857.30	2398.58
857.48	2710.28
857.66	3090.79
857.84	3610.16
858.02	2731.17
858.20	3052.70
858.38	2969.15
858.56	3035.91
858.74	2552.18
858.92	2637.37
859.10	3074.00
859.29	3082.19
859.47	2592.73
859.65	3055.57
859.83	3037.96
860.01	3001.91
860.19	2654.17
860.37	2752.47
860.55	3190.74
860.73	2947.03
860.91	2631.64
861.09	3117.01
861.27	3052.29
861.45	3169.44
861.63	2679.97
861.81	3017.89
861.99	2983.89
862.17	2887.64
862.35	2636.96
862.53	2699.22
862.71	3350.89
862.89	2950.71
863.07	2649.25
863.25	2906.48
863.43	3145.27
863.61	3237.84
863.79	3056.80
863.97	3019.93
864.15	3090.79
864.33	2870.02
864.51	2716.43
864.69	2548.08
864.87	3209.99
865.05	2942.11
865.23	2747.15
865.41	2763.53
865.59	3306.65
865.77	3060.89
865.95	2858.96
866.13	2498.11
866.30	3026.90
866.48	2849.95
866.66	2781.14
866.84	2807.36
867.02	3021.98
867.20	2863.47
867.38	2664.41
867.56	2743.05
867.74	3263.64
867.92	3071.13
868.10	2749.19
868.28	2645.16
868.46	3114.55
868.64	3241.12
868.82	2747.55
869.00	2699.63
869.18	2908.12
869.36	3305.42
869.54	3005.60
869.72	2991.67
869.89	3045.33
870.07	2935.15
870.25	2693.08
870.43	2842.99
870.61	2863.88
870.79	3031.40
870.97	2725.44
871.15	2884.77
871.33	3518.41
871.51	2987.99
871.69	2916.72
871.87	2780.73
872.05	3240.30
872.22	3276.34
872.40	2620.99
872.58	2898.69
872.76	3216.13
872.94	3184.59
873.12	2799.98
873.30	2508.76
873.48	3152.23
873.66	3064.99
873.84	2852.82
874.01	2693.49
874.19	3008.88
874.37	2922.86
874.55	2625.91
874.73	2744.28
874.91	3357.03
875.09	2861.01
875.27	2600.92
875.45	2781.96
875.62	3132.98
875.80	2977.34
875.98	2670.55
876.16	2939.24
876.34	3208.76
876.52	2815.96
876.70	3209.58
876.88	2656.22
877.05	3189.10
877.23	3160.02
877.41	2761.89
877.59	3276.34
877.77	3214.49
877.95	2832.34
878.13	2607.88
878.30	2628.36
878.48	3108.82
878.66	3150.19
878.84	2924.09
879.02	2662.36
879.20	3105.54
879.37	3122.74
879.55	2859.78
879.73	2920.40
879.91	3068.68
880.09	3042.46
880.27	3241.12
880.45	2704.55
880.62	3017.89
880.80	2959.72
880.98	2750.42
881.16	2772.54
881.34	3003.96
881.51	2863.47
881.69	2803.67
881.87	2684.48
882.05	3082.19
882.23	2771.72
882.41	2654.17
882.58	2792.61
882.76	3024.44
882.94	2895.83
883.12	3080.55
883.30	2938.02
883.47	3259.96
883.65	3053.93
883.83	2896.65
884.01	2750.01
884.19	3026.08
884.36	3012.15
884.54	2460.02
884.72	3013.79
884.90	2956.04
885.08	3206.30
885.25	3699.86
885.43	2689.39
885.61	2931.46
885.79	3038.78
885.97	3042.87
886.14	2961.36
886.32	2977.75
886.50	3404.13
886.68	2752.47
886.85	2703.73
887.03	3230.88
887.21	3115.37
887.39	2850.77
887.56	3123.56
887.74	3003.55
887.92	3002.32
888.10	2847.09
888.27	2879.44
888.45	3274.70
888.63	3294.77
888.81	2739.36
888.99	2728.71
889.16	2972.83
889.34	2965.46
889.52	2575.12
889.69	2768.03
889.87	3299.69
890.05	3006.83
890.23	2886.41
890.40	2674.24
890.58	3013.38
890.76	3098.58
890.94	2814.32
891.11	2752.06
891.29	3043.28
891.47	2891.32
891.65	3049.43
891.82	3038.37
892.00	2830.70
892.18	3134.21
892.35	2822.92
892.53	2829.88
892.71	3334.91
892.89	3206.71
893.06	2903.61
893.24	2819.64
893.42	2766.40
893.59	2941.29
893.77	2626.72
893.95	2788.51
894.13	2767.62
894.30	3267.33
894.48	2738.13
894.66	3298.46
894.83	2932.28
895.01	3109.64
895.19	3026.08
895.36	2797.12
895.54	3271.02
895.72	3145.27
895.89	2658.67
896.07	2713.15
896.25	3190.33
896.43	2918.77
896.60	3082.19
896.78	2879.85
896.96	3264.46
897.13	3152.23
897.31	2699.63
897.49	2869.61
897.66	3333.27
897.84	3027.72
898.02	2977.34
898.19	2931.87
898.37	2912.62
898.55	3207.53
898.72	2969.96
898.90	2919.99
899.07	3015.84
899.25	3089.98
899.43	3035.91
899.60	3522.51
899.78	2947.44
899.96	2746.33
900.13	2658.26
900.31	3017.48
900.49	2964.23
900.66	3332.45
900.84	3081.37
901.02	3030.99
901.19	3174.76
901.37	2929.82
901.54	2929.00
901.72	2647.20
901.90	3033.04
902.07	3073.59
902.25	2812.68
902.43	2811.45
902.60	3310.34
902.78	2744.28
902.95	2849.13
903.13	2777.86
903.31	2950.71
903.48	3015.84
903.66	2907.30
903.83	2981.02
904.01	3137.08
904.19	2927.37
904.36	2856.92
904.54	2625.50
904.71	3173.53
904.89	2874.94
905.07	2792.20
905.24	2772.54
905.42	3140.76
905.59	3231.29
905.77	3013.38
905.95	2891.32
906.12	2869.61
906.30	3055.98
906.47	2982.25
906.65	3260.37
906.82	3277.57
907.00	3320.58
907.18	2532.52
907.35	2718.06
907.53	3184.59
907.70	3140.76
907.88	2804.90
908.05	3927.18
908.23	3121.51
908.41	3146.09
908.58	2852.82
908.76	2503.44
908.93	3320.99
909.11	3137.49
909.28	2770.90
909.46	2770.90
909.63	3169.44
909.81	3154.28
909.99	2864.70
910.16	2647.20
910.34	2941.29
910.51	3089.57
910.69	2932.28
910.86	2604.20
911.04	3103.90
911.21	2661.54
911.39	3387.34
911.56	2650.07
911.74	3001.91
911.91	3036.73
912.09	2824.56
912.26	2750.83
912.44	2778.27
912.62	2849.13
912.79	2779.91
912.97	2931.46
913.14	3289.45
913.32	3152.23
913.49	2788.10
913.67	2901.56
913.84	2716.02
914.02	2849.54
914.19	2777.46
914.37	2878.62
914.54	2879.44
914.72	2661.95
914.89	2740.59
915.07	3132.98
915.24	2875.76
915.42	2972.01
915.59	2795.07
915.77	3041.64
915.94	3358.26
916.12	3341.47
916.29	2790.15
916.46	2900.74
916.64	3026.49
916.81	3314.43
916.99	2914.26
917.16	2782.78
917.34	3377.51
917.51	3207.94
917.69	2688.16
917.86	2625.91
918.04	2978.57
918.21	3296.41
918.39	2983.07
918.56	2827.43
918.74	2765.99
918.91	3374.23
919.08	2603.38
919.26	3086.70
919.43	3098.99
919.61	3008.88
919.78	2789.33
919.96	3196.47
920.13	3323.44
920.31	3040.00
920.48	2997.82
920.65	2880.26
920.83	3311.57
921.00	3113.73
921.18	2787.29
921.35	2936.38
921.53	2948.26
921.70	2918.36
921.88	2761.48
922.05	2663.18
922.22	2849.54
922.40	2998.64
922.57	2774.18
922.75	2510.81
922.92	3050.65
923.09	2981.02
923.27	2761.07
923.44	3233.74
923.62	2897.06
923.79	3248.90
923.96	2820.46
924.14	2632.46
924.31	3221.45
924.49	3018.71
924.66	2765.17
924.83	2903.20
925.01	3015.43
925.18	3365.22
925.36	3047.38
925.53	2665.23
925.70	2925.32
925.88	2759.02
926.05	2957.27
926.23	3003.96
926.40	3099.40
926.57	3095.71
926.75	2897.88
926.92	2611.98
927.09	3054.75
927.27	2839.71
927.44	2935.56
927.62	2709.46
927.79	3247.26
927.96	2870.43
928.14	2677.51
928.31	2919.99
928.48	3338.19
928.66	2954.40
928.83	2616.48
929.00	2843.81
929.18	2986.76
929.35	2996.59
929.52	3062.12
929.70	2736.91
929.87	2856.10
930.05	2854.46
930.22	2815.96
930.39	2899.92
930.57	2879.44
930.74	3378.33
930.91	2733.63
931.09	3017.89
931.26	3040.82
931.43	3163.70
931.61	2518.59
931.78	2873.30
931.95	3023.62
932.12	3339.83
932.30	2630.82
932.47	3051.88
932.64	2835.21
932.82	2802.85
932.99	2858.96
933.16	2787.70
933.34	2938.02
933.51	3121.92
933.68	2719.29
933.86	3078.10
934.03	3015.43
934.20	2867.16
934.38	3030.58
934.55	2637.78
934.72	3413.14
934.89	3199.75
935.07	2755.75
935.24	2925.32
935.41	2974.47
935.59	2985.94
935.76	2793.43
935.93	2877.40
936.10	2953.58
936.28	3022.80
936.45	2831.93
936.62	2822.10
936.79	3271.83
936.97	2916.31
937.14	2837.26
937.31	2954.81
937.49	2815.14
937.66	3084.65
937.83	3117.42
938.00	3025.67
938.18	3266.51
938.35	3161.24
938.52	2829.88
938.69	2838.08
938.87	2995.36
939.04	2994.54
939.21	2827.43
939.38	2818.41
939.56	2928.19
939.73	2664.41
939.90	2877.40
940.07	2784.42
940.25	2969.15
940.42	3006.42
940.59	2925.73
940.76	2765.99
940.94	2850.36
941.11	2848.31
941.28	2891.73
941.45	2989.62
941.62	3083.83
941.80	2815.55
941.97	3047.79
942.14	2615.67
942.31	3311.16
942.48	2873.30
942.66	2825.79
942.83	2985.53
943.00	2648.02
943.17	3202.61
943.35	3047.38
943.52	2883.54
943.69	2805.72
943.86	2870.84
944.03	2619.35
944.21	3225.14
944.38	2967.92
944.55	2965.46
944.72	2848.72
944.89	2686.12
945.06	2942.11
945.24	2861.01
945.41	3267.33
945.58	2887.64
945.75	3054.75
945.92	2825.79
946.10	3170.67
946.27	2571.02
946.44	2897.47
946.61	2895.83
946.78	3164.93
946.95	2627.13
947.13	2834.80
947.30	2909.34
947.47	2836.03
947.64	2943.34
947.81	3143.22
947.98	2937.61
948.16	2890.50
948.33	2852.82
948.50	2860.19
948.67	2888.46
948.84	3061.71
949.01	2756.98
949.18	2992.08
949.36	3175.58
949.53	2908.12
949.70	2824.15
949.87	3103.49
950.04	2810.22
950.21	3001.09
950.38	2745.92
950.56	2927.78
950.73	2986.35
950.90	2870.02
951.07	2996.59
951.24	3057.21
951.41	2953.58
951.58	2826.61
951.75	3004.37
951.92	2870.43
952.10	2883.95
952.27	2646.39
952.44	2979.79
952.61	3700.68
952.78	2965.46
952.95	2659.90
953.12	2992.08
953.29	2987.99
953.46	2816.78
953.64	3010.51
953.81	2683.66
953.98	3119.47
954.15	2840.12
954.32	2841.76
954.49	2634.51
954.66	2936.79
954.83	2893.37
955.00	2745.51
955.17	2915.08
955.34	2859.37
955.51	2933.92
955.69	3531.93
955.86	2858.55
956.03	2927.37
956.20	2983.07
956.37	2957.68
956.54	2710.28
956.71	3013.79
956.88	2878.62
957.05	2812.27
957.22	2716.84
957.39	3112.50
957.56	2761.07
957.73	2738.95
957.90	2714.38
958.07	3189.92
958.24	3127.25
958.41	2688.98
958.59	2900.74
958.76	3163.29
958.93	3238.25
959.10	2841.76
959.27	2742.64
959.44	3221.86
959.61	2844.22
959.78	2956.45
959.95	2830.70
960.12	3230.88
960.29	3059.67
960.46	2763.53
960.63	2519.41
960.80	2960.54
960.97	3030.17
961.14	2622.22
961.31	2891.32
961.48	3287.81
961.65	3080.55
961.82	2891.73
961.99	2892.14
962.16	2883.54
962.33	3014.61
962.50	3015.02
962.67	2683.66
962.84	2997.00
963.01	2796.71
963.18	2693.08
963.35	2704.96
963.52	3127.66
963.69	2955.22
963.86	3158.79
964.03	2992.08
964.20	3347.20
964.37	3078.51
964.54	3072.77
964.71	2870.02
964.88	2961.77
965.05	2992.90
965.22	2796.30
965.39	2926.96
965.56	2882.31
965.73	2875.76
965.90	3070.72
966.07	2734.04
966.24	2987.17
966.41	2923.68
966.58	2892.96
966.74	3105.13
966.91	3380.79
967.08	3309.11
967.25	2706.19
967.42	2790.56
967.59	3214.08
967.76	2786.47
967.93	2959.31
968.10	2855.69
968.27	2987.58
968.44	3015.43
968.61	2817.19
968.78	2627.13
968.95	2860.60
969.12	2925.32
969.29	2926.55
969.46	2646.79
969.62	3287.81
969.79	2811.86
969.96	2648.43
970.13	2660.72
970.30	3088.75
970.47	3036.32
970.64	3029.76
970.81	2883.95
970.98	3070.31
971.15	2957.68
971.32	2528.42
971.49	3100.22
971.65	3185.82
971.82	2996.59
971.99	2899.51
972.16	3067.04
972.33	2969.96
972.50	2938.84
972.67	2926.14
972.84	2933.51
973.01	2847.91
973.17	3162.47
973.34	3025.67
973.51	3033.86
973.68	3024.85
973.85	2879.03
974.02	2917.95
974.19	2782.78
974.36	3078.10
974.53	3181.72
974.69	2972.42
974.86	2742.23
975.03	3296.41
975.20	2847.91
975.37	3031.40
975.54	2942.11
975.71	3118.24
975.87	2995.36
976.04	3076.05
976.21	2843.40
976.38	3068.68
976.55	2955.22
976.72	2748.78
976.89	3094.07
977.05	3117.01
977.22	3298.05
977.39	2596.41
977.56	2998.23
977.73	3012.56
977.90	2762.30
978.06	2926.14
978.23	2922.45
978.40	2839.30
978.57	3277.57
978.74	3053.52
978.91	3015.02
979.07	2889.27
979.24	3110.45
979.41	2861.01
979.58	2854.46
979.75	3255.86
979.91	2779.91
980.08	2573.48
980.25	2916.72
980.42	3114.55
980.59	2961.36
980.75	2704.14
980.92	2793.84
981.09	2952.35
981.26	3118.24
981.43	3097.35
981.59	2849.13
981.76	2908.93
981.93	2890.50
982.10	2784.83
982.27	2745.51
982.43	3098.58
982.60	2849.13
982.77	2647.20
982.94	2802.44
983.11	2838.48
983.27	2742.64
983.44	2884.36
983.61	2881.08
983.78	3315.25
983.94	3228.42
984.11	2717.65
984.28	2956.45
984.45	3260.78
984.61	2691.44
984.78	2716.84
984.95	2704.14
985.12	3049.84
985.28	3242.75
985.45	2737.72
985.62	2775.82
985.79	2926.55
985.95	2847.91
986.12	2594.78
986.29	2820.46
986.46	3253.40
986.62	3213.26
986.79	2852.00
986.96	2644.75
987.13	3051.47
987.29	3291.50
987.46	2856.10
987.63	2847.50
987.80	2786.88
987.96	3416.01
988.13	2763.94
988.30	2781.55
988.46	2904.43
988.63	3172.71
988.80	2279.80
988.97	2265.87
989.13	3048.61
989.30	3087.52
989.47	2179.86
989.63	2231.06
989.80	3296.82
989.97	3083.83
990.13	2458.38
990.30	2838.48
990.47	2959.31
990.64	2928.19
990.80	2258.91
990.97	2433.40
991.14	2853.64
991.30	3064.99
991.47	2374.41
991.64	2378.51
991.80	2987.99
991.97	2937.61
992.14	2235.97
992.30	2884.36
992.47	2840.94
992.64	3045.74
992.80	2325.67
992.97	2299.46
993.14	3421.75
993.30	3930.05
993.47	2337.14
993.64	2408.00
993.80	3274.70
993.97	2971.60
994.14	2503.44
994.30	2798.75
994.47	3156.74
994.64	2986.35
994.80	2623.04
994.97	2422.34
995.14	3185.41
995.30	3036.73
995.47	2503.85
995.63	2574.71
995.80	3028.13
995.97	3459.02
996.13	2382.61
996.30	2422.34
996.47	2960.95
996.63	3594.59
996.80	2899.92
996.97	2556.27
997.13	3099.81
997.30	3291.09
997.46	2338.37
997.63	2666.86
997.80	3238.25
997.96	3126.43
998.13	2383.43
998.29	2400.22
998.46	2990.85
998.63	2892.14
998.79	2291.27
998.96	2595.60
999.12	3256.27
999.29	2956.45
999.46	2510.81
999.62	2772.54
999.79	3153.87
999.95	3027.31
1000.12	2405.13
1000.29	2458.38
1000.45	3117.01
1000.62	3140.36
1000.78	2488.28
1000.95	2420.29
1001.11	3097.76
1001.28	3098.58
1001.45	2371.96
1001.61	2805.31
1001.78	3145.68
1001.94	3214.90
1002.11	2509.17
1002.27	2770.90
1002.44	3233.33
1002.61	3137.90
1002.77	2414.56
1002.94	2322.40
1003.10	3076.46
1003.27	3162.88
1003.43	2413.74
1003.60	2539.48
1003.76	2979.38
1003.93	3061.71
1004.10	2561.19
1004.26	2713.97
1004.43	3189.92
1004.59	3448.78
1004.76	2401.04
1004.92	2456.74
1005.09	3437.72
1005.25	3250.54
1005.42	2403.91
1005.58	2723.39
1005.75	3209.17
1005.91	3087.52
1006.08	2764.76
1006.24	2340.42
1006.41	3010.92
1006.57	3021.57
1006.74	2389.98
1006.90	2562.01
1007.07	2937.61
1007.23	3443.45
1007.40	2525.56
1007.56	2334.27
1007.73	2848.72
1007.89	3173.12
1008.06	2726.26
1008.22	2599.69
1008.39	3051.06
1008.55	2953.58
1008.72	2550.95
1008.88	2439.95
1009.05	2928.60
1009.21	3246.03
1009.38	2207.30
1009.54	2437.49
1009.71	3370.55
1009.87	3397.99
1010.04	2212.63
1010.20	2686.94
1010.37	2725.44
1010.53	3282.89
1010.70	2527.60
1010.86	2323.63
1011.03	2848.72
1011.19	2860.19
1011.35	2631.64
1011.52	2506.30
1011.68	2983.07
1011.85	2964.64
1012.01	2750.01
1012.18	2634.10
1012.34	2940.06
1012.51	2998.64
1012.67	2485.01
1012.83	2558.73
1013.00	3202.20
1013.16	2898.69
1013.33	2382.20
1013.49	2942.93
1013.66	3148.96
1013.82	3480.32
1013.99	2494.02
1014.15	2593.96
1014.31	3196.88
1014.48	3129.71
1014.64	2625.09
1014.81	2531.29
1014.97	2891.73
1015.13	3275.52
1015.30	2516.95
1015.46	2600.10
1015.63	2867.16
1015.79	2967.51
1015.95	2297.00
1016.12	2401.45
1016.28	2976.93
1016.45	3021.16
1016.61	2528.01
1016.77	2577.16
1016.94	2897.47
1017.10	3181.31
1017.27	2512.86
1017.43	2349.84
1017.59	2940.06
1017.76	3134.62
1017.92	2370.32
1018.09	2292.91
1018.25	3296.41
1018.41	3196.06
1018.58	2585.36
1018.74	2577.16
1018.90	3026.08
1019.07	3063.35
1019.23	2369.91
1019.40	2422.34
1019.56	3065.40
1019.72	2802.85
1019.89	2620.58
1020.05	3006.83
1020.21	3215.31
1020.38	3023.62
1020.54	2300.69
1020.70	2506.71
1020.87	3032.22
1021.03	3196.47
1021.19	2486.23
1021.36	2249.49
1021.52	3173.94
1021.68	3447.14
1021.85	3032.63
1022.01	2572.66
1022.17	3075.64
1022.34	3085.06
1022.50	2397.35
1022.66	2572.25
1022.83	3250.13
1022.99	3126.02
1023.15	2364.18
1023.32	2637.78
1023.48	3067.45
1023.64	2959.72
1023.81	2305.19
1023.97	2701.68
1024.13	3049.84
1024.30	2962.59
1024.46	2650.07
1024.62	2527.19
1024.79	3141.58
1024.95	3260.37
1025.11	2315.43
1025.27	2551.36
1025.44	2852.82
1025.60	2968.33
1025.76	2541.12
1025.93	2398.58
1026.09	2998.23
1026.25	2990.03
1026.41	2497.70
1026.58	2347.38
1026.74	2906.89
1026.90	3293.54
1027.07	2647.20
1027.23	2365.40
1027.39	3024.85
1027.55	3325.90
1027.72	2494.84
1027.88	2616.08
1028.04	3024.85
1028.20	3199.75
1028.37	2186.41
1028.53	2588.63
1028.69	2875.35
1028.85	3196.06
1029.02	2681.20
1029.18	2412.92
1029.34	2883.95
1029.50	3154.69
1029.67	2701.68
1029.83	2490.33
1029.99	3125.20
1030.15	3001.91
1030.32	2385.88
1030.48	2623.86
1030.64	2974.06
1030.80	3388.16
1030.97	2717.24
1031.13	2503.44
1031.29	3323.85
1031.45	3218.59
1031.61	2435.03
1031.78	2440.36
1031.94	3403.72
1032.10	3110.86
1032.26	2621.40
1032.42	2555.05
1032.59	3275.52
1032.75	2978.57
1032.91	2526.78
1033.07	2544.40
1033.24	2854.87
1033.40	3635.14
1033.56	2557.50
1033.72	2356.39
1033.88	3147.32
1034.04	3525.37
1034.21	2621.40
1034.37	2637.78
1034.53	3109.23
1034.69	2899.51
1034.85	2459.20
1035.02	2489.51
1035.18	2966.28
1035.34	3239.48
1035.50	2319.12
1035.66	2625.50
1035.82	3050.65
1035.99	3305.42
1036.15	2450.60
1036.31	2736.91
1036.47	3169.44
1036.63	3647.43
1036.79	2910.57
1036.96	2753.29
1037.12	3309.11
1037.28	2963.41
1037.44	2185.59
1037.60	2431.76
1037.76	3087.52
1037.92	3036.73
1038.09	2255.22
1038.25	2819.23
1038.41	3250.13
1038.57	3250.95
1038.73	2444.46
1038.89	2398.17
1039.05	3225.14
1039.22	3139.13
1039.38	2454.29
1039.54	2892.14
1039.70	3141.99
1039.86	3259.55
1040.02	2503.85
1040.18	2541.94
1040.34	3086.70
1040.51	3212.44
1040.67	3373.82
1040.83	2818.82
1040.99	3253.81
1041.15	3407.00
1041.31	2405.54
1041.47	2696.36
1041.63	3064.17
