345.74	1443.82
345.96	1443.82
346.17	1443.82
346.39	1434.81
346.60	1416.38
346.81	2573.48
347.03	2593.55
347.24	3246.85
347.46	3257.91
347.67	2726.26
347.89	2509.17
348.10	3051.06
348.32	2947.85
348.53	2546.44
348.75	2578.39
348.96	2889.68
349.18	3252.17
349.39	2562.42
349.61	2572.66
349.82	3119.47
350.04	3069.91
350.25	2501.39
350.47	2680.38
350.68	3152.23
350.90	3334.09
351.11	2473.13
351.32	2608.29
351.54	3304.19
351.75	3333.27
351.97	2578.39
352.18	2537.43
352.40	2921.22
352.61	3280.03
352.83	2708.64
353.04	2435.03
353.26	3235.79
353.47	3021.16
353.69	2630.82
353.90	2537.02
354.11	2834.80
354.33	3452.06
354.54	2292.50
354.76	2641.88
354.97	2870.84
355.19	3184.18
355.40	2443.23
355.62	3008.47
355.83	3037.14
356.04	3135.85
356.26	2446.91
356.47	2677.10
356.69	2843.40
356.90	3564.69
357.12	2585.36
357.33	2398.58
357.55	2983.89
357.76	3010.51
357.97	2344.51
358.19	2614.44
358.40	2832.75
358.62	3302.55
358.83	2438.72
359.05	2782.37
359.26	2935.97
359.47	3074.00
359.69	2698.81
359.90	2910.57
360.12	2846.68
360.33	2999.46
360.55	2452.24
360.76	2770.90
360.97	3182.13
361.19	3349.25
361.40	2471.08
361.62	2641.06
361.83	3318.12
362.04	3361.13
362.26	2563.65
362.47	2628.36
362.69	2935.56
362.90	3098.99
363.12	2455.51
363.33	2551.77
363.54	3147.73
363.76	3261.60
363.97	2611.98
364.19	2585.77
364.40	3398.40
364.61	2996.18
364.83	2378.51
365.04	2734.45
365.26	3012.15
365.47	3353.34
365.68	2583.31
365.90	2635.74
366.11	3022.39
366.33	3333.27
366.54	2467.80
366.75	2444.87
366.97	2797.93
367.18	2913.03
367.40	2729.53
367.61	2570.20
367.82	3039.19
368.04	3194.42
368.25	2661.13
368.46	2618.12
368.68	2981.84
368.89	3414.37
369.11	2594.78
369.32	2688.57
369.53	3390.62
369.75	3137.90
369.96	2949.89
370.18	2641.47
370.39	2956.04
370.60	3036.32
370.82	2536.20
371.03	2549.31
371.24	3441.41
371.46	2927.78
371.67	2628.77
371.88	2507.53
372.10	2811.86
372.31	2767.22
372.53	2380.56
372.74	2553.00
372.95	2886.41
373.17	2875.35
373.38	2807.36
373.59	2720.11
373.81	3043.69
374.02	3317.30
374.23	2449.37
374.45	2953.99
374.66	3111.27
374.88	3028.54
375.09	2530.47
375.30	2931.46
375.52	3033.86
375.73	3318.53
375.94	2445.27
376.16	2822.51
376.37	3196.88
376.58	3197.29
376.80	2802.03
377.01	2780.32
377.22	3659.31
377.44	3203.43
377.65	2697.58
377.86	2320.35
378.08	3074.41
378.29	2882.31
378.50	2704.14
378.72	2414.56
378.93	3469.67
379.14	3239.48
379.36	3001.91
379.57	2618.12
379.78	2765.17
380.00	3198.93
380.21	2326.08
380.42	2330.59
380.64	2721.34
380.85	2771.72
381.06	2698.81
381.28	2568.97
381.49	3510.63
381.70	2908.53
381.92	2544.40
382.13	2676.70
382.34	3504.89
382.56	3354.98
382.77	2610.34
382.98	2632.87
383.19	3172.71
383.41	3090.79
383.62	2549.72
383.83	2680.38
384.05	3017.48
384.26	3144.04
384.47	2709.46
384.69	2614.85
384.90	3082.19
385.11	3390.62
385.33	2530.06
385.54	2764.35
385.75	2847.50
385.96	3257.50
386.18	3163.70
386.39	2646.39
386.60	2937.20
386.82	3348.43
387.03	2686.12
387.24	2677.92
387.45	2938.43
387.67	2898.69
387.88	2765.99
388.09	2713.15
388.31	2959.31
388.52	3042.87
388.73	3055.16
388.94	2575.12
389.16	3282.07
389.37	2886.82
389.58	2701.27
389.80	2552.59
390.01	2891.73
390.22	3167.80
390.43	2727.89
390.65	2711.92
390.86	2992.08
391.07	3221.45
391.29	2636.55
391.50	2325.26
391.71	3260.37
391.92	3236.61
392.14	2698.40
392.35	2784.42
392.56	2865.52
392.77	3155.51
392.99	2673.83
393.20	2466.57
393.41	2959.31
393.62	2977.34
393.84	2516.54
394.05	2674.24
394.26	3105.13
394.47	3348.84
394.69	2863.47
394.90	2899.51
395.11	3042.87
395.32	2960.13
395.54	2560.78
395.75	2452.24
395.96	2867.57
396.17	3452.88
396.39	3017.48
396.60	2555.46
396.81	3110.45
397.02	3024.85
397.24	2797.12
397.45	2986.35
397.66	2919.99
397.87	3253.40
398.09	2740.59
398.30	2507.94
398.51	3169.44
398.72	2899.51
398.94	2580.03
399.15	3053.93
399.36	3167.80
399.57	3224.32
399.79	2736.09
400.00	2949.89
400.21	2742.23
400.42	3155.51
400.63	2672.60
400.85	2845.86
401.06	3015.84
401.27	3079.74
401.48	3200.98
401.70	2632.87
401.91	3451.24
402.12	3241.93
402.33	2903.20
402.54	2526.37
402.76	3038.37
402.97	3359.90
403.18	2627.54
403.39	2611.16
403.60	3142.81
403.82	2987.17
404.03	2289.63
404.24	2600.51
404.45	3132.16
404.66	3403.31
404.88	2397.35
405.09	3104.72
405.30	3110.86
405.51	3077.69
405.73	2559.14
405.94	2517.77
406.15	2962.59
406.36	2965.05
406.57	2663.59
406.78	2543.58
407.00	3051.47
407.21	3309.52
407.42	2469.44
407.63	2955.63
407.84	3169.85
408.06	3044.51
408.27	2473.13
408.48	2596.82
408.69	3073.18
408.90	2948.26
409.12	2488.28
409.33	2596.82
409.54	2741.82
409.75	2983.48
409.96	2636.15
410.17	2801.21
410.39	2820.87
410.60	3394.30
410.81	2689.39
411.02	2854.87
411.23	4757.84
411.44	2821.69
411.66	2670.96
411.87	2992.49
412.08	3409.05
412.29	2806.54
412.50	2589.86
412.71	2527.19
412.93	2833.98
413.14	2947.44
413.35	2739.77
413.56	2600.10
413.77	3060.89
413.98	3036.73
414.20	2534.57
414.41	2729.12
414.62	2990.85
414.83	2824.15
415.04	2580.44
415.25	2733.63
415.46	3341.88
415.68	2962.18
415.89	2430.94
416.10	2715.20
416.31	2725.44
416.52	3136.67
416.73	2661.95
416.94	2604.20
417.16	3069.50
417.37	3061.30
417.58	2805.31
417.79	2478.04
418.00	3029.36
418.21	2950.71
418.42	2759.43
418.64	2548.49
418.85	2782.78
419.06	3014.61
419.27	2533.75
419.48	2708.64
419.69	3019.93
419.90	2804.90
420.11	2494.02
420.33	2511.63
420.54	3409.87
420.75	3179.27
420.96	2394.08
421.17	2790.56
421.38	2996.59
421.59	2856.51
421.80	2452.24
422.02	2674.65
422.23	2974.88
422.44	3186.23
422.65	2530.88
422.86	2627.13
423.07	2830.29
423.28	3049.43
423.49	2274.88
423.70	2670.96
423.92	2815.14
424.13	3266.92
424.34	2437.90
424.55	2469.44
424.76	3264.05
424.97	3287.40
425.18	2492.79
425.39	2736.91
425.60	2796.30
425.81	2929.82
426.03	2688.57
426.24	2543.99
426.45	2979.38
426.66	3470.90
426.87	2608.29
427.08	2825.79
427.29	3051.47
427.50	3017.07
427.71	2530.47
427.92	2544.81
428.13	2792.61
428.34	2896.65
428.56	2862.65
428.77	2779.09
428.98	3554.45
429.19	3104.72
429.40	2768.03
429.61	2651.71
429.82	3092.02
430.03	2932.69
430.24	2750.01
430.45	2384.65
430.66	3160.83
430.87	2994.95
431.08	2641.06
431.30	2466.98
431.51	3030.17
431.72	3090.79
431.93	2781.14
432.14	2501.80
432.35	3039.19
432.56	3358.26
432.77	2585.36
432.98	2633.69
433.19	2976.93
433.40	3003.96
433.61	2469.85
433.82	2675.88
434.03	2793.84
434.24	2902.38
434.45	3171.07
434.66	3093.66
434.87	3149.78
435.09	2996.59
435.30	2705.37
435.51	2814.32
435.72	3089.57
435.93	2799.98
436.14	2707.01
436.35	2595.19
436.56	3126.02
436.77	2988.40
436.98	2524.33
437.19	2792.20
437.40	3378.74
437.61	3091.20
437.82	2662.77
438.03	2616.08
438.24	2967.51
438.45	3080.14
438.66	2457.97
438.87	2437.08
439.08	2961.77
439.29	2865.11
439.50	2854.05
439.71	3125.61
439.92	2742.23
440.13	2704.96
440.34	2649.25
440.55	2820.87
440.76	2768.44
440.97	3156.74
441.18	2836.44
441.39	2562.42
441.60	2904.02
441.81	2770.49
442.02	2653.35
442.23	2615.67
442.44	3089.57
442.65	2829.47
442.86	2812.68
443.07	2830.70
443.28	2926.55
443.49	2974.88
443.70	2823.74
443.91	2520.64
444.12	2781.96
444.33	2858.55
444.54	2871.66
444.75	2694.31
444.96	3119.47
445.17	3199.75
445.38	2985.12
445.59	2710.28
445.80	2929.82
446.01	2754.52
446.22	3086.29
446.43	2621.40
446.64	2710.28
446.85	2864.29
447.06	2727.48
447.27	2696.36
447.48	3194.83
447.69	2814.73
447.90	2800.80
448.11	2385.47
448.32	2910.16
448.53	2834.39
448.74	2839.71
448.95	2682.84
449.16	2813.91
449.37	2966.28
449.58	2612.80
449.79	2541.12
450.00	2580.03
450.21	2799.57
450.42	2706.60
450.63	2647.20
450.84	2721.34
451.05	2666.05
451.26	2761.89
451.47	2795.07
451.68	3019.93
451.89	2818.41
452.10	2729.12
452.30	2982.25
452.51	2835.62
452.72	2588.22
452.93	2726.67
453.14	2783.60
453.35	2812.27
453.56	3051.47
453.77	2764.76
453.98	2618.94
454.19	3091.61
454.40	2779.09
454.61	2682.02
454.82	2772.54
455.03	2518.18
455.24	2683.66
455.45	2725.44
455.66	2941.70
455.87	2823.33
456.07	2713.15
456.28	2585.77
456.49	2457.56
456.70	2972.83
456.91	2764.76
457.12	2503.85
457.33	2593.14
457.54	2937.20
457.75	3012.15
457.96	2954.40
458.17	2749.19
458.38	2775.00
458.59	2604.20
458.79	2521.87
459.00	2372.78
459.21	2740.59
459.42	2645.57
459.63	2544.81
459.84	2434.63
460.05	3606.47
460.26	2860.19
460.47	2727.89
460.68	2519.00
460.89	3014.61
461.09	3041.23
461.30	2774.18
461.51	2578.39
461.72	3086.29
461.93	2917.95
462.14	2686.53
462.35	2401.45
462.56	2953.58
462.77	2521.05
462.98	2915.49
463.18	2687.75
463.39	2897.06
463.60	3058.03
463.81	2682.84
464.02	3126.43
464.23	2891.32
464.44	3386.52
464.65	2664.00
464.86	2491.97
465.06	2468.62
465.27	2711.10
465.48	2448.96
465.69	2614.85
465.90	2906.48
466.11	2763.12
466.32	2499.34
466.53	2468.62
466.74	2954.40
466.94	2769.26
467.15	2730.35
467.36	2534.16
467.57	3060.89
467.78	2887.23
467.99	2736.91
468.20	3117.01
468.40	2730.76
468.61	2670.14
468.82	2653.35
469.03	3065.40
469.24	3017.48
469.45	2768.44
469.66	2756.16
469.86	2624.27
470.07	2989.22
470.28	2764.76
470.49	2514.91
470.70	2615.26
470.91	2761.07
471.12	2925.32
471.32	2657.85
471.53	2627.13
471.74	2915.49
471.95	2854.87
472.16	2594.78
472.37	2726.67
472.58	2949.08
472.78	2697.17
472.99	2674.24
473.20	2641.06
473.41	2782.78
473.62	2654.17
473.83	3126.43
474.03	2859.37
474.24	2808.99
474.45	2842.99
474.66	2640.24
474.87	2724.21
475.08	2752.06
475.28	2980.20
475.49	2949.48
475.70	2572.66
475.91	2974.47
476.12	2886.82
476.32	2634.10
476.53	2710.69
476.74	2960.54
476.95	2793.84
477.16	2608.29
477.37	2796.71
477.57	2900.33
477.78	2755.34
477.99	2619.35
478.20	2651.71
478.41	3148.55
478.61	3001.50
478.82	2906.07
479.03	2691.44
479.24	2957.27
479.45	2804.49
479.65	2682.02
479.86	2812.68
480.07	2984.30
480.28	2708.23
480.49	3760.07
480.69	2624.68
480.90	2885.18
481.11	2783.19
481.32	2414.96
481.53	2739.36
481.73	2916.31
481.94	2821.28
482.15	2666.05
482.36	2707.01
482.57	2771.31
482.77	3122.33
482.98	2901.15
483.19	2733.22
483.40	2651.71
483.60	2809.40
483.81	2804.49
484.02	2847.91
484.23	2723.39
484.44	2576.75
484.64	2747.96
484.85	2641.06
485.06	2854.87
485.27	2798.75
485.47	2797.93
485.68	2732.81
485.89	2903.20
486.10	3152.23
486.31	3013.79
486.51	2770.90
486.72	2864.70
486.93	2785.65
487.14	2679.56
487.34	2554.64
487.55	2812.27
487.76	2940.06
487.97	2809.40
488.17	2664.00
488.38	2821.28
488.59	2784.83
488.80	2960.54
489.00	2825.79
489.21	3001.09
489.42	2739.36
489.63	2963.00
489.83	2785.65
490.04	2800.39
490.25	2729.94
490.46	2728.30
490.66	2940.88
490.87	2837.67
491.08	2734.45
491.29	2592.73
491.49	2652.94
491.70	2864.29
491.91	2872.07
492.11	2832.75
492.32	2772.54
492.53	2526.37
492.74	3050.24
492.94	3081.37
493.15	2867.57
493.36	2825.79
493.57	2789.33
493.77	2762.71
493.98	2903.61
494.19	3081.37
494.39	2918.36
494.60	2533.75
494.81	2546.85
495.02	3065.81
495.22	3053.52
495.43	2550.54
495.64	2483.37
495.84	2638.60
496.05	3229.65
496.26	2868.79
496.47	2893.78
496.67	3203.43
496.88	2863.47
497.09	2786.88
497.29	2494.02
497.50	2566.51
497.71	2977.75
497.91	2505.48
498.12	2889.68
498.33	2804.08
498.54	2937.61
498.74	2708.64
498.95	2552.59
499.16	2946.21
499.36	2726.67
499.57	2575.12
499.78	2581.26
499.98	2700.45
500.19	2721.34
500.40	2612.39
500.60	2969.15
500.81	2812.27
501.02	2980.61
501.22	3265.69
501.43	2541.53
501.64	2795.48
501.85	2957.27
502.05	3364.81
502.26	2605.43
502.47	3255.86
502.67	2762.30
502.88	2752.88
503.09	2870.43
503.29	2598.46
503.50	2773.77
503.71	3074.00
503.91	2727.89
504.12	2765.58
504.33	2709.05
504.53	2776.64
504.74	2791.79
504.95	3077.69
505.15	2840.94
505.36	2958.91
505.56	2678.74
505.77	3256.27
505.98	2538.66
506.18	3039.19
506.39	2567.74
506.60	2682.02
506.80	2994.54
507.01	2748.78
507.22	2777.46
507.42	2993.31
507.63	2628.36
507.84	2877.81
508.04	2422.75
508.25	3082.19
508.45	3296.41
508.66	2708.23
508.87	2601.74
509.07	2962.18
509.28	2862.65
509.49	2687.34
509.69	2983.07
509.90	2839.71
510.11	2683.25
510.31	2670.96
510.52	2613.62
510.72	2824.15
510.93	2820.87
511.14	2593.96
511.34	2539.48
511.55	2716.43
511.76	3280.44
511.96	3170.67
512.17	2785.65
512.37	2926.14
512.58	2806.54
512.79	2604.20
512.99	2762.30
513.20	2837.67
513.40	3008.88
513.61	2842.99
513.82	2634.51
514.02	2586.58
514.23	2748.78
514.43	3200.16
514.64	2771.31
514.85	2915.08
515.05	2972.01
515.26	2797.12
515.46	2912.62
515.67	3015.84
515.88	2681.61
516.08	3187.05
516.29	2762.30
516.49	2831.93
516.70	2786.88
516.91	2755.34
517.11	2813.50
517.32	2828.24
517.52	2939.24
517.73	2691.03
517.93	2984.30
518.14	2974.47
518.35	2681.20
518.55	2543.58
518.76	2967.51
518.96	3109.23
519.17	2554.64
519.38	2806.95
519.58	2976.93
519.79	2843.40
519.99	2829.88
520.20	2741.41
520.40	2683.25
520.61	3054.75
520.82	3256.68
521.02	3069.09
521.23	2876.17
521.43	2990.03
521.64	2682.84
521.84	2705.78
522.05	2727.08
522.25	2603.38
522.46	2682.84
522.67	2789.33
522.87	3054.34
523.08	3114.14
523.28	2830.70
523.49	3163.29
523.69	2824.97
523.90	2810.63
524.10	2949.48
524.31	2721.34
524.51	2977.75
524.72	3015.43
524.93	2975.29
525.13	2759.43
525.34	2721.34
525.54	2854.87
525.75	3097.76
525.95	2464.94
526.16	3050.65
526.36	2890.09
526.57	3103.49
526.77	2410.05
526.98	3216.54
527.18	2748.78
527.39	2722.98
527.59	3107.18
527.80	2793.84
528.00	2980.20
528.21	2942.11
528.42	2818.00
528.62	2838.48
528.83	2783.19
529.03	3353.75
529.24	2953.58
529.44	2651.30
529.65	2944.16
529.85	2824.97
530.06	3220.23
530.26	2831.93
530.47	3055.57
530.67	3145.27
530.88	2633.28
531.08	2887.64
531.29	2787.29
531.49	2692.26
531.70	2874.53
531.90	2537.43
532.11	2828.24
532.31	2847.91
532.52	2909.75
532.72	2491.15
532.93	2967.10
533.13	2645.57
533.34	2627.54
533.54	2919.58
533.75	2673.01
533.95	2633.69
534.16	2704.96
534.36	2791.38
534.57	2874.53
534.77	3124.38
534.97	2933.92
535.18	2618.12
535.38	2797.53
535.59	2685.71
535.79	2752.06
536.00	2647.61
536.20	2749.60
536.41	2490.33
536.61	2840.94
536.82	2630.41
537.02	2758.20
537.23	2858.96
537.43	2985.53
537.64	2609.11
537.84	2951.53
538.05	2893.78
538.25	2976.52
538.45	2707.41
538.66	2926.55
538.86	2770.08
539.07	2609.93
539.27	2708.23
539.48	2754.93
539.68	2976.93
539.89	2750.01
540.09	3223.09
540.29	2968.74
540.50	2480.91
540.70	2964.23
540.91	2712.33
541.11	2997.00
541.32	2704.96
541.52	2845.45
541.73	2769.67
541.93	2653.35
542.13	2957.68
542.34	2634.10
542.54	2773.77
542.75	2872.48
542.95	3460.66
543.16	2807.77
543.36	2860.60
543.56	2829.06
543.77	2922.45
543.97	2960.54
544.18	2788.92
544.38	2919.58
544.59	2774.59
544.79	2697.17
544.99	3178.45
545.20	3325.08
545.40	2702.50
545.61	2745.10
545.81	2924.09
546.01	3158.79
546.22	2874.12
546.42	2837.67
546.63	2652.53
546.83	2955.63
547.04	2811.04
547.24	2895.83
547.44	2645.57
547.65	2917.54
547.85	2604.20
548.06	2611.16
548.26	2754.52
548.46	3489.33
548.67	2906.07
548.87	2856.51
549.08	2722.98
549.28	2754.52
549.48	2860.19
549.69	3090.38
549.89	2621.40
550.09	3196.06
550.30	3151.00
550.50	2519.00
550.71	2648.02
550.91	2872.07
551.11	2549.31
551.32	3072.36
551.52	2605.84
551.73	3035.50
551.93	2635.74
552.13	3062.12
552.34	3156.74
552.54	2634.10
552.74	2947.85
552.95	2729.53
553.15	2820.87
553.35	2965.05
553.56	2902.79
553.76	3062.94
553.97	2829.06
554.17	2946.62
554.37	2732.40
554.58	2953.58
554.78	2813.91
554.98	2857.74
555.19	2764.76
555.39	2849.54
555.59	2614.03
555.80	2886.41
556.00	2824.97
556.20	2921.63
556.41	2758.20
556.61	2758.20
556.82	2669.73
557.02	2949.89
557.22	2769.67
557.43	2617.71
557.63	2874.53
557.83	2829.06
558.04	3228.42
558.24	2721.34
558.44	2919.58
558.65	2657.44
558.85	2557.09
559.05	2807.36
559.26	2754.11
559.46	2643.93
559.66	2623.04
559.87	2779.91
560.07	2948.26
560.27	3194.42
560.48	3130.93
560.68	2956.86
560.88	2688.16
561.08	2983.48
561.29	3051.06
561.49	2678.74
561.69	2738.13
561.90	3212.03
562.10	2803.26
562.30	3289.86
562.51	2910.98
562.71	2811.45
562.91	3212.85
563.12	2759.84
563.32	2726.67
563.52	2979.38
563.72	2774.59
563.93	2815.55
564.13	2748.37
564.33	3187.87
564.54	2870.43
564.74	2796.71
564.94	2920.81
565.15	2691.03
565.35	2862.65
565.55	3186.64
565.75	2585.77
565.96	2870.02
566.16	2909.34
566.36	2752.47
566.57	2743.46
566.77	3269.38
566.97	2972.42
567.17	3106.77
567.38	2683.25
567.58	2870.43
567.78	2949.48
567.99	3313.61
568.19	2831.52
568.39	2987.99
568.59	3132.57
568.80	2970.78
569.00	3100.22
569.20	2938.84
569.40	2712.33
569.61	3098.17
569.81	2938.84
570.01	2816.37
570.21	2721.34
570.42	3259.14
570.62	2691.85
570.82	2674.24
571.02	2615.26
571.23	2734.45
571.43	3127.25
571.63	2699.22
571.84	2531.29
572.04	2675.06
572.24	3074.00
572.44	2946.21
572.64	2819.23
572.85	2854.05
573.05	3090.38
573.25	3213.67
573.45	2481.73
573.66	3449.19
573.86	2727.08
574.06	2895.01
574.26	2987.17
574.47	2824.15
574.67	3067.04
574.87	2579.21
575.07	2824.15
575.28	2820.87
575.48	2883.95
575.68	2923.68
575.88	2728.30
576.08	3082.60
576.29	2889.68
576.49	2936.38
576.69	3021.57
576.89	2777.86
577.10	2863.06
577.30	3096.53
577.50	2829.06
577.70	2678.74
577.90	3165.75
578.11	3106.36
578.31	2619.35
578.51	3018.71
578.71	2640.24
578.91	3001.50
579.12	2990.44
579.32	2965.46
579.52	4693.53
579.72	2809.81
579.92	2874.12
580.13	3003.96
580.33	3298.05
580.53	2912.62
580.73	2768.03
580.93	2946.21
581.14	2864.29
581.34	3057.21
581.54	2672.19
581.74	2983.48
581.94	2788.10
582.15	3130.93
582.35	2637.78
582.55	2890.50
582.75	3423.38
582.95	2884.36
583.15	3154.28
583.36	3133.39
583.56	2966.69
583.76	2756.16
583.96	3010.92
584.16	3042.46
584.37	2886.41
584.57	2967.51
584.77	2656.22
584.97	2867.98
585.17	2974.06
585.37	2991.67
585.57	3042.05
585.78	2614.03
585.98	2804.90
586.18	2802.44
586.38	2763.12
586.58	2631.64
586.78	2744.69
586.99	2748.37
587.19	2949.89
587.39	2840.53
587.59	2677.92
587.79	2812.27
587.99	2949.08
588.19	2920.40
588.40	3004.78
588.60	2742.23
588.80	3293.95
589.00	2689.80
589.20	2957.68
589.40	3168.62
589.60	2700.04
589.81	2872.48
590.01	2780.32
590.21	3282.89
590.41	2714.79
590.61	2897.47
590.81	2689.39
591.01	3199.34
591.22	2854.46
591.42	3363.17
591.62	3049.84
591.82	2879.85
592.02	2931.05
592.22	2919.17
592.42	3555.68
592.62	2955.22
592.82	2889.27
593.03	3062.53
593.23	2861.01
593.43	3124.38
593.63	2813.50
593.83	2795.48
594.03	3225.14
594.23	3108.41
594.43	2711.51
594.63	2667.68
594.84	2884.77
595.04	3184.59
595.24	3006.83
595.44	2709.05
595.64	2950.71
595.84	3040.00
596.04	2981.02
596.24	2835.62
596.44	2898.69
596.64	2676.70
596.84	2819.64
597.05	2899.92
597.25	3058.85
597.45	3060.07
597.65	2736.91
597.85	2828.24
598.05	2940.47
598.25	2713.15
598.45	2740.59
598.65	2907.30
598.85	2821.28
599.05	3291.90
599.25	2884.36
599.46	2569.38
599.66	3063.76
599.86	2777.46
600.06	2963.82
600.26	2811.86
600.46	2945.39
600.66	3097.35
600.86	3031.81
601.06	2811.45
601.26	2727.48
601.46	3115.78
601.66	2865.93
601.86	2740.18
602.06	2906.89
602.26	2762.71
602.46	2631.23
602.66	2766.40
602.87	2816.78
603.07	3019.12
603.27	2893.78
603.47	2826.61
603.67	3427.07
603.87	3198.52
604.07	2870.84
604.27	3058.44
604.47	2826.20
604.67	2701.27
604.87	2872.48
605.07	2818.00
605.27	2890.09
605.47	2681.61
605.67	2893.37
605.87	2887.23
606.07	3190.74
606.27	2804.90
606.47	2759.84
606.67	2665.64
606.87	2673.42
607.07	2931.87
607.27	2737.72
607.47	2940.88
607.67	2978.98
607.87	2750.01
608.07	2963.00
608.27	3062.94
608.47	2668.50
608.67	3186.23
608.87	2899.51
609.07	3063.76
609.27	2842.99
609.47	2969.55
609.67	2910.16
609.87	2988.40
610.07	2931.46
610.27	5352.98
610.47	2795.48
610.67	2981.02
610.87	2807.77
611.07	3318.94
611.27	2834.80
611.47	3010.10
611.67	3076.05
611.87	2805.31
612.07	2789.33
612.27	2832.34
612.47	2742.64
612.67	2910.57
612.87	2937.61
613.07	2695.13
613.27	2814.32
613.47	2961.77
613.67	2913.03
613.87	2916.31
614.07	2777.46
614.27	2733.22
614.47	2858.96
614.67	2937.20
614.87	2820.46
615.07	2822.51
615.27	2761.07
615.47	2776.64
615.67	3057.21
615.87	2646.39
616.07	2936.79
616.27	2960.13
616.47	2748.78
616.67	2727.89
616.87	2883.13
617.07	2662.77
617.27	2904.43
617.47	2822.51
617.66	2941.29
617.86	2857.33
618.06	2694.72
618.26	2659.90
618.46	2911.39
618.66	3165.75
618.86	3093.25
619.06	2914.26
619.26	2936.79
619.46	2817.19
619.66	3079.74
619.86	3014.61
620.06	2935.56
620.26	3075.64
620.46	3819.87
620.66	3447.96
620.85	3044.10
621.05	3278.39
621.25	2943.34
621.45	2801.62
621.65	3111.68
621.85	2828.24
622.05	3088.75
622.25	2790.15
622.45	2742.23
622.65	2815.96
622.85	2685.30
623.05	2931.05
623.25	2937.61
623.44	3161.24
623.64	2597.64
623.84	2821.28
624.04	2650.89
624.24	2953.17
624.44	2964.23
624.64	2896.65
624.84	2901.97
625.04	2803.26
625.24	2749.60
625.43	2795.48
625.63	3130.53
625.83	2875.35
626.03	2695.13
626.23	2878.62
626.43	2870.02
626.63	2736.50
626.83	2964.23
627.03	3055.16
627.22	2799.57
627.42	2863.88
627.62	2616.48
627.82	2884.77
628.02	2792.20
628.22	2700.86
628.42	2858.96
628.62	2588.63
628.82	2710.28
629.01	3329.18
629.21	2724.21
629.41	3085.88
629.61	2977.34
629.81	2852.41
630.01	3062.53
630.21	3240.30
630.40	3023.62
630.60	3000.68
630.80	2961.77
631.00	3084.24
631.20	3035.50
631.40	2922.86
631.60	2930.23
631.79	2768.85
631.99	3039.19
632.19	2949.48
632.39	2868.39
632.59	2983.89
632.79	2881.49
632.99	4969.19
633.18	2906.89
633.38	2827.84
633.58	2929.41
633.78	2799.98
633.98	2735.68
634.18	2815.96
634.37	3549.13
634.57	3004.37
634.77	3964.46
634.97	2811.86
635.17	2953.99
635.37	3263.23
635.56	2844.63
635.76	3136.26
635.96	2837.67
636.16	2912.21
636.36	2842.99
636.56	2707.01
636.75	2829.47
636.95	3050.65
637.15	2808.58
637.35	2840.94
637.55	3155.10
637.74	3059.26
637.94	2775.00
638.14	2930.23
638.34	2926.14
638.54	2509.17
638.73	2945.39
638.93	3037.96
639.13	2993.72
639.33	2990.03
639.53	2708.23
639.73	2751.65
639.92	2861.83
640.12	2722.57
640.32	2742.64
640.52	3054.34
640.71	2661.95
640.91	2913.85
641.11	2831.52
641.31	2827.02
641.51	2804.49
641.70	3009.29
641.90	3041.23
642.10	2898.69
642.30	2947.03
642.50	2975.70
642.69	2908.12
642.89	2782.78
643.09	2852.00
643.29	2995.36
643.48	2970.37
643.68	2958.09
643.88	3176.40
644.08	2489.51
644.28	2989.22
644.47	3007.24
644.67	2665.64
644.87	2670.55
645.07	2918.36
645.26	2800.39
645.46	2717.65
645.66	2854.46
645.86	2932.69
646.05	3203.84
646.25	2931.87
646.45	3024.44
646.65	3002.32
646.84	2989.62
647.04	2816.78
647.24	2919.58
647.44	2929.00
647.63	2890.91
647.83	3039.19
648.03	3013.38
648.23	2834.80
648.42	2939.24
648.62	2619.76
648.82	2588.63
649.02	2828.24
649.21	2861.01
649.41	3162.06
649.61	3118.65
649.80	2621.40
650.00	3302.14
650.20	2821.69
650.40	2808.58
650.59	3178.45
650.79	2766.40
650.99	3352.93
651.18	2854.05
651.38	2717.24
651.58	2955.63
651.78	2995.77
651.97	2938.84
652.17	2799.98
652.37	3085.88
652.56	2954.81
652.76	3019.53
652.96	2743.05
653.16	3051.47
653.35	3057.62
653.55	3097.35
653.75	2691.03
653.94	3101.03
654.14	2824.97
654.34	2897.88
654.54	2696.36
654.73	3140.76
654.93	2863.06
655.13	3072.77
655.32	2901.97
655.52	2871.25
655.72	2917.54
655.91	2784.01
656.11	2579.62
656.31	3048.61
656.50	2917.54
656.70	2838.89
656.90	2619.35
657.09	3065.40
657.29	2861.83
657.49	2819.23
657.68	2541.53
657.88	2916.72
658.08	2828.24
658.27	3248.49
658.47	2932.28
658.67	3008.06
658.86	2856.92
659.06	2930.23
659.26	2820.05
659.45	2819.64
659.65	2871.25
659.85	2924.91
660.04	2910.57
660.24	2790.56
660.44	2874.53
660.63	2878.22
660.83	3037.96
661.03	3113.32
661.22	2750.83
661.42	3012.15
661.62	2851.18
661.81	3017.48
662.01	2682.43
662.21	2665.23
662.40	2734.45
662.60	3296.00
662.79	2634.51
662.99	3116.60
663.19	2802.03
663.38	2999.86
663.58	2966.69
663.78	3071.54
663.97	2858.96
664.17	3017.89
664.36	2769.67
664.56	3068.27
664.76	2615.67
664.95	2923.27
665.15	2981.02
665.35	2945.39
665.54	3200.98
665.74	3083.83
665.93	3324.26
666.13	2901.56
666.33	2870.43
666.52	2873.71
666.72	3021.16
666.91	2705.78
667.11	2713.56
667.31	2996.59
667.50	2786.88
667.70	3076.05
667.89	2967.92
668.09	3247.26
668.29	2912.21
668.48	2870.43
668.68	3488.92
668.87	2895.42
669.07	2647.61
669.27	3113.73
669.46	2605.84
669.66	2780.32
669.85	2584.13
670.05	3079.74
670.25	2841.35
670.44	2813.91
670.64	2958.09
670.83	3192.78
671.03	2929.41
671.22	2978.98
671.42	2998.64
671.62	2663.59
671.81	2793.43
672.01	3019.12
672.20	2780.32
672.40	2977.75
672.59	3202.61
672.79	3084.65
672.99	2738.54
673.18	3082.19
673.38	3013.38
673.57	3212.03
673.77	3032.63
673.96	2781.55
674.16	2863.47
674.36	3154.69
674.55	2892.55
674.75	3053.93
674.94	2788.10
675.14	3076.46
675.33	3076.05
675.53	3000.27
675.72	2729.94
675.92	3404.95
676.11	3062.12
676.31	2826.61
676.50	2863.06
676.70	3144.04
676.90	2865.52
677.09	3004.78
677.29	2908.12
677.48	2962.59
677.68	2952.35
677.87	2794.66
678.07	2872.89
678.26	3072.36
678.46	2926.55
678.65	2830.70
678.85	2828.65
679.04	3078.51
679.24	2742.64
679.43	2752.06
679.63	2584.13
679.82	3332.45
680.02	3474.58
680.21	2975.29
680.41	2598.87
680.60	3126.43
680.80	3400.04
680.99	3081.78
681.19	3097.35
681.38	3156.74
681.58	2908.93
681.77	3350.07
681.97	2798.34
682.16	3240.30
682.36	3210.81
682.55	3007.24
682.75	2767.22
682.94	3124.38
683.14	3003.14
683.33	2605.43
683.53	3215.72
683.72	3189.92
683.92	2946.62
684.11	3230.88
684.31	2809.40
684.50	2856.10
684.70	2882.31
684.89	2848.31
685.09	2597.64
685.28	2884.36
685.48	2839.71
685.67	2852.82
685.87	2775.00
686.06	3070.31
686.26	3073.59
686.45	2820.05
686.64	2710.69
686.84	2815.55
687.03	3098.99
687.23	2831.11
687.42	2946.62
687.62	2859.37
687.81	3171.89
688.01	2966.69
688.20	2990.44
688.40	3353.34
688.59	3164.52
688.78	3055.98
688.98	3075.64
689.17	3283.30
689.37	2922.04
689.56	2915.49
689.76	3086.29
689.95	3294.36
690.15	2866.75
690.34	3286.58
690.53	2902.79
690.73	2917.54
690.92	2842.17
691.12	2921.22
691.31	3164.93
691.51	3273.47
691.70	3209.17
691.89	2871.66
692.09	2742.64
692.28	3102.26
692.48	3037.14
692.67	3174.35
692.87	2932.69
693.06	2974.06
693.25	2936.79
693.45	2955.22
693.64	3040.00
693.84	3164.52
694.03	2986.35
694.22	2889.68
694.42	2825.38
694.61	2958.09
694.81	4566.15
695.00	2979.38
695.19	2882.72
695.39	3294.77
695.58	3169.03
695.78	3004.37
695.97	2910.98
696.16	3528.24
696.36	3335.32
696.55	3006.01
696.75	2807.36
696.94	2880.26
697.13	3478.27
697.33	2916.72
697.52	3116.19
697.71	3123.97
697.91	3240.30
698.10	3601.97
698.30	2925.73
698.49	3310.75
698.68	2877.81
698.88	2951.53
699.07	3029.76
699.26	3735.50
699.46	3108.82
699.65	3246.44
699.85	3083.01
700.04	2996.18
700.23	2833.98
700.43	3116.60
700.62	2975.70
700.81	3205.48
701.01	2958.50
701.20	3125.20
701.39	3069.91
701.59	3160.02
701.78	3008.88
701.98	3020.75
702.17	2967.51
702.36	3219.82
702.56	3336.55
702.75	3076.05
702.94	3177.63
703.14	4785.69
703.33	3169.44
703.52	6848.82
703.72	2963.00
703.91	3305.01
704.10	3071.13
704.30	2981.43
704.49	2923.27
704.68	3167.80
704.88	3590.09
705.07	3469.67
705.26	3121.92
705.46	3114.96
705.65	3164.93
705.84	3026.90
706.03	3126.84
706.23	3219.82
706.42	3156.74
706.61	3182.95
706.81	3436.49
707.00	3518.00
707.19	3216.13
707.39	3475.81
707.58	3010.51
707.77	3236.61
707.97	3669.14
708.16	3275.52
708.35	3316.89
708.55	3251.76
708.74	3291.50
708.93	3703.14
709.12	3324.67
709.32	3455.33
709.51	3588.04
709.70	3506.94
709.90	3440.59
710.09	3334.91
710.28	3402.90
710.47	3167.80
710.67	3274.29
710.86	3762.12
711.05	3146.09
711.25	3231.69
711.44	3080.55
711.63	3571.25
711.82	3653.58
712.02	4068.09
712.21	3349.25
712.40	3524.55
712.59	3754.75
712.79	3780.55
712.98	3363.17
713.17	3810.04
713.37	3527.83
713.56	3343.51
713.75	3335.73
713.94	3664.23
714.14	3500.80
714.33	3738.77
714.52	3341.06
714.71	3559.37
714.91	3618.35
715.10	3779.32
715.29	3462.30
715.48	3658.08
715.68	3887.04
715.87	3506.12
716.06	3705.19
716.25	3683.48
716.45	3831.34
716.64	3731.81
716.83	3742.46
717.02	4120.51
717.21	3800.21
717.41	4188.10
717.60	4062.35
717.79	3645.38
717.98	3695.35
718.18	3805.95
718.37	3658.08
718.56	4379.38
718.75	4196.29
718.94	3858.78
719.14	3574.93
719.33	4055.39
719.52	3989.85
719.71	3790.38
719.91	3742.05
720.10	4414.60
720.29	4007.06
720.48	3832.57
720.67	4057.44
720.87	4493.24
721.06	3807.17
721.25	4197.11
721.44	3770.72
721.63	4223.73
721.83	4373.64
722.02	3797.75
722.21	4061.53
722.40	4126.66
722.59	4292.13
722.79	4153.69
722.98	4291.72
723.17	4057.44
723.36	4076.69
723.55	3948.48
723.74	3877.21
723.94	4388.39
724.13	4143.86
724.32	4120.51
724.51	4254.45
724.70	4426.07
724.90	4300.73
725.09	4576.39
725.28	4454.33
725.47	4491.20
725.66	4487.51
725.85	4378.97
726.05	4519.05
726.24	4597.28
726.43	4562.46
726.62	4725.48
726.81	4309.75
727.00	4544.44
727.20	4813.55
727.39	4661.18
727.58	4420.34
727.77	4537.48
727.96	4632.10
728.15	5019.57
728.34	4702.14
728.54	4790.20
728.73	5026.94
728.92	4737.77
729.11	4769.31
729.30	4784.87
729.49	5080.19
729.68	5001.55
729.88	4871.30
730.07	4673.46
730.26	4794.70
730.45	5444.32
730.64	5512.31
730.83	4925.36
731.02	4609.98
731.21	5349.29
731.41	5259.18
731.60	4745.14
731.79	5116.24
731.98	5628.23
732.17	5526.65
732.36	4874.58
732.55	4833.62
732.74	5805.99
732.93	5524.60
733.13	5221.09
733.32	5162.93
733.51	5543.03
733.70	6077.14
733.89	5422.61
734.08	5458.25
734.27	5553.27
734.46	5963.68
734.65	5345.61
734.85	5528.70
735.04	5789.20
735.23	6032.50
735.42	5594.23
735.61	5206.76
735.80	5953.45
735.99	6302.42
736.18	6433.08
736.37	5543.44
736.56	6337.23
736.75	6092.71
736.94	5903.07
737.14	5704.41
737.33	6252.86
737.52	6164.39
737.71	6110.73
737.90	6133.67
738.09	6727.58
738.28	6469.53
738.47	6435.95
738.66	6415.88
738.85	6785.74
739.04	6539.98
739.23	6584.63
739.42	6057.07
739.61	6814.82
739.80	6681.29
740.00	6496.98
740.19	6438.40
740.38	6866.43
740.57	6802.53
740.76	6615.76
740.95	6748.88
741.14	7513.18
741.33	7749.10
741.52	6968.01
741.71	6821.37
741.90	7525.47
742.09	7740.50
742.28	7095.39
742.47	6850.05
742.66	7570.52
742.85	7400.13
743.04	7186.73
743.23	7476.31
743.42	7926.05
743.61	7814.23
743.80	7453.79
743.99	7299.37
744.18	8244.71
744.37	8054.25
744.56	7768.76
744.75	7563.56
744.94	8543.31
745.13	8380.70
745.32	7656.13
745.51	8071.86
745.71	8599.83
745.90	8454.42
746.09	8297.96
746.28	8320.90
746.47	8871.39
746.66	8950.85
746.85	8707.96
747.04	8614.99
747.23	9116.33
747.42	9536.16
747.61	8617.03
747.80	9185.55
747.99	9441.96
748.18	9160.15
748.36	8968.06
748.55	9534.93
748.74	10032.18
748.93	9897.83
749.12	9394.03
749.31	9553.77
749.50	9897.42
749.69	10204.62
749.88	9607.84
750.07	9589.00
750.26	10725.21
750.45	10160.79
750.64	9717.20
750.83	9951.49
751.02	10575.30
751.21	10819.42
751.40	10408.60
751.59	10457.34
751.78	11131.53
751.97	11181.50
752.16	10927.96
752.35	10993.91
752.54	11505.08
752.73	11584.95
752.92	10986.12
753.11	11442.82
753.30	11516.96
753.49	11498.93
753.68	11585.36
753.87	11548.09
754.05	12191.97
754.24	12067.86
754.43	11991.68
754.62	11673.83
754.81	12997.23
755.00	12740.41
755.19	11986.35
755.38	12369.32
755.57	12964.46
755.76	13005.83
755.95	12705.19
756.14	12251.77
756.33	13212.68
756.52	13163.52
756.70	12817.42
756.89	12969.79
757.08	13634.97
757.27	13520.28
757.46	13178.68
757.65	12950.54
757.84	13789.38
758.03	13558.78
758.22	13307.70
758.41	13407.64
758.60	13696.81
758.79	13922.09
758.97	13944.21
759.16	13954.04
759.35	14297.69
759.54	14222.32
759.73	13743.51
759.92	13697.63
760.11	14142.04
760.30	14363.22
760.49	13978.21
760.67	13977.39
760.86	14608.57
761.05	14929.28
761.24	14118.70
761.43	13794.71
761.62	14880.54
761.81	14762.17
762.00	14274.34
762.19	14085.11
762.37	15064.86
762.56	15029.63
762.75	14198.16
762.94	14498.80
763.13	14547.95
763.32	14716.29
763.51	14071.59
763.70	14217.41
763.88	15132.85
764.07	14756.84
764.26	14157.61
764.45	14017.94
764.64	14761.76
764.83	14839.58
765.02	14069.55
765.20	14174.81
765.39	14521.33
765.58	14762.17
765.77	14237.89
765.96	14322.67
766.15	14264.10
766.33	14171.12
766.52	13954.45
766.71	13590.73
766.90	14338.65
767.09	13869.66
767.28	13224.14
767.46	13284.35
767.65	13531.75
767.84	13615.31
768.03	13062.76
768.22	12811.68
768.41	13110.69
768.59	13061.94
768.78	12573.71
768.97	12633.10
769.16	13232.34
769.35	12624.09
769.54	12329.18
769.72	12103.09
769.91	12513.91
770.10	12836.26
770.29	11634.51
770.48	11735.68
770.66	12171.90
770.85	11982.26
771.04	11641.06
771.23	11059.03
771.42	11875.35
771.60	11767.63
771.79	10966.87
771.98	10672.78
772.17	11230.24
772.36	11112.28
772.54	10214.86
772.73	10228.38
772.92	10737.91
773.11	10292.27
773.30	9975.66
773.48	9637.33
773.67	10079.69
773.86	9888.82
774.05	9417.79
774.23	9491.93
774.42	9779.05
774.61	9677.88
774.80	8908.66
774.99	8589.18
775.17	9285.90
775.36	8935.70
775.55	8408.14
775.74	8300.42
775.92	8782.92
776.11	8337.28
776.30	8270.93
776.49	7657.76
776.67	8116.51
776.86	7654.49
777.05	7432.90
777.24	7293.64
777.42	7831.43
777.61	7463.21
777.80	7353.03
777.99	6896.33
778.17	7299.78
778.36	7217.45
778.55	6601.01
778.74	6797.62
778.92	6891.41
779.11	7190.42
779.30	6355.67
779.49	6157.83
779.67	6689.89
779.86	6482.64
780.05	5853.09
780.24	5801.08
780.42	6444.96
780.61	6247.94
780.80	5785.92
780.98	5432.03
781.17	6000.55
781.36	5828.11
781.55	5559.83
781.73	5314.89
781.92	5900.61
782.11	5656.90
782.29	5099.85
782.48	5117.46
782.67	5813.36
782.86	5599.56
783.04	4925.36
783.23	4885.22
783.42	5410.32
783.60	5389.43
783.79	4757.02
783.98	4560.83
784.16	5280.07
784.35	5085.11
784.54	4621.04
784.73	4399.45
784.91	4935.60
785.10	4675.92
785.29	4444.50
785.47	4555.50
785.66	4948.30
785.85	4509.22
786.03	4132.39
786.22	3973.47
786.41	4817.64
786.59	4621.04
786.78	3886.23
786.97	3930.05
787.15	4564.92
787.34	4444.91
787.53	3906.30
787.71	3950.12
787.90	4339.65
788.09	4351.93
788.27	4121.33
788.46	3755.16
788.65	4329.00
788.83	4154.10
789.02	3514.31
789.21	3502.44
789.39	3903.02
789.58	4278.62
789.77	3572.07
789.95	3407.00
790.14	4386.75
790.33	3922.27
790.51	3248.90
790.70	3737.54
790.88	3931.69
791.07	3910.39
791.26	3930.87
791.44	3387.34
791.63	3802.26
791.82	3955.86
792.00	3182.54
792.19	3394.30
792.38	4199.56
792.56	3814.14
792.75	3475.40
792.93	3564.28
793.12	3917.76
793.31	3719.11
793.49	3483.59
793.68	3179.68
793.86	3602.79
794.05	4036.14
794.24	3192.37
794.42	3260.37
794.61	3649.48
794.80	3501.21
794.98	3454.92
795.17	3183.36
795.35	3780.55
795.54	3637.60
795.73	3212.03
795.91	3774.00
796.10	3673.65
796.28	3724.44
796.47	2885.59
796.66	2904.43
796.84	3989.85
797.03	3425.43
797.21	2784.01
797.40	3083.01
797.58	3755.97
797.77	3408.64
797.96	3290.68
798.14	3499.16
798.33	3773.18
798.51	3537.66
798.70	2793.43
798.88	3019.53
799.07	3366.45
799.26	3422.57
799.44	3009.69
799.63	2992.49
799.81	3172.71
800.00	3343.10
800.18	3291.90
800.37	3002.32
800.56	3213.67
800.74	3296.00
800.93	2833.16
801.11	2915.90
801.30	3386.52
801.48	3290.27
801.67	3000.27
801.85	2946.21
802.04	3387.75
802.22	3179.68
802.41	2871.25
802.60	3058.03
802.78	3397.17
802.97	3039.19
803.15	2955.63
803.34	2871.66
803.52	3294.77
803.71	3324.26
803.89	2605.84
804.08	3176.81
804.26	3496.70
804.45	3165.34
804.63	2894.19
804.82	2818.41
805.00	3175.58
805.19	3536.43
805.37	2731.99
805.56	2716.02
805.74	3574.12
805.93	3080.96
806.11	2937.20
806.30	2611.98
806.48	3137.08
806.67	3266.92
806.85	2913.03
807.04	2734.45
807.22	3040.82
807.41	3157.15
807.59	3137.49
807.78	2658.67
807.96	3459.84
808.15	3118.65
808.33	2970.78
808.52	3084.24
808.70	3369.32
808.89	3291.50
809.07	3336.55
809.26	2761.89
809.44	3137.90
809.63	3347.20
809.81	3094.48
810.00	2900.33
810.18	3200.57
810.37	3143.63
810.55	2910.16
810.74	2869.20
810.92	3436.08
811.11	3421.75
811.29	2419.88
811.48	2694.31
811.66	2972.42
811.84	2942.52
812.03	2879.85
812.21	2872.48
812.40	3081.78
812.58	2798.34
812.77	2935.15
812.95	2692.67
813.14	3076.05
813.32	2935.97
813.51	2716.43
813.69	2738.13
813.87	2924.91
814.06	3116.60
814.24	2772.95
814.43	2512.04
814.61	3152.64
814.80	3188.69
814.98	2592.73
815.16	2701.68
815.35	3397.17
815.53	3575.34
815.72	2736.50
815.90	2652.12
816.09	3067.45
816.27	3087.52
816.45	2786.06
816.64	2691.03
816.82	3508.58
817.01	2850.77
817.19	2617.30
817.37	2833.98
817.56	3255.04
817.74	2835.21
817.93	3003.55
818.11	2733.63
818.30	3008.06
818.48	2841.76
818.66	2758.61
818.85	2679.97
819.03	3038.37
819.21	2964.64
819.40	2875.76
819.58	3191.14
819.77	3045.74
819.95	3059.67
820.13	3110.86
820.32	2439.95
820.50	3339.01
820.69	3308.70
820.87	2670.14
821.05	2535.39
821.24	3078.10
821.42	3138.72
821.60	2659.49
821.79	2937.20
821.97	3171.07
822.16	3420.11
822.34	2584.54
822.52	2768.85
822.71	3382.43
822.89	3178.45
823.07	2867.98
823.26	2546.85
823.44	2950.30
823.62	2893.37
823.81	2798.34
823.99	2461.66
824.18	3181.31
824.36	2870.02
824.54	2855.28
824.73	2874.53
824.91	3393.07
825.09	3168.62
825.28	2952.76
825.46	2944.98
825.64	3276.34
825.83	3018.30
826.01	2856.92
826.19	2598.05
826.38	2960.54
826.56	3038.78
826.74	2575.94
826.93	2725.03
827.11	3056.39
827.29	3110.05
827.48	2728.71
827.66	2700.45
827.84	3151.00
828.03	2956.86
828.21	2475.18
828.39	2452.65
828.57	3325.08
828.76	3215.72
828.94	2591.09
829.12	3016.66
829.31	3062.94
829.49	2981.43
829.67	2555.05
829.86	2691.44
830.04	2942.93
830.22	3111.68
830.40	2602.15
830.59	2734.45
830.77	3119.06
830.95	3128.07
831.14	3083.01
831.32	2511.22
831.50	2967.51
831.69	3036.73
831.87	2952.35
832.05	2743.87
832.23	3010.92
832.42	3224.73
832.60	2567.74
832.78	2543.17
832.96	4484.23
833.15	3207.94
833.33	2598.05
833.51	3004.37
833.70	3117.42
833.88	3083.01
834.06	2811.86
834.24	2648.02
834.43	3426.25
834.61	2989.22
834.79	2860.19
834.97	3097.35
835.16	3216.95
835.34	2946.21
835.52	2967.10
835.70	2620.58
835.89	3035.09
836.07	3314.43
836.25	2902.38
836.43	2562.01
836.62	2994.13
836.80	3239.89
836.98	2627.95
837.16	2603.38
837.34	2973.24
837.53	3238.25
837.71	2719.29
837.89	3028.95
838.07	3096.12
838.26	3221.45
838.44	2782.78
838.62	3334.50
838.80	3105.95
838.99	3198.93
839.17	2563.65
839.35	2776.23
839.53	3153.87
839.71	3259.14
839.90	2553.41
840.08	2756.57
840.26	3246.03
840.44	3169.03
840.62	2942.11
840.81	2483.37
840.99	3561.01
841.17	3026.90
841.35	2779.91
841.53	2622.22
841.72	3306.24
841.90	3080.55
842.08	2622.22
842.26	2546.44
842.44	3057.62
842.63	3343.10
842.81	3060.89
842.99	2814.32
843.17	3119.06
843.35	3088.75
843.53	2964.23
843.72	2766.40
843.90	3195.65
844.08	2965.87
844.26	2718.47
844.44	2710.28
844.62	3349.25
844.81	3205.89
844.99	3054.34
845.17	2665.64
845.35	3151.82
845.53	3030.58
845.71	4810.27
845.90	2750.01
846.08	3008.06
846.26	2931.87
846.44	2475.18
846.62	2714.79
846.80	3041.23
846.98	2839.71
847.17	3875.58
847.35	3169.03
847.53	3133.39
847.71	3111.68
847.89	3124.38
848.07	2598.87
848.25	3007.65
848.44	2881.49
848.62	2942.93
848.80	2656.63
848.98	3003.55
849.16	3080.96
849.34	2968.33
849.52	2714.79
849.70	3083.42
849.89	3192.78
850.07	2810.22
850.25	2953.17
850.43	3012.97
850.61	3160.43
850.79	2538.25
850.97	2717.24
851.15	3238.25
851.33	3026.90
851.52	2611.16
851.70	3114.55
851.88	3275.52
852.06	2945.80
852.24	2633.69
852.42	2943.34
852.60	3337.37
852.78	3406.59
852.96	2765.58
853.14	2868.39
853.33	3363.99
853.51	3064.58
853.69	2925.32
853.87	2840.12
854.05	3020.75
854.23	2765.99
854.41	2640.24
854.59	2795.07
854.77	3205.48
854.95	3082.19
855.13	2679.97
855.31	2887.64
855.49	2956.86
855.68	2933.92
855.86	2682.02
856.04	3126.02
856.22	2876.58
856.40	2997.41
856.58	2677.51
856.76	2866.75
856.94	2891.32
857.12	3053.52
857.30	2443.23
857.48	2693.49
857.66	3159.20
857.84	3612.21
858.02	2732.81
858.20	3048.20
858.38	2961.36
858.56	3015.02
858.74	2565.29
858.92	2666.46
859.10	3092.43
859.29	3101.85
859.47	2549.72
859.65	3049.02
859.83	3053.11
860.01	3035.09
860.19	2669.73
860.37	2809.81
860.55	3194.42
860.73	2938.43
860.91	2633.69
861.09	3142.81
861.27	3099.40
861.45	3166.16
861.63	2684.89
861.81	3065.40
861.99	3025.67
862.17	2911.80
862.35	2618.94
862.53	2718.88
862.71	3350.89
862.89	2981.43
863.07	2630.00
863.25	2940.88
863.43	3148.55
863.61	3276.34
863.79	3022.39
863.97	2971.60
864.15	3091.20
864.33	2864.29
864.51	2715.20
864.69	2562.01
864.87	3200.16
865.05	2985.53
865.23	2740.59
865.41	2769.67
865.59	3294.36
865.77	3098.17
865.95	2860.19
866.13	2457.15
866.30	3034.68
866.48	2842.58
866.66	2820.87
866.84	2825.79
867.02	3029.76
867.20	2882.31
867.38	2641.47
867.56	2729.12
867.74	3283.71
867.92	3064.99
868.10	2775.82
868.28	2628.77
868.46	3092.02
868.64	3234.15
868.82	2738.95
869.00	2680.38
869.18	2938.02
869.36	3341.47
869.54	3066.63
869.72	2982.66
869.89	3089.98
870.07	2960.54
870.25	2751.24
870.43	2899.92
870.61	2872.48
870.79	3012.15
870.97	2681.61
871.15	2918.36
871.33	3594.59
871.51	3033.45
871.69	2953.99
871.87	2793.43
872.05	3221.86
872.22	3256.27
872.40	2616.89
872.58	2916.72
872.76	3230.47
872.94	3160.43
873.12	2802.85
873.30	2523.10
873.48	3169.03
873.66	3082.60
873.84	2875.35
874.01	2752.88
874.19	2988.40
874.37	2918.77
874.55	2609.52
874.73	2713.15
874.91	3364.81
875.09	2894.60
875.27	2611.98
875.45	2739.77
875.62	3128.48
875.80	2969.96
875.98	2693.08
876.16	2928.19
876.34	3169.03
876.52	2806.13
876.70	3162.06
876.88	2602.56
877.05	3259.14
877.23	3169.03
877.41	2798.34
877.59	3284.94
877.77	3183.36
877.95	2818.82
878.13	2596.01
878.30	2614.85
878.48	3089.57
878.66	3191.55
878.84	2967.51
879.02	2700.86
879.20	3125.20
879.37	3159.61
879.55	2865.52
879.73	2921.22
879.91	3086.70
880.09	3069.09
880.27	3279.62
880.45	2708.23
880.62	3016.66
880.80	2924.91
880.98	2811.04
881.16	2779.50
881.34	2987.58
881.51	2881.90
881.69	2797.53
881.87	2660.72
882.05	3037.14
882.23	2796.30
882.41	2668.50
882.58	2791.38
882.76	3073.59
882.94	2924.91
883.12	3060.07
883.30	2938.84
883.47	3302.96
883.65	3083.83
883.83	2903.20
884.01	2705.78
884.19	3055.57
884.36	2993.72
884.54	2466.98
884.72	3021.57
884.90	2960.54
885.08	3205.48
885.25	3651.53
885.43	2718.88
885.61	2899.51
885.79	3007.24
885.97	2987.58
886.14	2980.20
886.32	3014.61
886.50	3386.11
886.68	2753.29
886.85	2706.19
887.03	3276.34
887.21	3130.12
887.39	2843.40
887.56	3097.35
887.74	3028.95
887.92	3010.92
888.10	2831.11
888.27	2900.33
888.45	3282.48
888.63	3319.76
888.81	2772.13
888.99	2751.65
889.16	2932.28
889.34	2951.53
889.52	2549.72
889.69	2833.16
889.87	3280.44
890.05	3018.71
890.23	2856.51
890.40	2666.86
890.58	3055.98
890.76	3097.76
890.94	2802.44
891.11	2769.26
891.29	3070.72
891.47	2893.37
891.65	3047.38
891.82	3060.89
892.00	2856.92
892.18	3112.09
892.35	2814.73
892.53	2826.61
892.71	3304.19
892.89	3231.29
893.06	2871.25
893.24	2810.22
893.42	2786.06
893.59	2979.38
893.77	2673.01
893.95	2786.06
894.13	2752.47
894.30	3277.16
894.48	2752.88
894.66	3390.21
894.83	2938.84
895.01	3090.79
895.19	3002.32
895.36	2801.21
895.54	3285.76
895.72	3118.65
895.89	2697.99
896.07	2730.35
896.25	3162.88
896.43	2925.32
896.60	3087.52
896.78	2898.69
896.96	3253.81
897.13	3183.77
897.31	2692.67
897.49	2907.71
897.66	3340.65
897.84	3012.15
898.02	3022.39
898.19	2903.20
898.37	2976.11
898.55	3151.00
898.72	2990.44
898.90	2919.17
899.07	3069.50
899.25	3102.26
899.43	3021.57
899.60	3508.17
899.78	2910.16
899.96	2747.55
900.13	2688.57
900.31	2999.05
900.49	2995.77
900.66	3367.68
900.84	3036.32
901.02	3044.92
901.19	3147.73
901.37	2930.64
901.54	2927.78
901.72	2671.78
901.90	2982.25
902.07	3117.01
902.25	2813.09
902.43	2831.93
902.60	3267.74
902.78	2786.06
902.95	2852.00
903.13	2767.62
903.31	2954.81
903.48	3055.57
903.66	2867.16
903.83	3024.03
904.01	3079.74
904.19	2940.06
904.36	2883.13
904.54	2627.95
904.71	3160.83
904.89	2856.10
905.07	2823.74
905.24	2771.31
905.42	3110.05
905.59	3301.74
905.77	3035.50
905.95	2923.68
906.12	2859.37
906.30	3040.41
906.47	3026.49
906.65	3291.90
906.82	3284.94
907.00	3278.80
907.18	2480.09
907.35	2741.41
907.53	3155.51
907.70	3149.78
907.88	2822.51
908.05	3936.20
908.23	3127.25
908.41	3132.16
908.58	2857.33
908.76	2471.90
908.93	3318.53
909.11	3110.45
909.28	2801.21
909.46	2711.10
909.63	3189.10
909.81	3170.67
909.99	2929.00
910.16	2660.31
910.34	2931.46
910.51	3128.07
910.69	2933.51
910.86	2597.23
911.04	3110.45
911.21	2717.65
911.39	3396.35
911.56	2702.09
911.74	2967.10
911.91	3071.13
912.09	2848.72
912.26	2741.41
912.44	2721.75
912.62	2852.00
912.79	2780.73
912.97	2922.04
913.14	3352.12
913.32	3207.53
913.49	2815.55
913.67	2892.55
913.84	2682.02
914.02	2838.08
914.19	2774.59
914.37	2913.44
914.54	2901.56
914.72	2684.89
914.89	2757.79
915.07	3076.46
915.24	2886.41
915.42	2984.71
915.59	2816.37
915.77	3059.26
915.94	3399.22
916.12	3397.99
916.29	2767.62
916.46	2900.33
916.64	3083.42
916.81	3333.27
916.99	2910.16
917.16	2783.19
917.34	3353.34
917.51	3191.96
917.69	2678.33
917.86	2628.36
918.04	2981.02
918.21	3278.80
918.39	3008.06
918.56	2834.39
918.74	2789.33
918.91	3365.63
919.08	2645.16
919.26	3050.65
919.43	3073.18
919.61	3075.23
919.78	2829.88
919.96	3190.33
920.13	3310.75
920.31	3021.16
920.48	3016.25
920.65	2881.49
920.83	3278.39
921.00	3125.20
921.18	2801.21
921.35	2948.67
921.53	2980.20
921.70	2947.03
921.88	2710.28
922.05	2673.01
922.22	2857.74
922.40	3006.83
922.57	2784.01
922.75	2485.82
922.92	3040.00
923.09	2983.89
923.27	2838.08
923.44	3203.02
923.62	2885.18
923.79	3324.26
923.96	2757.79
924.14	2635.74
924.31	3277.16
924.49	3063.76
924.66	2744.28
924.83	2852.41
925.01	3041.23
925.18	3409.46
925.36	3111.68
925.53	2652.53
925.70	2961.77
925.88	2762.30
926.05	3014.20
926.23	2958.50
926.40	3126.43
926.57	3089.16
926.75	2904.84
926.92	2580.44
927.09	3099.81
927.27	2770.49
927.44	2954.81
927.62	2655.81
927.79	3264.87
927.96	2859.78
928.14	2701.27
928.31	2930.23
928.48	3354.16
928.66	2994.13
928.83	2630.00
929.00	2819.64
929.18	2984.71
929.35	2974.88
929.52	3037.96
929.70	2743.46
929.87	2865.52
930.05	2842.58
930.22	2813.09
930.39	2928.19
930.57	2874.94
930.74	3371.78
930.91	2751.65
931.09	3022.39
931.26	3038.78
931.43	3166.98
931.61	2537.43
931.78	2882.72
931.95	3045.74
932.12	3358.26
932.30	2654.58
932.47	3074.82
932.64	2818.82
932.82	2810.63
932.99	2857.33
933.16	2724.62
933.34	2965.05
933.51	3115.37
933.68	2758.61
933.86	3062.94
934.03	2982.66
934.20	2892.14
934.38	3071.54
934.55	2637.37
934.72	3482.78
934.89	3191.55
935.07	2777.86
935.24	2945.80
935.41	2989.22
935.59	3040.00
935.76	2786.06
935.93	2847.50
936.10	2960.95
936.28	3049.02
936.45	2794.25
936.62	2850.36
936.79	3270.20
936.97	2919.17
937.14	2867.57
937.31	2943.34
937.49	2814.32
937.66	3089.16
937.83	3105.13
938.00	3014.20
938.18	3239.48
938.35	3183.77
938.52	2834.80
938.69	2840.94
938.87	3065.81
939.04	2963.82
939.21	2827.43
939.38	2750.01
939.56	2960.54
939.73	2677.92
939.90	2858.96
940.07	2787.29
940.25	2994.54
940.42	3052.29
940.59	2937.20
940.76	2725.03
940.94	2826.61
941.11	2899.51
941.28	2920.81
941.45	3010.51
941.62	3067.86
941.80	2831.11
941.97	2954.81
942.14	2647.20
942.31	3322.62
942.48	2900.33
942.66	2867.57
942.83	2965.46
943.00	2641.88
943.17	3232.92
943.35	3064.58
943.52	2853.23
943.69	2794.25
943.86	2860.19
944.03	2605.43
944.21	3216.54
944.38	3024.03
944.55	2889.27
944.72	2847.91
944.89	2645.98
945.06	2917.95
945.24	2893.37
945.41	3291.90
945.58	2944.16
945.75	3091.20
945.92	2820.46
946.10	3157.56
946.27	2619.35
946.44	2904.02
946.61	2875.35
946.78	3158.38
946.95	2657.03
947.13	2809.40
947.30	2903.20
947.47	2781.96
947.64	2927.37
947.81	3178.04
947.98	2929.41
948.16	2893.78
948.33	2821.28
948.50	2858.15
948.67	2909.34
948.84	3091.61
949.01	2728.71
949.18	2986.35
949.36	3144.04
949.53	2859.78
949.70	2869.61
949.87	3079.74
950.04	2838.89
950.21	2978.16
950.38	2744.69
950.56	2960.13
950.73	2998.23
950.90	2855.69
951.07	2974.47
951.24	3054.75
951.41	2886.41
951.58	2836.85
951.75	2949.89
951.92	2898.69
952.10	2935.15
952.27	2659.49
952.44	2964.64
952.61	3655.62
952.78	2919.17
952.95	2621.40
953.12	3037.96
953.29	3019.53
953.46	2851.18
953.64	3012.97
953.81	2664.00
953.98	3063.76
954.15	2852.82
954.32	2802.85
954.49	2627.13
954.66	2936.79
954.83	2922.04
955.00	2734.45
955.17	2884.36
955.34	2860.19
955.51	2941.29
955.69	3566.74
955.86	2852.00
956.03	2926.96
956.20	3027.31
956.37	2975.29
956.54	2651.30
956.71	3029.76
956.88	2899.10
957.05	2831.52
957.22	2718.06
957.39	3108.00
957.56	2820.05
957.73	2687.75
957.90	2752.47
958.07	3212.03
958.24	3128.48
958.41	2690.62
958.59	2891.73
958.76	3160.83
958.93	3249.72
959.10	2898.29
959.27	2733.22
959.44	3222.68
959.61	2837.67
959.78	2922.04
959.95	2824.97
960.12	3199.34
960.29	2989.22
960.46	2755.34
960.63	2526.78
960.80	2968.33
960.97	3055.57
961.14	2616.89
961.31	2898.69
961.48	3294.77
961.65	3096.53
961.82	2904.43
961.99	2924.91
962.16	2860.19
962.33	3024.44
962.50	3005.60
962.67	2677.51
962.84	3040.82
963.01	2802.03
963.18	2691.03
963.35	2707.01
963.52	3128.07
963.69	2953.58
963.86	3139.54
964.03	2928.19
964.20	3347.20
964.37	3074.82
964.54	3089.16
964.71	2819.23
964.88	2978.16
965.05	2971.60
965.22	2817.60
965.39	2941.70
965.56	2861.83
965.73	2848.31
965.90	3058.85
966.07	2722.57
966.24	2989.22
966.41	2901.15
966.58	2850.36
966.74	3165.34
966.91	3380.79
967.08	3297.64
967.25	2688.98
967.42	2805.31
967.59	3148.14
967.76	2782.78
967.93	2961.36
968.10	2872.07
968.27	3019.53
968.44	3002.32
968.61	2780.73
968.78	2663.59
968.95	2880.67
969.12	2947.03
969.29	2927.37
969.46	2653.35
969.62	3262.82
969.79	2802.44
969.96	2673.01
970.13	2625.09
970.30	3094.07
970.47	3067.86
970.64	3012.15
970.81	2884.36
970.98	3082.60
971.15	2978.57
971.32	2510.40
971.49	3036.32
971.65	3197.70
971.82	3021.98
971.99	2949.08
972.16	3105.13
972.33	2992.90
972.50	2933.10
972.67	2917.95
972.84	2899.51
973.01	2833.57
973.17	3135.44
973.34	3015.84
973.51	3026.49
973.68	3014.61
973.85	2886.41
974.02	2919.17
974.19	2774.18
974.36	3051.47
974.53	3178.04
974.69	2999.86
974.86	2754.93
975.03	3268.56
975.20	2905.25
975.37	2987.58
975.54	2993.72
975.71	3128.07
975.87	3010.92
976.04	3029.76
976.21	2867.16
976.38	3058.03
976.55	2957.27
976.72	2750.42
976.89	3067.86
977.05	3146.91
977.22	3287.40
977.39	2644.75
977.56	2937.61
977.73	2997.82
977.90	2767.62
978.06	2918.36
978.23	2916.31
978.40	2860.60
978.57	3244.80
978.74	3095.30
978.91	3062.12
979.07	2945.80
979.24	3128.89
979.41	2833.16
979.58	2881.90
979.75	3238.66
979.91	2779.91
980.08	2532.52
980.25	2916.31
980.42	3096.12
980.59	2950.30
980.75	2768.44
980.92	2812.27
981.09	2923.68
981.26	3101.85
981.43	3114.14
981.59	2872.89
981.76	2919.17
981.93	2881.49
982.10	2777.46
982.27	2742.64
982.43	3090.79
982.60	2831.52
982.77	2701.68
982.94	2799.98
983.11	2879.03
983.27	2747.96
983.44	2892.96
983.61	2877.81
983.78	3327.13
983.94	3229.65
984.11	2753.70
984.28	2918.36
984.45	3266.10
984.61	2732.40
984.78	2756.16
984.95	2711.10
985.12	3031.40
985.28	3191.55
985.45	2779.91
985.62	2741.82
985.79	2926.14
985.95	2867.16
986.12	2596.41
986.29	2819.64
986.46	3258.32
986.62	3234.56
986.79	2872.07
986.96	2657.85
987.13	3066.63
987.29	3260.37
987.46	2854.05
987.63	2808.58
987.80	2768.85
987.96	3416.01
988.13	2822.92
988.30	2784.83
988.46	2921.63
988.63	3178.04
988.80	2267.92
988.97	2260.55
989.13	3057.62
989.30	3078.10
989.47	2183.54
989.63	2250.31
989.80	3280.44
989.97	3098.99
990.13	2476.81
990.30	2838.48
990.47	2951.53
990.64	2944.16
990.80	2212.63
990.97	2465.75
991.14	2842.58
991.30	2992.49
991.47	2328.95
991.64	2402.27
991.80	2989.22
991.97	2892.14
992.14	2243.34
992.30	2917.13
992.47	2858.15
992.64	3066.22
992.80	2290.45
992.97	2297.00
993.14	3386.11
993.30	3925.14
993.47	2326.08
993.64	2389.98
993.80	3254.22
993.97	3022.80
994.14	2466.16
994.30	2758.20
994.47	3132.98
994.64	2974.06
994.80	2612.39
994.97	2430.53
995.14	3163.29
995.30	3056.80
995.47	2507.12
995.63	2561.19
995.80	3051.06
995.97	3445.50
996.13	2384.25
996.30	2398.99
996.47	2917.13
996.63	3577.39
996.80	2890.50
996.97	2598.87
997.13	3119.47
997.30	3263.23
997.46	2346.56
997.63	2681.61
997.80	3311.16
997.96	3181.72
998.13	2408.82
998.29	2388.34
998.46	3003.96
998.63	2872.07
998.79	2235.15
998.96	2575.53
999.12	3232.10
999.29	2976.52
999.46	2513.27
999.62	2765.99
999.79	3169.85
999.95	3032.22
1000.12	2424.80
1000.29	2490.74
1000.45	3107.18
1000.62	3135.03
1000.78	2493.20
1000.95	2420.29
1001.11	3127.66
1001.28	3139.95
1001.45	2356.80
1001.61	2772.13
1001.78	3145.27
1001.94	3250.13
1002.11	2509.17
1002.27	2763.53
1002.44	3228.42
1002.61	3115.78
1002.77	2464.12
1002.94	2313.39
1003.10	3132.57
1003.27	3139.54
1003.43	2454.29
1003.60	2515.32
1003.76	2983.48
1003.93	3026.49
1004.10	2551.36
1004.26	2728.71
1004.43	3209.17
1004.59	3444.27
1004.76	2364.99
1004.92	2484.60
1005.09	3434.03
1005.25	3282.48
1005.42	2388.75
1005.58	2709.46
1005.75	3205.48
1005.91	3083.83
1006.08	2761.48
1006.24	2303.15
1006.41	3008.88
1006.57	3018.71
1006.74	2369.91
1006.90	2555.05
1007.07	2956.86
1007.23	3465.98
1007.40	2478.86
1007.56	2356.39
1007.73	2864.70
1007.89	3175.58
1008.06	2676.29
1008.22	2603.79
1008.39	3059.26
1008.55	2962.18
1008.72	2555.46
1008.88	2396.94
1009.05	2899.10
1009.21	3228.83
1009.38	2216.72
1009.54	2513.27
1009.71	3445.91
1009.87	3465.16
1010.04	2155.69
1010.20	2655.40
1010.37	2773.36
1010.53	3271.43
1010.70	2517.77
1010.86	2322.40
1011.03	2840.53
1011.19	2872.48
1011.35	2644.34
1011.52	2500.98
1011.68	2982.25
1011.85	2929.82
1012.01	2785.24
1012.18	2565.29
1012.34	2948.67
1012.51	2949.08
1012.67	2467.39
1012.83	2559.55
1013.00	3196.06
1013.16	2903.61
1013.33	2399.40
1013.49	2959.72
1013.66	3134.62
1013.82	3475.40
1013.99	2527.19
1014.15	2564.06
1014.31	3207.53
1014.48	3141.99
1014.64	2644.75
1014.81	2535.39
1014.97	2821.28
1015.13	3245.62
1015.30	2485.41
1015.46	2605.84
1015.63	2867.57
1015.79	2996.59
1015.95	2282.67
1016.12	2453.88
1016.28	2985.94
1016.45	3011.33
1016.61	2557.09
1016.77	2605.02
1016.94	2935.97
1017.10	3153.05
1017.27	2457.97
1017.43	2378.10
1017.59	2944.16
1017.76	3173.94
1017.92	2358.03
1018.09	2351.48
1018.25	3282.07
1018.41	3178.45
1018.58	2582.90
1018.74	2566.51
1018.90	3008.06
1019.07	3053.52
1019.23	2336.32
1019.40	2430.12
1019.56	3068.27
1019.72	2789.74
1019.89	2604.20
1020.05	2993.31
1020.21	3152.23
1020.38	3024.85
1020.54	2307.65
1020.70	2586.17
1020.87	3025.26
1021.03	3145.27
1021.19	2466.57
1021.36	2244.98
1021.52	3214.08
1021.68	3378.33
1021.85	3067.86
1022.01	2592.32
1022.17	3035.91
1022.34	3049.84
1022.50	2369.50
1022.66	2618.12
1022.83	3241.12
1022.99	3115.37
1023.15	2371.14
1023.32	2673.01
1023.48	3084.65
1023.64	2975.70
1023.81	2283.89
1023.97	2681.20
1024.13	3089.16
1024.30	2994.13
1024.46	2706.19
1024.62	2541.53
1024.79	3133.80
1024.95	3222.68
1025.11	2310.11
1025.27	2510.81
1025.44	2879.85
1025.60	2978.16
1025.76	2527.60
1025.93	2391.21
1026.09	2985.53
1026.25	3009.29
1026.41	2533.75
1026.58	2344.11
1026.74	2908.93
1026.90	3279.62
1027.07	2632.87
1027.23	2364.99
1027.39	3003.96
1027.55	3281.67
1027.72	2525.96
1027.88	2628.36
1028.04	3052.29
1028.20	3192.37
1028.37	2174.94
1028.53	2586.17
1028.69	2818.82
1028.85	3177.63
1029.02	2710.28
1029.18	2399.40
1029.34	2885.18
1029.50	3175.17
1029.67	2672.60
1029.83	2412.51
1029.99	3101.85
1030.15	3007.65
1030.32	2403.50
1030.48	2570.61
1030.64	2944.98
1030.80	3351.71
1030.97	2755.75
1031.13	2509.17
1031.29	3322.62
1031.45	3166.98
1031.61	2429.71
1031.78	2420.70
1031.94	3433.21
1032.10	3178.45
1032.26	2631.64
1032.42	2546.03
1032.59	3262.41
1032.75	2967.10
1032.91	2533.34
1033.07	2502.62
1033.24	2901.56
1033.40	3617.12
1033.56	2600.10
1033.72	2367.45
1033.88	3124.79
1034.04	3499.98
1034.21	2618.94
1034.37	2589.86
1034.53	3062.12
1034.69	2882.72
1034.85	2442.00
1035.02	2503.03
1035.18	2904.43
1035.34	3270.61
1035.50	2342.06
1035.66	2638.60
1035.82	3002.73
1035.99	3307.47
1036.15	2459.61
1036.31	2777.86
1036.47	3177.63
1036.63	3633.10
1036.79	2934.33
1036.96	2757.79
1037.12	3305.83
1037.28	2887.23
1037.44	2226.96
1037.60	2429.30
1037.76	3044.92
1037.92	3026.08
1038.09	2279.39
1038.25	2777.86
1038.41	3266.92
1038.57	3215.72
1038.73	2468.62
1038.89	2413.33
1039.05	3249.31
1039.22	3108.00
1039.38	2461.25
1039.54	2905.66
1039.70	3154.28
1039.86	3232.92
1040.02	2476.40
1040.18	2514.50
1040.34	3088.34
1040.51	3239.07
1040.67	3346.79
1040.83	2814.73
1040.99	3238.25
1041.15	3492.20
1041.31	2421.52
1041.47	2695.54
1041.63	3063.35
