345.74	1384.84
345.96	1384.84
346.17	1384.84
346.39	1395.49
346.60	1393.85
346.81	2576.75
347.03	2627.95
347.24	3278.80
347.46	3296.82
347.67	2708.64
347.89	2586.17
348.10	3133.80
348.32	2992.08
348.53	2611.57
348.75	2601.33
348.96	2979.38
349.18	3273.06
349.39	2579.21
349.61	2612.80
349.82	3177.22
350.04	3141.58
350.25	2559.96
350.47	2701.68
350.68	3180.50
350.90	3344.33
351.11	2535.39
351.32	2651.30
351.54	3291.09
351.75	3358.67
351.97	2604.20
352.18	2609.93
352.40	2933.51
352.61	3303.37
352.83	2748.37
353.04	2518.59
353.26	3250.54
353.47	3071.13
353.69	2633.69
353.90	2614.44
354.11	2894.19
354.33	3418.88
354.54	2362.13
354.76	2646.79
354.97	2931.05
355.19	3196.06
355.40	2500.57
355.62	2980.20
355.83	3075.23
356.04	3156.33
356.26	2507.53
356.47	2754.52
356.69	2919.17
356.90	3567.56
357.12	2659.90
357.33	2463.30
357.55	3003.55
357.76	3083.83
357.97	2410.87
358.19	2690.62
358.40	2911.39
358.62	3317.71
358.83	2577.57
359.05	2781.14
359.26	2999.46
359.47	3096.94
359.69	2693.08
359.90	2895.83
360.12	2919.17
360.33	3007.24
360.55	2488.28
360.76	2770.08
360.97	3147.32
361.19	3323.03
361.40	2562.42
361.62	2734.86
361.83	3345.15
362.04	3381.20
362.26	2603.79
362.47	2655.40
362.69	2983.07
362.90	3130.12
363.12	2528.83
363.33	2654.99
363.54	3110.45
363.76	3276.75
363.97	2682.02
364.19	2642.70
364.40	3408.23
364.61	3058.85
364.83	2402.68
365.04	2759.02
365.26	3054.75
365.47	3341.47
365.68	2584.13
365.90	2713.15
366.11	3044.51
366.33	3343.92
366.54	2561.60
366.75	2485.82
366.97	2870.84
367.18	2974.88
367.40	2736.50
367.61	2614.85
367.82	3071.95
368.04	3230.88
368.25	2647.61
368.46	2673.83
368.68	3046.97
368.89	3409.87
369.11	2606.65
369.32	2722.16
369.53	3362.36
369.75	3163.29
369.96	2930.23
370.18	2766.40
370.39	2994.95
370.60	3020.34
370.82	2561.19
371.03	2615.26
371.24	3398.40
371.46	2964.23
371.67	2746.33
371.88	2568.97
372.10	2856.92
372.31	2830.29
372.53	2410.05
372.74	2578.39
372.95	2906.48
373.17	2905.66
373.38	2797.12
373.59	2770.08
373.81	3120.29
374.02	3350.07
374.23	2521.87
374.45	2945.39
374.66	3168.21
374.88	3117.01
375.09	2577.57
375.30	2935.56
375.52	3046.15
375.73	3299.69
375.94	2559.55
376.16	2858.15
376.37	3182.13
376.58	3216.95
376.80	2759.84
377.01	2799.57
377.22	3567.56
377.44	3274.29
377.65	2713.97
377.86	2392.44
378.08	3084.65
378.29	2942.93
378.50	2667.68
378.72	2529.24
378.93	3481.14
379.14	3227.60
379.36	2979.38
379.57	2683.66
379.78	2841.76
380.00	3180.50
380.21	2395.71
380.42	2399.40
380.64	2786.47
380.85	2869.20
381.06	2719.70
381.28	2639.01
381.49	3472.95
381.70	2936.38
381.92	2554.64
382.13	2695.13
382.34	3476.22
382.56	3353.75
382.77	2645.16
382.98	2659.08
383.19	3163.29
383.41	3131.34
383.62	2600.51
383.83	2700.86
384.05	3123.97
384.26	3154.28
384.47	2708.23
384.69	2609.11
384.90	3070.72
385.11	3357.44
385.33	2588.63
385.54	2813.09
385.75	2943.34
385.96	3283.71
386.18	3095.71
386.39	2726.26
386.60	2986.35
386.82	3361.13
387.03	2682.84
387.24	2677.10
387.45	2938.84
387.67	2935.15
387.88	2744.28
388.09	2723.80
388.31	2954.81
388.52	3077.69
388.73	3046.15
388.94	2630.41
389.16	3287.81
389.37	2892.55
389.58	2688.98
389.80	2624.27
390.01	2978.98
390.22	3234.56
390.43	2770.08
390.65	2807.77
390.86	3035.91
391.07	3246.44
391.29	2694.31
391.50	2398.99
391.71	3230.47
391.92	3242.75
392.14	2744.69
392.35	2843.40
392.56	2922.86
392.77	3162.47
392.99	2728.30
393.20	2537.43
393.41	3025.67
393.62	3037.14
393.84	2544.81
394.05	2695.95
394.26	3165.34
394.47	3369.32
394.69	2853.64
394.90	2884.36
395.11	3073.18
395.32	3046.15
395.54	2581.67
395.75	2492.38
395.96	2961.36
396.17	3409.46
396.39	2967.92
396.60	2621.81
396.81	3158.38
397.02	3035.91
397.24	2840.53
397.45	2934.74
397.66	2999.86
397.87	3224.32
398.09	2729.94
398.30	2528.83
398.51	3230.47
398.72	2917.95
398.94	2646.79
399.15	3095.30
399.36	3189.51
399.57	3250.13
399.79	2746.33
400.00	2934.74
400.21	2778.27
400.42	3192.78
400.63	2624.27
400.85	2856.51
401.06	3035.09
401.27	3128.07
401.48	3166.57
401.70	2717.24
401.91	3394.71
402.12	3263.64
402.33	2901.56
402.54	2614.03
402.76	3110.05
402.97	3378.74
403.18	2596.01
403.39	2668.50
403.60	3141.99
403.82	3045.74
404.03	2346.56
404.24	2636.15
404.45	3195.24
404.66	3401.27
404.88	2458.38
405.09	3035.09
405.30	3189.51
405.51	3059.67
405.73	2613.62
405.94	2550.54
406.15	3001.91
406.36	3024.85
406.57	2653.35
406.78	2568.15
407.00	3062.53
407.21	3280.03
407.42	2523.10
407.63	2897.88
407.84	3180.09
408.06	3071.54
408.27	2513.68
408.48	2668.50
408.69	3102.26
408.90	2949.89
409.12	2534.57
409.33	2609.93
409.54	2815.14
409.75	2971.60
409.96	2659.90
410.17	2819.23
410.39	2908.12
410.60	3453.69
410.81	2737.32
411.02	2863.06
411.23	4597.69
411.44	2914.67
411.66	2682.43
411.87	2930.23
412.08	3361.13
412.29	2878.62
412.50	2560.37
412.71	2561.19
412.93	2923.68
413.14	3010.51
413.35	2782.37
413.56	2657.85
413.77	3095.71
413.98	3073.59
414.20	2564.88
414.41	2803.67
414.62	3024.85
414.83	2921.22
415.04	2603.79
415.25	2753.29
415.46	3312.79
415.68	2994.54
415.89	2505.48
416.10	2749.19
416.31	2809.81
416.52	3181.31
416.73	2674.65
416.94	2638.19
417.16	3063.35
417.37	3092.84
417.58	2821.28
417.79	2535.39
418.00	3025.26
418.21	2975.70
418.42	2796.71
418.64	2566.51
418.85	2845.04
419.06	3108.41
419.27	2589.45
419.48	2712.74
419.69	3086.29
419.90	2858.55
420.11	2559.55
420.33	2589.04
420.54	3384.47
420.75	3209.17
420.96	2486.64
421.17	2788.92
421.38	3047.79
421.59	2888.86
421.80	2535.39
422.02	2682.43
422.23	3004.37
422.44	3230.06
422.65	2566.10
422.86	2687.34
423.07	2881.08
423.28	3067.04
423.49	2310.93
423.70	2715.20
423.92	2826.20
424.13	3284.53
424.34	2507.12
424.55	2512.45
424.76	3262.41
424.97	3299.28
425.18	2471.49
425.39	2753.29
425.60	2850.36
425.81	2933.92
426.03	2760.66
426.24	2627.54
426.45	3028.13
426.66	3472.95
426.87	2661.54
427.08	2868.79
427.29	3110.05
427.50	3034.68
427.71	2556.27
427.92	2591.09
428.13	2874.53
428.34	2940.47
428.56	2836.44
428.77	2740.59
428.98	3529.06
429.19	3160.43
429.40	2774.18
429.61	2655.40
429.82	3129.71
430.03	2911.80
430.24	2725.03
430.45	2438.31
430.66	3188.69
430.87	2998.23
431.08	2707.82
431.30	2539.89
431.51	3056.39
431.72	3104.31
431.93	2778.68
432.14	2627.95
432.35	3041.64
432.56	3389.80
432.77	2599.28
432.98	2648.02
433.19	3033.04
433.40	3062.94
433.61	2493.20
433.82	2698.81
434.03	2859.37
434.24	2995.77
434.45	3151.00
434.66	3064.99
434.87	3116.60
435.09	3039.19
435.30	2776.64
435.51	2859.37
435.72	3070.31
435.93	2823.74
436.14	2729.94
436.35	2636.96
436.56	3155.51
436.77	3075.23
436.98	2598.05
437.19	2789.74
437.40	3325.49
437.61	3096.12
437.82	2674.24
438.03	2669.32
438.24	2974.47
438.45	3141.58
438.66	2502.21
438.87	2554.23
439.08	2983.89
439.29	2922.86
439.50	2802.44
439.71	3070.31
439.92	2788.10
440.13	2812.27
440.34	2692.67
440.55	2818.41
440.76	2871.25
440.97	3120.69
441.18	2818.41
441.39	2639.83
441.60	2947.85
441.81	2856.10
442.02	2697.99
442.23	2666.46
442.44	3122.74
442.65	2854.46
442.86	2819.64
443.07	2933.10
443.28	2902.79
443.49	2935.15
443.70	2875.35
443.91	2614.03
444.12	2850.77
444.33	2887.64
444.54	2837.67
444.75	2754.93
444.96	3116.60
445.17	3146.50
445.38	2940.88
445.59	2747.96
445.80	2947.03
446.01	2787.70
446.22	3057.62
446.43	2637.37
446.64	2771.72
446.85	2929.41
447.06	2789.74
447.27	2775.41
447.48	3150.19
447.69	2870.02
447.90	2845.04
448.11	2444.46
448.32	2936.38
448.53	2831.93
448.74	2852.82
448.95	2753.70
449.16	2853.23
449.37	2919.99
449.58	2649.66
449.79	2629.18
450.00	2664.00
450.21	2815.96
450.42	2787.70
450.63	2690.62
450.84	2786.47
451.05	2725.03
451.26	2846.27
451.47	2822.92
451.68	3028.13
451.89	2848.31
452.10	2772.54
452.30	3026.49
452.51	2868.39
452.72	2658.26
452.93	2736.09
453.14	2821.69
453.35	2819.64
453.56	3051.06
453.77	2809.40
453.98	2665.23
454.19	3064.17
454.40	2824.15
454.61	2757.79
454.82	2829.06
455.03	2597.64
455.24	2802.44
455.45	2764.76
455.66	2969.96
455.87	2839.71
456.07	2743.87
456.28	2671.37
456.49	2531.70
456.70	2977.75
456.91	2800.39
457.12	2612.80
457.33	2645.16
457.54	2963.82
457.75	3034.27
457.96	2975.29
458.17	2786.88
458.38	2821.28
458.59	2649.25
458.79	2584.95
459.00	2476.81
459.21	2808.99
459.42	2704.55
459.63	2604.20
459.84	2521.87
460.05	3527.42
460.26	2925.32
460.47	2775.00
460.68	2573.48
460.89	3014.20
461.09	3006.42
461.30	2759.02
461.51	2675.06
461.72	3087.11
461.93	2924.91
462.14	2715.61
462.35	2503.85
462.56	2950.71
462.77	2597.64
462.98	2915.49
463.18	2729.94
463.39	2906.07
463.60	3028.54
463.81	2691.03
464.02	3138.31
464.23	2922.86
464.44	3378.74
464.65	2714.79
464.86	2492.38
465.06	2559.96
465.27	2722.57
465.48	2509.58
465.69	2698.40
465.90	2976.11
466.11	2802.85
466.32	2546.03
466.53	2546.85
466.74	2936.79
466.94	2851.59
467.15	2740.59
467.36	2586.58
467.57	3045.33
467.78	2898.69
467.99	2796.30
468.20	3078.92
468.40	2777.46
468.61	2731.99
468.82	2668.09
469.03	3038.37
469.24	2981.84
469.45	2765.99
469.66	2845.04
469.86	2684.48
470.07	2987.99
470.28	2828.24
470.49	2596.41
470.70	2662.77
470.91	2763.12
471.12	2935.97
471.32	2709.05
471.53	2642.29
471.74	2877.40
471.95	2897.88
472.16	2639.83
472.37	2738.95
472.58	2968.33
472.78	2738.95
472.99	2732.81
473.20	2688.16
473.41	2829.47
473.62	2686.12
473.83	3163.70
474.03	2911.39
474.24	2847.50
474.45	2859.37
474.66	2648.02
474.87	2790.56
475.08	2797.93
475.28	2979.79
475.49	2991.26
475.70	2639.01
475.91	2970.37
476.12	2914.67
476.32	2634.10
476.53	2741.82
476.74	3025.26
476.95	2826.20
477.16	2659.08
477.37	2756.16
477.57	2945.80
477.78	2814.73
477.99	2720.52
478.20	2676.29
478.41	3154.28
478.61	2930.23
478.82	2947.03
479.03	2688.57
479.24	2953.17
479.45	2845.45
479.65	2774.18
479.86	2833.16
480.07	2980.61
480.28	2810.22
480.49	3622.86
480.69	2680.38
480.90	2911.80
481.11	2891.73
481.32	2509.17
481.53	2755.75
481.73	2983.07
481.94	2839.30
482.15	2641.88
482.36	2725.03
482.57	2826.20
482.77	3166.98
482.98	2875.35
483.19	2719.29
483.40	2724.62
483.60	2804.49
483.81	2806.13
484.02	2844.63
484.23	2794.25
484.44	2671.37
484.64	2748.78
484.85	2702.09
485.06	2915.49
485.27	2813.09
485.47	2814.32
485.68	2761.89
485.89	2933.51
486.10	3110.05
486.31	3037.14
486.51	2727.08
486.72	2886.82
486.93	2863.06
487.14	2662.36
487.34	2612.80
487.55	2817.19
487.76	2947.85
487.97	2870.43
488.17	2689.39
488.38	2907.71
488.59	2857.33
488.80	2945.39
489.00	2835.21
489.21	3017.48
489.42	2803.26
489.63	2969.15
489.83	2844.63
490.04	2841.76
490.25	2759.43
490.46	2774.59
490.66	2931.87
490.87	2874.12
491.08	2765.58
491.29	2619.35
491.49	2686.12
491.70	2880.26
491.91	2882.31
492.11	2858.15
492.32	2833.98
492.53	2624.68
492.74	3077.28
492.94	3029.36
493.15	2858.15
493.36	2874.94
493.57	2810.22
493.77	2796.71
493.98	2920.40
494.19	3092.02
494.39	2943.34
494.60	2548.08
494.81	2652.53
495.02	3075.23
495.22	3078.10
495.43	2616.48
495.64	2543.17
495.84	2706.60
496.05	3224.32
496.26	2849.54
496.47	2942.93
496.67	3180.91
496.88	2906.48
497.09	2833.57
497.29	2540.71
497.50	2661.95
497.71	3048.61
497.91	2557.09
498.12	2888.86
498.33	2837.67
498.54	2889.27
498.74	2768.44
498.95	2643.52
499.16	2976.11
499.36	2781.96
499.57	2663.18
499.78	2610.34
499.98	2775.41
500.19	2773.36
500.40	2670.96
500.60	2946.62
500.81	2908.93
501.02	2976.52
501.22	3221.05
501.43	2617.30
501.64	2892.55
501.85	3012.97
502.05	3352.12
502.26	2616.89
502.47	3259.55
502.67	2776.64
502.88	2775.00
503.09	2856.51
503.29	2632.87
503.50	2821.28
503.71	3075.23
503.91	2739.77
504.12	2823.74
504.33	2761.07
504.53	2788.10
504.74	2757.39
504.95	3027.72
505.15	2883.54
505.36	2955.22
505.56	2687.75
505.77	3270.20
505.98	2676.70
506.18	3023.21
506.39	2625.09
506.60	2730.35
506.80	2984.30
507.01	2756.57
507.22	2839.71
507.42	3005.19
507.63	2698.81
507.84	2879.85
508.04	2474.36
508.25	3134.62
508.45	3270.20
508.66	2803.26
508.87	2679.56
509.07	2917.95
509.28	2860.19
509.49	2738.54
509.69	3019.93
509.90	2860.19
510.11	2733.63
510.31	2729.94
510.52	2636.15
510.72	2858.55
510.93	2889.68
511.14	2627.13
511.34	2623.45
511.55	2777.86
511.76	3296.82
511.96	3125.61
512.17	2822.10
512.37	3008.06
512.58	2841.76
512.79	2655.40
512.99	2741.00
513.20	2902.79
513.40	3015.02
513.61	2848.31
513.82	2679.15
514.02	2673.01
514.23	2807.36
514.43	3190.74
514.64	2805.31
514.85	2973.65
515.05	3054.75
515.26	2806.13
515.46	2899.10
515.67	3018.71
515.88	2759.84
516.08	3187.05
516.29	2804.90
516.49	2886.00
516.70	2863.47
516.91	2787.70
517.11	2853.64
517.32	2826.20
517.52	2977.75
517.73	2783.60
517.93	3038.78
518.14	2959.72
518.35	2774.18
518.55	2575.94
518.76	2997.00
518.96	3123.15
519.17	2614.03
519.38	2802.85
519.58	3005.19
519.79	2898.69
519.99	2880.67
520.20	2746.33
520.40	2767.62
520.61	3028.54
520.82	3195.24
521.02	3019.12
521.23	2894.60
521.43	3035.91
521.64	2694.72
521.84	2755.34
522.05	2767.62
522.25	2649.66
522.46	2729.12
522.67	2790.15
522.87	3021.16
523.08	3142.40
523.28	2858.55
523.49	3185.41
523.69	2815.96
523.90	2897.88
524.10	2983.89
524.31	2767.62
524.51	2995.36
524.72	3010.51
524.93	2976.52
525.13	2766.40
525.34	2793.02
525.54	2879.44
525.75	3079.33
525.95	2553.41
526.16	3034.27
526.36	2939.24
526.57	3067.04
526.77	2458.79
526.98	3166.98
527.18	2771.72
527.39	2752.47
527.59	3074.00
527.80	2828.65
528.00	3031.81
528.21	2952.35
528.42	2900.33
528.62	2818.82
528.83	2811.04
529.03	3339.42
529.24	2991.67
529.44	2703.32
529.65	2957.27
529.85	2913.85
530.06	3168.21
530.26	2851.18
530.47	3017.48
530.67	3169.85
530.88	2683.66
531.08	2927.78
531.29	2842.58
531.49	2797.53
531.70	2919.58
531.90	2574.71
532.11	2786.06
532.31	2908.53
532.52	2916.72
532.72	2552.18
532.93	2944.16
533.13	2690.21
533.34	2674.65
533.54	2928.19
533.75	2711.10
533.95	2713.56
534.16	2760.25
534.36	2797.93
534.57	2917.54
534.77	3103.90
534.97	2967.51
535.18	2695.54
535.38	2859.37
535.59	2724.62
535.79	2827.84
536.00	2717.65
536.20	2835.21
536.41	2567.74
536.61	2778.68
536.82	2725.85
537.02	2799.98
537.23	2910.98
537.43	2947.44
537.64	2685.30
537.84	3004.78
538.05	2937.20
538.25	2987.17
538.45	2760.66
538.66	2959.72
538.86	2829.47
539.07	2666.46
539.27	2779.09
539.48	2813.09
539.68	2956.04
539.89	2785.24
540.09	3228.01
540.29	3040.82
540.50	2586.58
540.70	2976.11
540.91	2809.81
541.11	3018.30
541.32	2734.86
541.52	2857.74
541.73	2822.92
541.93	2694.72
542.13	2922.86
542.34	2661.95
542.54	2831.11
542.75	2916.72
542.95	3433.21
543.16	2834.39
543.36	2927.78
543.56	2851.18
543.77	2970.78
543.97	2978.16
544.18	2830.29
544.38	2947.85
544.59	2827.02
544.79	2718.47
544.99	3116.60
545.20	3310.34
545.40	2808.17
545.61	2794.25
545.81	2952.76
546.01	3169.85
546.22	2969.15
546.42	2842.99
546.63	2708.64
546.83	2948.26
547.04	2919.99
547.24	2890.91
547.44	2730.76
547.65	2967.92
547.85	2684.48
548.06	2650.48
548.26	2732.81
548.46	3408.23
548.67	2902.79
548.87	2888.46
549.08	2761.48
549.28	2756.16
549.48	2847.09
549.69	3071.13
549.89	2633.28
550.09	3183.77
550.30	3153.87
550.50	2584.13
550.71	2746.33
550.91	2910.16
551.11	2645.98
551.32	3076.87
551.52	2684.89
551.73	3014.20
551.93	2680.79
552.13	3054.75
552.34	3085.47
552.54	2688.57
552.74	2899.10
552.95	2765.58
553.15	2887.64
553.35	2893.78
553.56	2946.62
553.76	3067.45
553.97	2863.47
554.17	2976.11
554.37	2841.76
554.58	2945.80
554.78	2876.99
554.98	2915.08
555.19	2800.39
555.39	2847.09
555.59	2692.67
555.80	2903.61
556.00	2871.66
556.20	2926.14
556.41	2867.16
556.61	2788.92
556.82	2731.99
557.02	2962.59
557.22	2826.61
557.43	2704.96
557.63	2936.38
557.83	2832.34
558.04	3202.61
558.24	2808.99
558.44	2970.78
558.65	2716.43
558.85	2559.14
559.05	2874.12
559.26	2833.98
559.46	2665.64
559.66	2686.53
559.87	2782.78
560.07	2954.81
560.27	3142.40
560.48	3181.72
560.68	2941.70
560.88	2728.30
561.08	3019.93
561.29	3069.09
561.49	2768.44
561.69	2784.01
561.90	3149.78
562.10	2876.99
562.30	3282.48
562.51	2931.46
562.71	2862.24
562.91	3220.64
563.12	2811.04
563.32	2775.82
563.52	3052.29
563.72	2838.89
563.93	2822.92
564.13	2820.87
564.33	3230.88
564.54	2977.75
564.74	2820.87
564.94	2930.23
565.15	2789.33
565.35	2860.60
565.55	3148.55
565.75	2685.71
565.96	2923.27
566.16	2948.67
566.36	2811.86
566.57	2803.67
566.77	3241.12
566.97	2983.07
567.17	3128.48
567.38	2770.90
567.58	2869.20
567.78	2949.48
567.99	3255.45
568.19	2851.18
568.39	3010.51
568.59	3092.02
568.80	2974.06
569.00	3099.81
569.20	2956.04
569.40	2771.31
569.61	3063.76
569.81	3016.25
570.01	2837.26
570.21	2744.28
570.42	3250.95
570.62	2736.91
570.82	2729.94
571.02	2720.93
571.23	2823.33
571.43	3121.51
571.63	2790.15
571.84	2641.88
572.04	2708.64
572.24	3088.34
572.44	2999.46
572.64	2897.47
572.85	2840.12
573.05	3046.97
573.25	3229.24
573.45	2541.12
573.66	3412.74
573.86	2773.77
574.06	2913.85
574.26	2987.58
574.47	2876.58
574.67	3138.31
574.87	2647.20
575.07	2879.44
575.28	2867.57
575.48	2899.51
575.68	3001.50
575.88	2787.29
576.08	3096.12
576.29	2909.34
576.49	2953.99
576.69	3100.62
576.89	2810.22
577.10	2923.27
577.30	3128.07
577.50	2865.11
577.70	2734.04
577.90	3165.34
578.11	3076.05
578.31	2679.56
578.51	3004.37
578.71	2716.43
578.91	3025.26
579.12	3026.90
579.32	2977.34
579.52	4544.03
579.72	2889.27
579.92	2887.64
580.13	3042.46
580.33	3251.76
580.53	2942.52
580.73	2776.23
580.93	3004.78
581.14	2876.58
581.34	3067.04
581.54	2760.66
581.74	2960.13
581.94	2833.57
582.15	3182.95
582.35	2704.55
582.55	3001.91
582.75	3311.16
582.95	2913.03
583.15	3206.30
583.36	3140.36
583.56	3006.83
583.76	2821.28
583.96	3037.14
584.16	3083.83
584.37	2927.37
584.57	3003.14
584.77	2706.60
584.97	2938.43
585.17	2987.17
585.37	2983.89
585.57	3080.55
585.78	2674.24
585.98	2850.77
586.18	2912.21
586.38	2851.18
586.58	2679.56
586.78	2840.94
586.99	2818.82
587.19	3026.90
587.39	2858.96
587.59	2752.88
587.79	2838.08
587.99	2975.29
588.19	2929.82
588.40	3026.49
588.60	2750.83
588.80	3282.07
589.00	2778.27
589.20	3007.24
589.40	3192.37
589.60	2757.39
589.81	2895.01
590.01	2822.51
590.21	3268.56
590.41	2747.55
590.61	2950.71
590.81	2799.57
591.01	3214.90
591.22	2807.36
591.42	3314.43
591.62	3056.80
591.82	2983.89
592.02	2984.71
592.22	2943.75
592.42	3502.03
592.62	2960.54
592.82	2966.28
593.03	3128.89
593.23	2885.18
593.43	3078.10
593.63	2857.33
593.83	2831.52
594.03	3166.98
594.23	3081.37
594.43	2769.67
594.63	2728.30
594.84	2904.84
595.04	3155.51
595.24	3011.33
595.44	2768.03
595.64	3006.42
595.84	3109.23
596.04	3038.37
596.24	2855.69
596.44	2919.58
596.64	2773.77
596.84	2928.19
597.05	2923.68
597.25	3068.68
597.45	3071.54
597.65	2750.01
597.85	2930.23
598.05	2996.18
598.25	2774.59
598.45	2799.57
598.65	2933.51
598.85	2872.89
599.05	3280.03
599.25	2894.19
599.46	2654.58
599.66	3078.51
599.86	2863.88
600.06	3040.00
600.26	2858.96
600.46	2909.75
600.66	3112.91
600.86	3064.99
601.06	2858.96
601.26	2790.56
601.46	3104.31
601.66	2932.69
601.86	2740.59
602.06	2938.02
602.26	2770.08
602.46	2669.32
602.66	2806.13
602.87	2847.91
603.07	3040.41
603.27	2942.93
603.47	2889.68
603.67	3410.69
603.87	3218.59
604.07	2931.46
604.27	3096.12
604.47	2874.53
604.67	2768.85
604.87	2944.98
605.07	2890.91
605.27	2936.38
605.47	2753.70
605.67	2953.58
605.87	2924.91
606.07	3187.87
606.27	2795.07
606.47	2852.00
606.67	2700.86
606.87	2763.53
607.07	2958.91
607.27	2788.92
607.47	2956.45
607.67	3003.55
607.87	2786.06
608.07	3031.81
608.27	3052.29
608.47	2735.27
608.67	3172.71
608.87	2924.50
609.07	3096.53
609.27	2821.69
609.47	3008.88
609.67	2934.74
609.87	3035.91
610.07	2945.80
610.27	5086.74
610.47	2848.72
610.67	3024.44
610.87	2849.95
611.07	3277.98
611.27	2863.88
611.47	2964.64
611.67	3076.05
611.87	2865.93
612.07	2816.78
612.27	2948.26
612.47	2800.80
612.67	2922.45
612.87	2967.51
613.07	2794.66
613.27	2823.33
613.47	2977.34
613.67	2934.74
613.87	2966.28
614.07	2850.77
614.27	2797.12
614.47	2881.49
614.67	2955.22
614.87	2798.34
615.07	2856.51
615.27	2842.58
615.47	2861.01
615.67	3050.65
615.87	2702.09
616.07	2979.79
616.27	2972.01
616.47	2776.23
616.67	2761.89
616.87	2942.93
617.07	2713.15
617.27	3001.09
617.47	2929.00
617.66	2921.63
617.86	2876.58
618.06	2770.90
618.26	2752.88
618.46	2941.29
618.66	3116.19
618.86	3099.81
619.06	2918.77
619.26	3024.44
619.46	2874.94
619.66	3087.52
619.86	3008.47
620.06	3011.74
620.26	3071.95
620.46	3766.21
620.66	3407.00
620.85	3139.95
621.05	3250.54
621.25	2982.25
621.45	2858.55
621.65	3125.61
621.85	2901.15
622.05	3099.40
622.25	2822.10
622.45	2815.96
622.65	2864.70
622.85	2731.58
623.05	2976.93
623.25	2981.02
623.44	3191.55
623.64	2651.30
623.84	2924.91
624.04	2731.58
624.24	3027.31
624.44	3028.13
624.64	2951.94
624.84	2920.81
625.04	2889.68
625.24	2823.74
625.43	2870.84
625.63	3151.00
625.83	2911.80
626.03	2722.16
626.23	2959.72
626.43	2869.61
626.63	2791.38
626.83	2933.10
627.03	3088.75
627.22	2817.60
627.42	2861.01
627.62	2657.44
627.82	2897.47
628.02	2811.86
628.22	2774.59
628.42	2920.40
628.62	2612.80
628.82	2777.05
629.01	3340.24
629.21	2770.08
629.41	3168.62
629.61	3021.57
629.81	2889.27
630.01	3074.82
630.21	3200.98
630.40	3060.07
630.60	3027.72
630.80	2975.70
631.00	3084.24
631.20	3003.55
631.40	2942.11
631.60	2990.03
631.79	2788.92
631.99	3028.54
632.19	2982.66
632.39	2945.80
632.59	3080.96
632.79	2902.38
632.99	4722.21
633.18	2929.00
633.38	2895.83
633.58	2924.91
633.78	2854.46
633.98	2800.80
634.18	2849.54
634.37	3495.06
634.57	2994.13
634.77	3792.43
634.97	2870.02
635.17	3031.81
635.37	3312.79
635.56	2894.19
635.76	3085.88
635.96	2865.11
636.16	2981.84
636.36	2888.86
636.56	2757.79
636.75	2891.32
636.95	3007.24
637.15	2865.93
637.35	2902.79
637.55	3146.91
637.74	3087.11
637.94	2838.89
638.14	2965.87
638.34	2966.28
638.54	2588.63
638.73	3000.27
638.93	3015.84
639.13	2978.57
639.33	3000.68
639.53	2786.88
639.73	2815.14
639.92	2924.09
640.12	2810.22
640.32	2780.32
640.52	3060.07
640.71	2763.94
640.91	2945.80
641.11	2870.84
641.31	2854.05
641.51	2835.62
641.70	3008.06
641.90	3071.54
642.10	2949.48
642.30	3003.96
642.50	2982.25
642.69	2978.16
642.89	2809.81
643.09	2954.40
643.29	3008.47
643.48	2939.24
643.68	3066.63
643.88	3159.61
644.08	2581.67
644.28	3004.78
644.47	3074.00
644.67	2676.29
644.87	2757.39
645.07	2917.95
645.26	2790.15
645.46	2777.46
645.66	2879.85
645.86	2945.80
646.05	3156.33
646.25	2980.61
646.45	3037.96
646.65	3014.20
646.84	2995.36
647.04	2834.39
647.24	2916.72
647.44	2922.04
647.63	2917.95
647.83	3041.64
648.03	3063.35
648.23	2881.49
648.42	2951.12
648.62	2691.44
648.82	2651.71
649.02	2852.41
649.21	2919.17
649.41	3190.33
649.61	3098.58
649.80	2620.17
650.00	3273.88
650.20	2898.69
650.40	2819.23
650.59	3198.52
650.79	2819.64
650.99	3349.25
651.18	2875.35
651.38	2785.24
651.58	2985.53
651.78	3014.61
651.97	2931.05
652.17	2835.62
652.37	3106.77
652.56	3005.19
652.76	3054.34
652.96	2771.72
653.16	3079.33
653.35	3100.62
653.55	3099.40
653.75	2717.65
653.94	3135.44
654.14	2871.66
654.34	2987.17
654.54	2713.97
654.73	3200.57
654.93	2885.18
655.13	3080.55
655.32	2945.80
655.52	2956.45
655.72	2963.00
655.91	2815.14
656.11	2673.83
656.31	3016.25
656.50	2956.86
656.70	2875.35
656.90	2668.50
657.09	3074.82
657.29	2951.12
657.49	2822.10
657.68	2602.97
657.88	2939.24
658.08	2857.33
658.27	3197.29
658.47	2923.68
658.67	3036.32
658.86	2888.46
659.06	2936.79
659.26	2850.36
659.45	2813.09
659.65	2865.52
659.85	2950.71
660.04	2882.31
660.24	2812.68
660.44	2879.03
660.63	2921.63
660.83	3073.18
661.03	3132.57
661.22	2786.06
661.42	3013.38
661.62	2861.01
661.81	3041.64
662.01	2738.13
662.21	2709.05
662.40	2795.48
662.60	3305.83
662.79	2706.60
662.99	3143.63
663.19	2835.21
663.38	3046.56
663.58	3021.98
663.78	3066.22
663.97	2879.03
664.17	3071.13
664.36	2828.24
664.56	3082.60
664.76	2696.36
664.95	2896.24
665.15	3016.66
665.35	2945.80
665.54	3202.61
665.74	3118.65
665.93	3234.15
666.13	2881.49
666.33	2921.63
666.52	2883.13
666.72	3033.04
666.91	2747.96
667.11	2753.29
667.31	3013.79
667.50	2802.03
667.70	3056.80
667.89	2976.11
668.09	3167.39
668.29	2918.36
668.48	2874.94
668.68	3432.40
668.87	2888.86
669.07	2696.77
669.27	3044.10
669.46	2649.25
669.66	2810.22
669.85	2618.12
670.05	3068.68
670.25	2825.79
670.44	2828.24
670.64	3008.47
670.83	3118.65
671.03	2907.30
671.22	2942.11
671.42	3040.41
671.62	2737.32
671.81	2789.74
672.01	3060.48
672.20	2797.12
672.40	3002.73
672.59	3205.48
672.79	3060.89
672.99	2765.99
673.18	3064.58
673.38	2997.41
673.57	3130.53
673.77	3035.09
673.96	2823.74
674.16	2885.18
674.36	3185.00
674.55	2909.75
674.75	3037.55
674.94	2793.84
675.14	3063.76
675.33	3058.44
675.53	2968.33
675.72	2738.95
675.92	3345.97
676.11	3074.41
676.31	2855.69
676.50	2898.69
676.70	3136.26
676.90	2863.06
677.09	3071.54
677.29	2918.77
677.48	2978.57
677.68	2951.12
677.87	2831.52
678.07	2898.69
678.26	3014.61
678.46	2925.73
678.65	2879.44
678.85	2865.52
679.04	3108.00
679.24	2761.89
679.43	2775.41
679.63	2602.56
679.82	3343.10
680.02	3393.48
680.21	2982.25
680.41	2645.16
680.60	3113.32
680.80	3361.54
680.99	3105.95
681.19	3127.66
681.38	3120.29
681.58	2886.82
681.77	3238.25
681.97	2813.91
682.16	3214.08
682.36	3151.41
682.55	2967.51
682.75	2758.61
682.94	3044.10
683.14	2977.34
683.33	2591.09
683.53	3208.76
683.72	3119.47
683.92	2949.48
684.11	3147.32
684.31	2807.36
684.50	2920.40
684.70	2854.05
684.89	2823.33
685.09	2635.33
685.28	2843.81
685.48	2800.39
685.67	2855.69
685.87	2758.61
686.06	3024.44
686.26	3075.23
686.45	2799.16
686.64	2697.58
686.84	2854.87
687.03	3051.06
687.23	2840.53
687.42	2968.74
687.62	2878.62
687.81	3070.72
688.01	2912.62
688.20	2932.69
688.40	3262.82
688.59	3110.45
688.78	2985.12
688.98	2910.98
689.17	3197.70
689.37	2892.96
689.56	2888.86
689.76	3053.11
689.95	3190.33
690.15	2818.41
690.34	3199.75
690.53	2900.33
690.73	2884.77
690.92	2779.50
691.12	2887.64
691.31	3058.03
691.51	3186.64
691.70	3121.51
691.89	2820.05
692.09	2704.55
692.28	3050.65
692.48	3002.32
692.67	3088.34
692.87	2930.23
693.06	2907.30
693.25	2842.99
693.45	2908.12
693.64	3002.73
693.84	3101.44
694.03	2944.57
694.22	2861.01
694.42	2744.69
694.61	2877.40
694.81	4290.90
695.00	2935.56
695.19	2799.98
695.39	3181.72
695.58	3097.76
695.78	2915.08
695.97	2816.37
696.16	3385.70
696.36	3173.53
696.55	2902.79
696.75	2766.40
696.94	2789.33
697.13	3325.08
697.33	2855.69
697.52	2880.26
697.71	3027.72
697.91	3141.17
698.10	3426.25
698.30	2827.02
698.49	3259.55
698.68	2778.68
698.88	2842.58
699.07	2883.54
699.26	3494.65
699.46	2965.87
699.65	3109.64
699.85	3001.09
700.04	2872.89
700.23	2714.38
700.43	2982.25
700.62	2833.16
700.81	3112.50
701.01	2847.09
701.20	2969.55
701.39	2924.91
701.59	2990.03
701.78	2888.05
701.98	2866.34
702.17	2832.75
702.36	3043.28
702.56	3111.68
702.75	2915.08
702.94	2992.90
703.14	4411.32
703.33	3013.79
703.52	6355.67
703.72	2759.02
703.91	3085.47
704.10	2846.27
704.30	2844.22
704.49	2735.27
704.68	2985.12
704.88	3377.92
705.07	3195.65
705.26	2922.45
705.46	2904.43
705.65	2950.30
705.84	2785.24
706.03	2939.24
706.23	3008.47
706.42	2928.60
706.61	2956.04
706.81	3247.67
707.00	3225.14
707.19	2985.12
707.39	3144.45
707.58	2776.23
707.77	2940.06
707.97	3338.19
708.16	3033.86
708.35	2996.59
708.55	2952.35
708.74	2992.49
708.93	3285.35
709.12	2963.00
709.32	3101.85
709.51	3241.93
709.70	3087.11
709.90	3111.68
710.09	3035.09
710.28	3015.43
710.47	2797.93
710.67	2881.08
710.86	3340.24
711.05	2821.69
711.25	2888.86
711.44	2649.66
711.63	3090.79
711.82	3273.47
712.02	3576.16
712.21	2918.77
712.40	3113.32
712.59	3286.58
712.79	3250.95
712.98	2915.90
713.17	3292.31
713.37	3064.17
713.56	2850.36
713.75	2881.49
713.94	3150.19
714.14	2997.00
714.33	3178.04
714.52	2827.84
714.71	3036.32
714.91	3051.06
715.10	3232.92
715.29	2869.61
715.48	3051.88
715.68	3268.97
715.87	2963.00
716.06	3071.95
716.25	3091.20
716.45	3102.26
716.64	3056.39
716.83	3113.73
717.02	3452.06
717.21	3206.30
717.41	3486.46
717.60	3339.42
717.79	2935.97
717.98	2991.67
718.18	3069.09
718.37	2937.61
718.56	3585.58
718.75	3400.45
718.94	3107.18
719.14	2877.40
719.33	3232.51
719.52	3160.83
719.71	2962.59
719.91	2890.91
720.10	3544.21
720.29	3172.71
720.48	2958.09
720.67	3164.93
720.87	3565.10
721.06	2924.50
721.25	3276.75
721.44	2883.13
721.63	3289.86
721.83	3381.61
722.02	2871.25
722.21	3019.12
722.40	3160.43
722.59	3314.84
722.79	3107.18
722.98	3205.07
723.17	3027.72
723.36	2991.67
723.55	2897.47
723.74	2809.81
723.94	3259.55
724.13	3092.84
724.32	3003.55
724.51	3123.56
724.70	3249.31
724.90	3090.79
725.09	3388.16
725.28	3228.42
725.47	3230.47
725.66	3256.27
725.85	3128.48
726.05	3224.32
726.24	3229.24
726.43	3254.22
726.62	3293.13
726.81	2992.08
727.00	3138.31
727.20	3385.29
727.39	3237.84
727.58	2975.29
727.77	3130.53
727.96	3162.06
728.15	3459.84
728.34	3196.06
728.54	3221.86
728.73	3428.71
728.92	3169.44
729.11	3168.21
729.30	3133.39
729.49	3421.34
729.68	3345.15
729.88	3149.37
730.07	2944.16
730.26	3065.81
730.45	3606.88
730.64	3727.30
730.83	3123.15
731.02	2845.86
731.21	3515.13
731.41	3388.16
731.60	2850.77
731.79	3172.30
731.98	3693.72
732.17	3540.12
732.36	2858.55
732.55	2888.46
732.74	3768.26
732.93	3455.74
733.13	3142.40
733.32	3082.60
733.51	3413.96
733.70	3860.01
733.89	3209.58
734.08	3185.82
734.27	3307.47
734.46	3672.42
734.65	3098.58
734.85	3234.97
735.04	3420.93
735.23	3764.58
735.42	3243.57
735.61	2775.41
735.80	3515.13
735.99	3742.46
736.18	3844.86
736.37	2984.71
736.56	3751.88
736.75	3432.81
736.94	3185.82
737.14	3038.78
737.33	3602.79
737.52	3443.45
737.71	3392.26
737.90	3312.79
738.09	3772.77
738.28	3617.94
738.47	3409.87
738.66	3386.11
738.85	3792.43
739.04	3518.82
739.23	3417.24
739.42	2953.17
739.61	3687.98
739.80	3571.25
740.00	3236.61
740.19	3209.99
740.38	3590.50
740.57	3545.85
740.76	3282.48
740.95	3332.05
741.14	4021.80
741.33	4170.07
741.52	3482.37
741.71	3323.44
741.90	3903.02
742.09	3959.54
742.28	3313.20
742.47	3108.00
742.66	3711.33
742.85	3573.30
743.04	3265.69
743.23	3518.82
743.42	3882.54
743.61	3765.40
743.80	3379.15
743.99	3228.83
744.18	3930.46
744.37	3836.66
744.56	3451.65
744.75	3289.45
744.94	4107.41
745.13	3940.29
745.32	3169.85
745.51	3484.00
745.71	4017.30
745.90	3844.86
746.09	3631.87
746.28	3536.02
746.47	4036.55
746.66	4123.79
746.85	3738.36
747.04	3544.21
747.23	4023.44
747.42	4338.83
747.61	3432.40
747.80	3913.67
747.99	4199.97
748.18	3889.50
748.36	3564.28
748.55	4012.38
748.74	4510.45
748.93	4290.49
749.12	3727.30
749.31	3798.57
749.50	4143.04
749.69	4385.11
749.88	3766.21
750.07	3654.40
750.26	4575.16
750.45	4096.35
750.64	3554.04
750.83	3758.02
751.02	4308.93
751.21	4453.92
751.40	3942.34
751.59	3999.68
751.78	4555.91
751.97	4556.73
752.16	4224.55
752.35	4136.90
752.54	4564.10
752.73	4539.53
752.92	3994.77
753.11	4360.94
753.30	4346.20
753.49	4248.31
753.68	4281.48
753.87	4279.85
754.05	4763.58
754.24	4515.77
754.43	4460.07
754.62	4080.78
754.81	5261.23
755.00	4940.11
755.19	4247.08
755.38	4538.71
755.57	4908.16
755.76	4920.86
755.95	4575.57
756.14	4174.99
756.33	4966.32
756.52	4799.62
756.70	4512.08
756.89	4511.27
757.08	5173.17
757.27	4993.36
757.46	4561.65
757.65	4433.44
757.84	5226.01
758.03	4809.86
758.22	4596.05
758.41	4656.26
758.60	4826.24
758.79	5045.38
758.97	4943.39
759.16	4992.13
759.35	5250.58
759.54	5197.34
759.73	4687.80
759.92	4750.88
760.11	5081.83
760.30	5221.09
760.49	4902.02
760.67	4873.76
760.86	5531.97
761.05	5808.86
761.24	4952.40
761.43	4799.62
761.62	5638.47
761.81	5509.45
762.00	5200.61
762.19	5042.10
762.37	5772.81
762.56	5852.69
762.75	4949.94
762.94	5304.65
763.13	5438.59
763.32	5693.35
763.51	5144.91
763.70	5168.25
763.88	6135.30
764.07	5843.67
764.26	5417.29
764.45	5213.31
764.64	6030.45
764.83	6228.28
765.02	5645.43
765.20	5637.24
765.39	6154.15
765.58	6439.22
765.77	5926.41
765.96	6225.42
766.15	6181.18
766.33	6208.62
766.52	6051.34
766.71	5764.62
766.90	6713.65
767.09	6349.93
767.28	5683.93
767.46	5969.83
767.65	6408.50
767.84	6541.62
768.03	6043.56
768.22	5970.65
768.41	6307.74
768.59	6566.20
768.78	6133.67
768.97	6271.29
769.16	7060.58
769.35	6592.00
769.54	6372.87
769.72	6349.11
769.91	6877.08
770.10	7321.08
770.29	6359.35
770.48	6649.75
770.66	7079.42
770.85	7158.06
771.04	6786.56
771.23	6534.66
771.42	7446.82
771.60	7355.07
771.79	6805.81
771.98	6888.55
772.17	7457.47
772.36	7608.20
772.54	6814.00
772.73	7086.38
772.92	7705.28
773.11	7309.61
773.30	7220.73
773.48	7057.71
773.67	7600.01
773.86	7609.43
774.05	7260.87
774.23	7517.27
774.42	7908.03
774.61	8115.28
774.80	7412.42
774.99	7265.78
775.17	8079.65
775.36	7975.61
775.55	7625.41
775.74	7665.55
775.92	8159.11
776.11	7966.60
776.30	8016.98
776.49	7580.76
776.67	8118.97
776.86	7962.09
777.05	7850.68
777.24	7692.99
777.42	8367.59
777.61	8171.80
777.80	8217.68
777.99	7873.21
778.17	8427.80
778.36	8551.50
778.55	7992.81
778.74	8270.52
778.92	8549.45
779.11	8797.25
779.30	8173.03
779.49	8146.00
779.67	8745.65
779.86	8519.55
780.05	8073.91
780.24	8095.21
780.42	8820.60
780.61	8707.96
780.80	8333.18
780.98	8103.81
781.17	8667.41
781.36	8609.66
781.55	8429.44
781.73	8189.42
781.92	8821.42
782.11	8744.01
782.29	8246.35
782.48	8276.25
782.67	9063.90
782.86	8804.22
783.04	8185.73
783.23	8191.47
783.42	8780.05
783.60	8654.72
783.79	8161.97
783.98	7948.17
784.16	8592.87
784.35	8473.27
784.54	7958.41
784.73	7759.75
784.91	8391.76
785.10	8053.43
785.29	7817.51
785.47	7901.47
785.66	8302.87
785.85	7875.67
786.03	7598.78
786.22	7290.36
786.41	8050.97
786.59	7896.97
786.78	7144.54
786.97	7182.23
787.15	7736.00
787.34	7554.96
787.53	7121.61
787.71	7040.10
787.90	7449.28
788.09	7337.05
788.27	7089.66
788.46	6784.10
788.65	7318.62
788.83	7143.32
789.02	6307.74
789.21	6367.54
789.39	6791.47
789.58	7020.03
789.77	6319.21
789.95	6186.91
790.14	7036.41
790.33	6556.37
790.51	5795.75
790.70	6278.66
790.88	6419.97
791.07	6350.34
791.26	6370.00
791.44	5773.63
791.63	6161.11
791.82	6235.66
792.00	5461.52
792.19	5569.66
792.38	6401.95
792.56	5978.02
792.75	5577.85
792.93	5655.67
793.12	5962.87
793.31	5674.10
793.49	5576.21
793.68	5130.98
793.86	5498.39
794.05	5825.65
794.24	5063.81
794.42	5108.04
794.61	5439.81
794.80	5267.38
794.98	5187.50
795.17	4892.19
795.35	5440.63
795.54	5279.66
795.73	4867.61
795.91	5303.42
796.10	5242.39
796.28	5142.04
796.47	4358.08
796.66	4404.77
796.84	5403.36
797.03	4797.98
797.21	4159.01
797.40	4379.79
797.58	5038.41
797.77	4662.41
797.96	4475.63
798.14	4676.74
798.33	4974.11
798.51	4721.80
798.70	3909.98
798.88	4181.95
799.07	4493.65
799.26	4494.88
799.44	4090.20
799.63	4004.19
799.81	4163.52
800.00	4337.60
800.18	4209.80
800.37	4028.76
800.56	4148.37
800.74	4194.65
800.93	3675.69
801.11	3810.04
801.30	4232.74
801.48	4128.30
801.67	3806.35
801.85	3757.20
802.04	4186.05
802.22	3919.81
802.41	3621.63
802.60	3783.01
802.78	4024.67
802.97	3762.94
803.15	3573.30
803.34	3574.52
803.52	3968.14
803.71	3982.48
803.89	3225.55
804.08	3748.19
804.26	4082.01
804.45	3733.04
804.63	3460.66
804.82	3406.18
805.00	3730.17
805.19	4041.46
805.37	3229.24
805.56	3248.49
805.74	3984.94
805.93	3536.02
806.11	3441.00
806.30	3139.95
806.48	3550.77
806.67	3704.37
806.85	3289.04
807.04	3163.70
807.22	3465.57
807.41	3618.35
807.59	3457.38
807.78	3080.55
807.96	3805.95
808.15	3523.33
808.33	3368.91
808.52	3389.80
808.70	3719.11
808.89	3598.28
809.07	3604.83
809.26	3053.11
809.44	3429.53
809.63	3660.54
809.81	3416.42
810.00	3164.11
810.18	3509.40
810.37	3395.12
810.55	3185.41
810.74	3129.71
810.92	3673.65
811.11	3644.57
811.29	2671.37
811.48	2961.36
811.66	3171.07
811.84	3178.45
812.03	3091.20
812.21	3106.36
812.40	3260.78
812.58	3073.18
812.77	3148.96
812.95	2870.84
813.14	3244.80
813.32	3169.85
813.51	2943.75
813.69	2924.50
813.87	3095.71
814.06	3327.13
814.24	2955.63
814.43	2675.47
814.61	3363.99
814.80	3347.20
814.98	2756.57
815.16	2836.44
815.35	3416.83
815.53	3651.53
815.72	2879.03
815.90	2810.22
816.09	3187.05
816.27	3201.38
816.45	2947.85
816.64	2864.70
816.82	3569.20
817.01	3034.27
817.19	2751.65
817.37	2915.08
817.56	3360.72
817.74	2966.28
817.93	3054.75
818.11	2897.47
818.30	3130.53
818.48	2944.57
818.66	2883.95
818.85	2769.67
819.03	3170.26
819.21	3059.26
819.40	2922.45
819.58	3270.20
819.77	3177.22
819.95	3222.27
820.13	3126.02
820.32	2573.89
820.50	3414.78
820.69	3376.69
820.87	2760.25
821.05	2696.77
821.24	3208.35
821.42	3234.56
821.60	2719.29
821.79	2987.99
821.97	3188.28
822.16	3434.44
822.34	2714.79
822.52	2820.46
822.71	3404.95
822.89	3166.16
823.07	2951.53
823.26	2693.08
823.44	3056.80
823.62	2979.79
823.81	2867.98
823.99	2577.57
824.18	3200.16
824.36	2979.79
824.54	2897.88
824.73	2887.64
824.91	3415.19
825.09	3194.83
825.28	3036.73
825.46	2968.74
825.64	3298.05
825.83	3058.44
826.01	2875.76
826.19	2675.06
826.38	3037.96
826.56	3135.03
826.74	2665.23
826.93	2754.93
827.11	3073.18
827.29	3130.93
827.48	2775.82
827.66	2730.35
827.84	3205.07
828.03	3013.79
828.21	2553.41
828.39	2527.60
828.57	3320.58
828.76	3264.05
828.94	2654.17
829.12	3015.84
829.31	3157.56
829.49	3066.22
829.67	2635.33
829.86	2668.09
830.04	2994.54
830.22	3130.53
830.40	2661.54
830.59	2771.31
830.77	3182.13
830.95	3185.82
831.14	3000.68
831.32	2601.33
831.50	3017.07
831.69	3072.77
831.87	2960.13
832.05	2793.43
832.23	3083.83
832.42	3308.70
832.60	2612.80
832.78	2557.50
832.96	4336.37
833.15	3261.19
833.33	2695.54
833.51	2966.69
833.70	3190.74
833.88	3116.60
834.06	2864.70
834.24	2691.44
834.43	3441.41
834.61	3032.22
834.79	2851.59
834.97	3096.94
835.16	3269.79
835.34	2978.57
835.52	2934.74
835.70	2649.25
835.89	3056.80
836.07	3305.01
836.25	2923.27
836.43	2639.42
836.62	3051.06
836.80	3198.11
836.98	2667.27
837.16	2665.23
837.34	2997.82
837.53	3249.31
837.71	2752.47
837.89	3019.12
838.07	3148.14
838.26	3194.83
838.44	2817.19
838.62	3329.59
838.80	3126.02
838.99	3212.03
839.17	2584.13
839.35	2846.68
839.53	3159.20
839.71	3278.39
839.90	2608.70
840.08	2801.21
840.26	3250.95
840.44	3209.17
840.62	2981.43
840.81	2554.23
840.99	3543.40
841.17	3110.86
841.35	2815.55
841.53	2686.53
841.72	3254.22
841.90	3070.31
842.08	2668.09
842.26	2622.63
842.44	3085.47
842.63	3357.85
842.81	3019.53
842.99	2839.30
843.17	3159.61
843.35	3099.81
843.53	2937.61
843.72	2782.78
843.90	3225.96
844.08	3027.72
844.26	2724.21
844.44	2836.85
844.62	3370.14
844.81	3221.05
844.99	3022.80
845.17	2699.63
845.35	3139.54
845.53	3093.66
845.71	4640.29
845.90	2790.56
846.08	3088.34
846.26	2967.92
846.44	2568.15
846.62	2757.79
846.80	3064.99
846.98	2909.34
847.17	3770.31
847.35	3122.74
847.53	3180.09
847.71	3112.91
847.89	3110.86
848.07	2673.83
848.25	3049.02
848.44	2931.87
848.62	2963.00
848.80	2722.98
848.98	3042.87
849.16	3117.83
849.34	2993.31
849.52	2715.20
849.70	3135.03
849.89	3194.83
850.07	2814.73
850.25	2937.61
850.43	3043.69
850.61	3208.35
850.79	2621.40
850.97	2783.60
851.15	3271.02
851.33	3086.29
851.52	2684.89
851.70	3092.43
851.88	3230.88
852.06	3024.85
852.24	2723.80
852.42	2984.30
852.60	3323.85
852.78	3380.79
852.96	2798.75
853.14	2840.94
853.33	3373.00
853.51	3185.41
853.69	2984.30
853.87	2896.24
854.05	3054.34
854.23	2829.88
854.41	2719.70
854.59	2853.64
854.77	3231.29
854.95	3112.91
855.13	2707.41
855.31	2915.49
855.49	3028.13
855.68	3016.66
855.86	2769.67
856.04	3080.14
856.22	2895.01
856.40	3034.27
856.58	2720.52
856.76	2903.61
856.94	2949.48
857.12	3114.55
857.30	2498.11
857.48	2761.89
857.66	3141.17
857.84	3552.00
858.02	2761.07
858.20	3031.40
858.38	2999.46
858.56	3058.44
858.74	2643.11
858.92	2693.90
859.10	3105.13
859.29	3113.32
859.47	2642.29
859.65	3051.47
859.83	3104.31
860.01	3109.23
860.19	2750.42
860.37	2801.62
860.55	3224.73
860.73	3035.50
860.91	2655.81
861.09	3108.82
861.27	3025.67
861.45	3157.97
861.63	2649.66
861.81	3049.43
861.99	3037.55
862.17	3009.29
862.35	2641.47
862.53	2726.26
862.71	3383.24
862.89	3003.96
863.07	2670.96
863.25	2945.80
863.43	3168.21
863.61	3268.97
863.79	3021.57
863.97	3018.71
864.15	3110.86
864.33	2941.70
864.51	2768.44
864.69	2640.24
864.87	3212.44
865.05	3016.25
865.23	2788.51
865.41	2803.26
865.59	3274.70
865.77	3096.53
865.95	2865.11
866.13	2551.36
866.30	3069.91
866.48	2870.02
866.66	2867.16
866.84	2862.24
867.02	3068.68
867.20	2994.13
867.38	2692.67
867.56	2779.09
867.74	3296.41
867.92	3091.61
868.10	2752.47
868.28	2701.68
868.46	3128.07
868.64	3212.44
868.82	2769.67
869.00	2712.33
869.18	3025.26
869.36	3334.09
869.54	2998.23
869.72	2996.59
869.89	3100.22
870.07	3015.43
870.25	2738.95
870.43	2858.55
870.61	2922.86
870.79	3097.35
870.97	2770.49
871.15	2936.38
871.33	3559.37
871.51	2997.82
871.69	2899.10
871.87	2810.63
872.05	3205.48
872.22	3302.55
872.40	2647.61
872.58	2950.30
872.76	3218.18
872.94	3137.90
873.12	2865.93
873.30	2578.39
873.48	3173.53
873.66	3121.10
873.84	2874.53
874.01	2743.46
874.19	3058.44
874.37	3015.43
874.55	2629.59
874.73	2773.77
874.91	3309.52
875.09	2930.23
875.27	2663.59
875.45	2792.20
875.62	3157.97
875.80	3024.44
875.98	2727.08
876.16	2960.13
876.34	3194.83
876.52	2897.88
876.70	3179.68
876.88	2673.42
877.05	3229.24
877.23	3197.29
877.41	2835.21
877.59	3227.60
877.77	3187.87
877.95	2854.05
878.13	2691.44
878.30	2730.35
878.48	3138.72
878.66	3168.62
878.84	2986.76
879.02	2756.16
879.20	3168.62
879.37	3178.86
879.55	2888.05
879.73	2906.89
879.91	3136.67
880.09	3090.38
880.27	3187.87
880.45	2728.30
880.62	2994.95
880.80	2963.82
880.98	2874.12
881.16	2834.39
881.34	3031.81
881.51	2920.40
881.69	2810.22
881.87	2746.33
882.05	3089.98
882.23	2878.62
882.41	2699.22
882.58	2840.53
882.76	3059.26
882.94	2905.25
883.12	3074.82
883.30	2935.56
883.47	3295.59
883.65	3111.68
883.83	2894.60
884.01	2754.11
884.19	3066.63
884.36	3038.37
884.54	2536.20
884.72	3029.76
884.90	3015.84
885.08	3201.38
885.25	3629.41
885.43	2720.52
885.61	2938.84
885.79	3089.57
885.97	3001.09
886.14	2944.98
886.32	3006.01
886.50	3383.65
886.68	2781.14
886.85	2776.64
887.03	3281.26
887.21	3191.14
887.39	2874.12
887.56	3128.89
887.74	3068.27
887.92	3026.08
888.10	2896.65
888.27	2931.87
888.45	3329.59
888.63	3285.76
888.81	2804.08
888.99	2783.19
889.16	3023.21
889.34	3043.69
889.52	2657.03
889.69	2764.35
889.87	3287.40
890.05	3050.65
890.23	2926.96
890.40	2706.60
890.58	3095.71
890.76	3134.21
890.94	2838.08
891.11	2832.34
891.29	3068.68
891.47	2972.01
891.65	3031.40
891.82	3047.38
892.00	2909.34
892.18	3143.22
892.35	2839.30
892.53	2859.78
892.71	3321.81
892.89	3232.51
893.06	2863.06
893.24	2849.13
893.42	2799.57
893.59	3063.35
893.77	2701.68
893.95	2802.85
894.13	2827.43
894.30	3266.10
894.48	2811.45
894.66	3266.92
894.83	2984.30
895.01	3163.70
895.19	3023.21
895.36	2885.59
895.54	3300.10
895.72	3170.26
895.89	2719.70
896.07	2770.08
896.25	3194.42
896.43	2969.55
896.60	3134.62
896.78	2927.78
896.96	3273.88
897.13	3189.10
897.31	2747.15
897.49	2909.34
897.66	3301.33
897.84	3085.88
898.02	3006.83
898.19	3037.14
898.37	2997.41
898.55	3171.48
898.72	2978.16
898.90	2915.49
899.07	3101.44
899.25	3126.84
899.43	3019.93
899.60	3431.58
899.78	2985.94
899.96	2811.45
900.13	2698.81
900.31	3023.21
900.49	3033.04
900.66	3348.02
900.84	3096.94
901.02	3076.87
901.19	3162.06
901.37	2977.75
901.54	2947.03
901.72	2729.94
901.90	3035.91
902.07	3167.39
902.25	2851.18
902.43	2854.87
902.60	3307.06
902.78	2861.83
902.95	2865.11
903.13	2826.20
903.31	2973.65
903.48	3095.30
903.66	2958.09
903.83	3028.95
904.01	3167.80
904.19	2997.00
904.36	2889.27
904.54	2652.53
904.71	3182.13
904.89	2930.23
905.07	2860.19
905.24	2829.06
905.42	3155.10
905.59	3280.03
905.77	3017.07
905.95	2911.39
906.12	2913.85
906.30	3125.61
906.47	3023.21
906.65	3273.06
906.82	3306.24
907.00	3321.40
907.18	2593.14
907.35	2798.34
907.53	3177.63
907.70	3176.40
907.88	2847.91
908.05	3848.13
908.23	3144.45
908.41	3160.83
908.58	2896.65
908.76	2567.33
908.93	3330.41
909.11	3168.62
909.28	2788.51
909.46	2774.59
909.63	3258.73
909.81	3114.55
909.99	2927.78
910.16	2722.16
910.34	2953.58
910.51	3128.07
910.69	2970.78
910.86	2697.99
911.04	3126.02
911.21	2740.18
911.39	3335.32
911.56	2731.17
911.74	3023.62
911.91	3090.79
912.09	2774.18
912.26	2830.70
912.44	2797.53
912.62	2895.83
912.79	2811.86
912.97	2949.08
913.14	3326.31
913.32	3208.35
913.49	2846.68
913.67	2891.32
913.84	2782.78
914.02	2904.84
914.19	2770.08
914.37	2960.13
914.54	2917.54
914.72	2771.31
914.89	2773.77
915.07	3099.40
915.24	2976.93
915.42	3061.71
915.59	2858.15
915.77	3060.48
915.94	3387.75
916.12	3373.41
916.29	2806.54
916.46	2916.72
916.64	3111.27
916.81	3296.82
916.99	2925.73
917.16	2850.36
917.34	3325.90
917.51	3174.76
917.69	2745.92
917.86	2710.28
918.04	3015.43
918.21	3258.32
918.39	3045.33
918.56	2847.50
918.74	2853.23
918.91	3377.51
919.08	2658.26
919.26	3062.53
919.43	3169.44
919.61	3071.54
919.78	2841.76
919.96	3161.24
920.13	3321.40
920.31	3054.34
920.48	3034.27
920.65	2921.22
920.83	3269.38
921.00	3158.79
921.18	2862.24
921.35	2981.84
921.53	3025.67
921.70	3010.10
921.88	2835.21
922.05	2718.06
922.22	2878.62
922.40	3044.51
922.57	2811.45
922.75	2615.67
922.92	3095.71
923.09	2991.26
923.27	2846.68
923.44	3223.91
923.62	2951.94
923.79	3262.00
923.96	2833.16
924.14	2703.73
924.31	3270.61
924.49	3080.14
924.66	2821.28
924.83	2926.14
925.01	3065.40
925.18	3385.29
925.36	3069.09
925.53	2758.61
925.70	2991.67
925.88	2867.98
926.05	2995.77
926.23	3000.68
926.40	3118.65
926.57	3120.29
926.75	2927.37
926.92	2695.13
927.09	3108.00
927.27	2870.02
927.44	2962.18
927.62	2739.77
927.79	3256.68
927.96	2895.42
928.14	2732.40
928.31	2954.40
928.48	3344.33
928.66	3036.73
928.83	2703.32
929.00	2877.81
929.18	3063.35
929.35	3084.24
929.52	3058.03
929.70	2762.30
929.87	2916.72
930.05	2929.00
930.22	2874.53
930.39	2902.38
930.57	2949.48
930.74	3323.85
930.91	2789.74
931.09	3028.13
931.26	3089.98
931.43	3157.97
931.61	2589.86
931.78	2909.75
931.95	3004.78
932.12	3333.68
932.30	2741.41
932.47	3073.18
932.64	2861.01
932.82	2884.77
932.99	2883.13
933.16	2775.82
933.34	2997.82
933.51	3175.99
933.68	2786.47
933.86	3083.83
934.03	3025.67
934.20	2938.84
934.38	3051.06
934.55	2656.63
934.72	3447.55
934.89	3202.61
935.07	2836.85
935.24	2973.65
935.41	3046.97
935.59	3064.17
935.76	2855.69
935.93	2907.30
936.10	3010.10
936.28	3056.39
936.45	2855.69
936.62	2900.33
936.79	3249.72
936.97	2944.98
937.14	2893.78
937.31	2960.13
937.49	2916.31
937.66	3101.03
937.83	3090.38
938.00	3046.56
938.18	3282.07
938.35	3175.58
938.52	2873.71
938.69	2886.82
938.87	3019.53
939.04	2997.41
939.21	2885.59
939.38	2830.70
939.56	3006.01
939.73	2746.33
939.90	2914.26
940.07	2823.74
940.25	3022.39
940.42	3097.35
940.59	2982.66
940.76	2784.83
940.94	2914.26
941.11	2930.64
941.28	2911.39
941.45	3037.55
941.62	3105.95
941.80	2887.64
941.97	3022.80
942.14	2695.54
942.31	3299.28
942.48	2939.65
942.66	2897.47
942.83	2945.80
943.00	2736.91
943.17	3220.23
943.35	3056.80
943.52	2890.09
943.69	2858.96
943.86	2926.55
944.03	2675.88
944.21	3200.98
944.38	3056.80
944.55	2981.84
944.72	2878.22
944.89	2739.77
945.06	2992.49
945.24	2926.96
945.41	3241.12
945.58	2942.11
945.75	3134.21
945.92	2857.33
946.10	3190.33
946.27	2618.12
946.44	2935.97
946.61	2976.52
946.78	3162.88
946.95	2738.95
947.13	2879.03
947.30	2973.24
947.47	2826.20
947.64	2978.98
947.81	3165.34
947.98	2955.22
948.16	2924.09
948.33	2889.68
948.50	2873.71
948.67	2941.70
948.84	3103.49
949.01	2806.54
949.18	3014.20
949.36	3169.03
949.53	2926.55
949.70	2864.29
949.87	3085.06
950.04	2867.98
950.21	3048.61
950.38	2805.31
950.56	2994.13
950.73	3021.57
950.90	2923.68
951.07	2957.27
951.24	3032.63
951.41	2965.87
951.58	2892.55
951.75	2986.76
951.92	2898.69
952.10	2969.15
952.27	2722.16
952.44	3003.96
952.61	3599.51
952.78	2973.65
952.95	2683.66
953.12	2978.98
953.29	3024.03
953.46	2873.71
953.64	3045.74
953.81	2711.92
953.98	3132.98
954.15	2893.78
954.32	2847.09
954.49	2713.15
954.66	2985.94
954.83	2907.71
955.00	2755.75
955.17	2919.58
955.34	2917.54
955.51	2925.73
955.69	3430.35
955.86	2868.79
956.03	2982.66
956.20	3052.70
956.37	2981.02
956.54	2720.52
956.71	3058.44
956.88	2904.84
957.05	2806.54
957.22	2752.47
957.39	3135.44
957.56	2827.02
957.73	2756.16
957.90	2761.89
958.07	3162.06
958.24	3139.95
958.41	2710.69
958.59	2935.97
958.76	3159.20
958.93	3266.92
959.10	2934.33
959.27	2782.78
959.44	3224.73
959.61	2892.55
959.78	2987.17
959.95	2904.43
960.12	3225.14
960.29	3031.81
960.46	2834.80
960.63	2608.29
960.80	3043.69
960.97	3108.82
961.14	2678.33
961.31	2914.67
961.48	3278.80
961.65	3103.49
961.82	2909.75
961.99	3008.47
962.16	2917.13
962.33	3068.27
962.50	3028.95
962.67	2738.95
962.84	3022.80
963.01	2889.27
963.18	2721.75
963.35	2763.94
963.52	3165.75
963.69	2974.47
963.86	3075.64
964.03	2973.65
964.20	3375.87
964.37	3083.83
964.54	3054.34
964.71	2926.14
964.88	2975.70
965.05	3058.85
965.22	2838.08
965.39	2956.86
965.56	2929.41
965.73	2935.56
965.90	3099.40
966.07	2752.88
966.24	3085.47
966.41	2954.40
966.58	2921.22
966.74	3138.72
966.91	3357.44
967.08	3250.13
967.25	2763.94
967.42	2831.52
967.59	3178.86
967.76	2857.74
967.93	3006.01
968.10	2927.37
968.27	3076.05
968.44	3032.63
968.61	2865.11
968.78	2719.29
968.95	2958.50
969.12	2968.33
969.29	2955.63
969.46	2704.14
969.62	3305.01
969.79	2884.77
969.96	2753.70
970.13	2688.16
970.30	3088.75
970.47	3080.55
970.64	3017.48
970.81	2927.78
970.98	3099.40
971.15	2998.64
971.32	2636.96
971.49	3062.12
971.65	3230.06
971.82	3067.45
971.99	2963.41
972.16	3071.95
972.33	3012.97
972.50	3006.42
972.67	2962.18
972.84	2940.06
973.01	2879.44
973.17	3155.10
973.34	3021.57
973.51	3008.47
973.68	3078.92
973.85	2906.48
974.02	2991.26
974.19	2792.20
974.36	3114.55
974.53	3214.49
974.69	3005.19
974.86	2765.17
975.03	3277.16
975.20	2930.23
975.37	3032.63
975.54	3011.74
975.71	3124.79
975.87	3028.54
976.04	3032.22
976.21	2940.06
976.38	3096.94
976.55	3000.68
976.72	2803.26
976.89	3090.38
977.05	3169.85
977.22	3266.51
977.39	2727.48
977.56	3017.07
977.73	3033.86
977.90	2836.44
978.06	2958.50
978.23	2933.92
978.40	2884.36
978.57	3244.39
978.74	3105.13
978.91	3048.20
979.07	2948.67
979.24	3114.55
979.41	2863.88
979.58	2866.34
979.75	3273.06
979.91	2812.68
980.08	2630.82
980.25	2952.35
980.42	3122.74
980.59	3013.79
980.75	2756.57
980.92	2894.60
981.09	2996.18
981.26	3118.65
981.43	3069.91
981.59	2897.47
981.76	2941.29
981.93	2928.19
982.10	2808.58
982.27	2798.34
982.43	3166.98
982.60	2878.62
982.77	2704.96
982.94	2847.50
983.11	2902.38
983.27	2803.26
983.44	2953.99
983.61	2958.09
983.78	3307.88
983.94	3209.58
984.11	2765.99
984.28	2936.38
984.45	3244.80
984.61	2810.22
984.78	2808.17
984.95	2749.60
985.12	3060.07
985.28	3235.79
985.45	2778.27
985.62	2794.66
985.79	2978.57
985.95	2928.60
986.12	2686.12
986.29	2849.54
986.46	3267.74
986.62	3269.79
986.79	2937.20
986.96	2718.47
987.13	3085.88
987.29	3314.84
987.46	2858.55
987.63	2833.98
987.80	2857.74
987.96	3374.23
988.13	2811.04
988.30	2810.22
988.46	2956.45
988.63	3172.30
988.80	2305.60
988.97	2327.72
989.13	3072.77
989.30	3122.74
989.47	2309.70
989.63	2282.67
989.80	3336.14
989.97	3095.71
990.13	2538.25
990.30	2818.82
990.47	2968.74
990.64	2987.17
990.80	2306.83
990.97	2489.10
991.14	2906.07
991.30	3026.90
991.47	2409.64
991.64	2440.77
991.80	3054.75
991.97	2987.58
992.14	2289.63
992.30	2908.12
992.47	2915.08
992.64	3078.51
992.80	2338.78
992.97	2351.89
993.14	3397.17
993.30	3878.03
993.47	2354.75
993.64	2400.63
993.80	3320.58
993.97	3087.93
994.14	2491.15
994.30	2781.14
994.47	3182.54
994.64	3003.96
994.80	2627.54
994.97	2505.89
995.14	3192.37
995.30	3069.91
995.47	2539.07
995.63	2583.31
995.80	3054.34
995.97	3409.87
996.13	2446.91
996.30	2479.68
996.47	2992.49
996.63	3551.59
996.80	2852.00
996.97	2621.81
997.13	3176.40
997.30	3281.67
997.46	2400.63
997.63	2670.14
997.80	3294.36
997.96	3184.59
998.13	2440.77
998.29	2456.74
998.46	3047.79
998.63	2938.43
998.79	2409.23
998.96	2615.26
999.12	3264.87
999.29	3011.33
999.46	2550.95
999.62	2743.87
999.79	3181.31
999.95	3080.55
1000.12	2430.94
1000.29	2544.81
1000.45	3151.82
1000.62	3185.41
1000.78	2534.57
1000.95	2436.67
1001.11	3143.63
1001.28	3185.82
1001.45	2421.11
1001.61	2813.50
1001.78	3122.74
1001.94	3268.15
1002.11	2556.27
1002.27	2773.36
1002.44	3290.27
1002.61	3198.11
1002.77	2419.47
1002.94	2378.92
1003.10	3139.95
1003.27	3193.60
1003.43	2445.68
1003.60	2552.59
1003.76	3047.38
1003.93	3327.95
1004.10	2572.66
1004.26	2744.28
1004.43	3273.88
1004.59	3420.52
1004.76	2452.65
1004.92	2535.79
1005.09	3403.72
1005.25	3299.28
1005.42	2465.34
1005.58	2686.12
1005.75	3206.30
1005.91	3125.61
1006.08	2779.50
1006.24	2398.99
1006.41	3008.47
1006.57	3095.30
1006.74	2393.26
1006.90	2659.49
1007.07	2996.18
1007.23	3433.62
1007.40	2534.16
1007.56	2420.29
1007.73	2890.50
1007.89	3178.86
1008.06	2743.46
1008.22	2611.98
1008.39	3098.17
1008.55	3014.20
1008.72	2577.57
1008.88	2513.68
1009.05	2940.88
1009.21	3258.73
1009.38	2297.82
1009.54	2496.47
1009.71	3407.41
1009.87	3451.24
1010.04	2275.70
1010.20	2694.72
1010.37	2811.04
1010.53	3236.20
1010.70	2572.25
1010.86	2377.28
1011.03	2941.70
1011.19	2928.19
1011.35	2632.05
1011.52	2533.34
1011.68	2988.40
1011.85	3014.61
1012.01	2809.40
1012.18	2620.17
1012.34	2987.17
1012.51	2987.58
1012.67	2505.89
1012.83	2570.20
1013.00	3199.34
1013.16	2985.94
1013.33	2412.51
1013.49	2945.80
1013.66	3173.94
1013.82	3484.82
1013.99	2545.63
1014.15	2593.96
1014.31	3160.02
1014.48	3155.51
1014.64	2604.20
1014.81	2591.91
1014.97	2932.28
1015.13	3264.87
1015.30	2527.19
1015.46	2623.04
1015.63	2916.31
1015.79	3017.48
1015.95	2355.16
1016.12	2466.57
1016.28	3062.94
1016.45	3056.39
1016.61	2585.36
1016.77	2647.20
1016.94	2963.82
1017.10	3211.22
1017.27	2526.37
1017.43	2434.63
1017.59	2985.12
1017.76	3223.91
1017.92	2408.82
1018.09	2368.27
1018.25	3264.87
1018.41	3185.00
1018.58	2608.29
1018.74	2629.18
1018.90	3064.99
1019.07	3078.10
1019.23	2409.23
1019.40	2464.53
1019.56	3128.48
1019.72	2847.91
1019.89	2605.02
1020.05	2981.84
1020.21	3209.58
1020.38	3093.66
1020.54	2384.65
1020.70	2576.75
1020.87	3059.67
1021.03	3240.71
1021.19	2479.27
1021.36	2327.72
1021.52	3262.82
1021.68	3360.31
1021.85	3015.02
1022.01	2576.75
1022.17	3080.55
1022.34	3122.74
1022.50	2512.04
1022.66	2610.75
1022.83	3230.06
1022.99	3162.88
1023.15	2439.13
1023.32	2683.66
1023.48	3076.87
1023.64	3045.74
1023.81	2403.09
1023.97	2699.22
1024.13	3064.99
1024.30	3069.50
1024.46	2693.08
1024.62	2574.30
1024.79	3181.31
1024.95	3280.85
1025.11	2349.84
1025.27	2593.96
1025.44	2939.24
1025.60	3032.63
1025.76	2571.84
1025.93	2469.44
1026.09	3055.57
1026.25	3007.65
1026.41	2555.05
1026.58	2383.43
1026.74	2949.48
1026.90	3308.70
1027.07	2673.01
1027.23	2444.87
1027.39	3060.07
1027.55	3323.44
1027.72	2591.50
1027.88	2633.28
1028.04	3039.19
1028.20	3228.42
1028.37	2203.61
1028.53	2588.22
1028.69	2884.36
1028.85	3189.51
1029.02	2653.35
1029.18	2441.18
1029.34	2948.67
1029.50	3215.72
1029.67	2663.59
1029.83	2486.64
1029.99	3165.34
1030.15	3067.86
1030.32	2405.13
1030.48	2637.78
1030.64	3036.32
1030.80	3395.53
1030.97	2710.69
1031.13	2519.82
1031.29	3193.19
1031.45	3183.77
1031.61	2455.10
1031.78	2480.09
1031.94	3414.78
1032.10	3196.47
1032.26	2674.65
1032.42	2602.15
1032.59	3275.52
1032.75	3014.61
1032.91	2584.95
1033.07	2603.79
1033.24	2937.61
1033.40	3620.81
1033.56	2599.69
1033.72	2453.47
1033.88	3180.09
1034.04	3499.16
1034.21	2655.40
1034.37	2627.13
1034.53	3115.37
1034.69	2905.66
1034.85	2506.30
1035.02	2537.43
1035.18	2976.11
1035.34	3300.51
1035.50	2350.25
1035.66	2680.38
1035.82	3077.28
1035.99	3322.62
1036.15	2524.33
1036.31	2737.32
1036.47	3224.32
1036.63	3600.74
1036.79	2902.38
1036.96	2770.90
1037.12	3282.89
1037.28	2983.89
1037.44	2263.42
1037.60	2471.08
1037.76	3072.77
1037.92	3133.39
1038.09	2321.58
1038.25	2793.02
1038.41	3285.35
1038.57	3273.47
1038.73	2481.73
1038.89	2437.49
1039.05	3277.57
1039.22	3151.41
1039.38	2473.13
1039.54	2915.08
1039.70	3217.77
1039.86	3212.03
1040.02	2542.76
1040.18	2563.24
1040.34	3127.25
1040.51	3270.20
1040.67	3239.48
1040.83	2818.82
1040.99	3240.30
1041.15	3386.11
1041.31	2435.85
1041.47	2752.88
1041.63	3049.43
