345.74	1382.38
345.96	1382.38
346.17	1382.38
346.39	1363.95
346.60	1351.66
346.81	3868.61
347.03	3753.93
347.24	5146.55
347.46	5367.73
347.67	4732.86
347.89	3542.99
348.10	4521.92
348.32	4349.89
348.53	3817.41
348.75	4077.51
348.96	3688.39
349.18	5101.49
349.39	3667.91
349.61	3602.38
349.82	4640.70
350.04	4386.75
350.25	3735.50
350.47	4063.17
350.68	5150.64
350.90	5427.12
351.11	3678.15
351.32	3921.86
351.54	5470.12
351.75	5167.03
351.97	3776.45
352.18	3192.78
352.40	3899.33
352.61	4872.12
352.83	4751.29
353.04	3614.66
353.26	5330.86
353.47	4329.41
353.69	4376.51
353.90	4026.31
354.11	4001.73
354.33	6307.74
354.54	2703.32
354.76	4126.66
354.97	4163.52
355.19	4825.01
355.40	4030.40
355.62	5420.97
355.83	4132.80
356.04	4478.91
356.26	3426.25
356.47	4218.82
356.69	3686.34
356.90	6496.16
357.12	3301.33
357.33	3180.50
357.55	4370.37
357.76	4358.08
357.97	3299.28
358.19	4362.17
358.40	3604.42
358.62	5984.16
358.83	3653.58
359.05	4771.77
359.26	3860.42
359.47	4718.52
359.69	4294.59
359.90	5261.23
360.12	3561.42
360.33	4874.17
360.55	3553.23
360.76	4837.30
360.97	5398.45
361.19	5506.99
361.40	3782.60
361.62	3684.30
361.83	5263.28
362.04	5775.27
362.26	4214.72
362.47	4073.41
362.69	4153.28
362.90	4169.66
363.12	3313.61
363.33	3629.00
363.54	4808.63
363.76	5427.12
363.97	3645.38
364.19	3979.20
364.40	5486.51
364.61	3905.48
364.83	3024.85
365.04	4415.42
365.26	4057.03
365.47	5509.04
365.68	3784.65
365.90	3723.21
366.11	4167.62
366.33	5463.98
366.54	3495.88
366.75	3696.58
366.97	3540.94
367.18	4014.02
367.40	4988.85
367.61	3968.96
367.82	4366.27
368.04	5257.14
368.25	4585.40
368.46	4358.08
368.68	3932.10
368.89	6193.06
369.11	3964.87
369.32	4509.63
369.53	6117.28
369.75	4601.79
369.96	5945.25
370.18	4241.34
370.39	3928.00
370.60	4353.98
370.82	3606.47
371.03	3887.04
371.24	6993.81
371.46	4110.27
371.67	4233.15
371.88	3366.86
372.10	3629.00
372.31	3583.95
372.53	3114.96
372.74	3612.62
372.95	4054.98
373.17	3913.67
373.38	4917.17
373.59	4155.33
373.81	4106.18
374.02	5171.12
374.23	3334.09
374.45	5492.65
374.66	4833.21
374.88	4460.48
375.09	3481.55
375.30	5291.95
375.52	4644.79
375.73	5904.29
375.94	3117.01
376.16	4710.33
376.37	5038.00
376.58	5451.69
376.80	4816.82
377.01	4739.00
377.22	7430.03
377.44	4759.48
377.65	4378.56
377.86	3194.83
378.08	4650.94
378.29	4208.58
378.50	4427.71
378.72	3211.22
378.93	6526.88
379.14	5285.81
379.36	5693.35
379.57	3932.10
379.78	3798.98
380.00	4741.05
380.21	3127.25
380.42	2928.60
380.64	3217.36
380.85	3540.94
381.06	4661.18
381.28	3366.86
381.49	6496.16
381.70	3817.41
381.92	4087.75
382.13	4571.07
382.34	6520.73
382.56	5885.86
382.77	3735.50
382.98	4270.01
383.19	4882.36
383.41	4685.75
383.62	4147.14
383.83	4591.55
384.05	4792.25
384.26	4882.36
384.47	4571.07
384.69	3854.28
384.90	4489.15
385.11	5799.85
385.33	4112.32
385.54	4659.13
385.75	4505.53
385.96	4931.51
386.18	6561.69
386.39	4317.12
386.60	4243.39
386.82	6229.92
387.03	4726.71
387.24	4130.75
387.45	4161.47
387.67	3606.47
387.88	5136.31
388.09	4167.62
388.31	4145.09
388.52	4003.78
388.73	6201.25
388.94	4046.79
389.16	5201.84
389.37	3717.06
389.58	4726.71
389.80	4151.23
390.01	3858.37
390.22	4681.66
390.43	5001.14
390.65	4583.35
390.86	4954.04
391.07	4849.59
391.29	4284.35
391.50	3024.85
391.71	5382.06
391.92	6182.82
392.14	4186.05
392.35	4315.07
392.56	4042.69
392.77	5031.86
392.99	4255.68
393.20	3297.23
393.41	3882.95
393.62	3954.63
393.84	3977.16
394.05	4378.56
394.26	4896.69
394.47	5515.18
394.69	5736.36
394.90	4859.83
395.11	4052.93
395.32	3858.37
395.54	3860.42
395.75	3702.73
395.96	3835.85
396.17	6047.65
396.39	5558.19
396.60	3657.67
396.81	4710.33
397.02	4034.50
397.24	5044.15
397.45	5418.93
397.66	3608.52
397.87	5271.47
398.09	4796.34
398.30	4106.18
398.51	4583.35
398.72	4227.01
398.94	4521.92
399.15	5765.03
399.36	5224.37
399.57	4933.56
399.79	4820.92
400.00	6307.74
400.21	3430.35
400.42	5134.26
400.63	4446.14
400.85	5169.07
401.06	4472.76
401.27	4603.83
401.48	7069.59
401.70	4036.55
401.91	6528.92
402.12	5253.04
402.33	5691.31
402.54	3962.82
402.76	4233.15
402.97	6125.47
403.18	4632.51
403.39	4069.31
403.60	5203.89
403.82	4280.25
404.03	2631.64
404.24	3758.02
404.45	4935.60
404.66	5633.96
404.88	3143.63
405.09	5869.48
405.30	4595.64
405.51	4308.93
405.73	4421.56
405.94	3583.95
406.15	4157.38
406.36	4208.58
406.57	4358.08
406.78	4145.09
407.00	4499.39
407.21	5517.23
407.42	3825.61
407.63	5986.21
407.84	4554.68
408.06	4380.61
408.27	3243.98
408.48	3930.05
408.69	4489.15
408.90	3870.66
409.12	3413.96
409.33	4370.37
409.54	3291.09
409.75	4718.52
409.96	4284.35
410.17	4661.18
410.39	4313.02
410.60	6180.77
410.81	3489.74
411.02	4833.21
411.23	11966.28
411.44	3989.44
411.66	4599.74
411.87	5445.55
412.08	6076.32
412.29	3553.23
412.50	4157.38
412.71	3807.17
412.93	3592.14
413.14	4220.86
413.35	5023.67
413.56	3743.69
413.77	4669.37
413.98	4739.00
414.20	3919.81
414.41	4898.74
414.62	3776.45
414.83	3350.48
415.04	4075.46
415.25	4790.20
415.46	5310.38
415.68	4218.82
415.89	3370.96
416.10	4259.78
416.31	3354.57
416.52	5085.11
416.73	4624.31
416.94	3923.91
417.16	4921.27
417.37	4609.98
417.58	4874.17
417.79	3604.42
418.00	4536.25
418.21	4452.28
418.42	4675.51
418.64	3710.92
418.85	3700.68
419.06	4257.73
419.27	4132.80
419.48	4847.54
419.69	4419.52
419.90	3358.67
420.11	3858.37
420.33	3647.43
420.54	5783.46
420.75	5689.26
420.96	3530.70
421.17	4716.47
421.38	4384.70
421.59	3921.86
421.80	3733.45
422.02	4495.29
422.23	4626.36
422.44	5263.28
422.65	4265.92
422.86	4259.78
423.07	3450.83
423.28	4569.02
423.49	2559.96
423.70	4014.02
423.92	3645.38
424.13	5377.97
424.34	3430.35
424.55	3835.85
424.76	5119.92
424.97	5812.14
425.18	3819.46
425.39	4440.00
425.60	3651.53
425.81	4319.17
426.03	4284.35
426.24	4116.42
426.45	3987.40
426.66	6594.46
426.87	4093.89
427.08	5250.99
427.29	4216.77
427.50	4714.42
427.71	3915.72
427.92	3868.61
428.13	3542.99
428.34	4284.35
428.56	5218.22
428.77	5359.53
428.98	7040.92
429.19	4603.83
429.40	5089.20
429.61	4210.62
429.82	4634.55
430.03	4278.21
430.24	4966.32
430.45	3067.86
430.66	4577.21
430.87	4257.73
431.08	4396.99
431.30	3135.44
431.51	4530.11
431.72	4329.41
431.93	5050.29
432.14	3209.17
432.35	4257.73
432.56	5824.42
432.77	3854.28
432.98	4388.80
433.19	4110.27
433.40	4409.28
433.61	3438.54
433.82	4464.57
434.03	3518.41
434.24	3702.73
434.45	6543.26
434.66	5842.85
434.87	4812.73
435.09	4323.26
435.30	4546.49
435.51	4716.47
435.72	4716.47
435.93	3825.61
436.14	4992.95
436.35	4251.58
436.56	4845.49
436.77	4259.78
436.98	3301.33
437.19	4980.66
437.40	5742.50
437.61	4911.03
437.82	4175.81
438.03	4200.38
438.24	4526.01
438.45	4673.46
438.66	3436.49
438.87	3264.46
439.08	4646.84
439.29	4011.97
439.50	5453.74
439.71	6602.65
439.92	3862.47
440.13	3911.62
440.34	3948.48
440.55	4470.72
440.76	3971.01
440.97	5658.54
441.18	4544.44
441.39	3481.55
441.60	4292.54
441.81	4278.21
442.02	3801.03
442.23	4085.70
442.44	4906.93
442.65	4356.03
442.86	4861.88
443.07	4270.01
443.28	4632.51
443.49	5119.92
443.70	4245.44
443.91	3282.89
444.12	4319.17
444.33	4337.60
444.54	4521.92
444.75	3733.45
444.96	5201.84
445.17	6182.82
445.38	5636.01
445.59	4165.57
445.80	4265.92
446.01	4128.70
446.22	5971.88
446.43	3790.79
446.64	3950.53
446.85	4323.26
447.06	3815.37
447.27	4325.31
447.48	6205.35
447.69	4396.99
447.90	4267.97
448.11	2818.00
448.32	4511.68
448.53	4571.07
448.74	4382.65
448.95	4054.98
449.16	3729.35
449.37	4566.97
449.58	3198.93
449.79	3626.95
450.00	3225.55
450.21	3864.52
450.42	3686.34
450.63	3332.05
450.84	3407.82
451.05	3864.52
451.26	4091.84
451.47	4456.38
451.68	4726.71
451.89	4282.30
452.10	4624.31
452.30	5273.52
452.51	4915.12
452.72	3459.02
452.93	4249.54
453.14	3880.90
453.35	4276.16
453.56	5160.88
453.77	3887.04
453.98	3932.10
454.19	5459.88
454.40	4011.97
454.61	3964.87
454.82	4411.32
455.03	3198.93
455.24	3291.09
455.45	4184.00
455.66	5230.51
455.87	3950.53
456.07	3616.71
456.28	3219.41
456.49	3289.04
456.70	4708.28
456.91	4249.54
457.12	3364.81
457.33	3377.10
457.54	4497.34
457.75	5128.11
457.96	5367.73
458.17	4577.21
458.38	4124.61
458.59	3459.02
458.79	2764.76
459.00	2820.05
459.21	3151.82
459.42	3194.83
459.63	4022.21
459.84	2811.86
460.05	7724.94
460.26	4423.61
460.47	3897.28
460.68	3663.82
460.89	4847.54
461.09	5291.95
461.30	5115.83
461.51	3749.83
461.72	5093.30
461.93	4710.33
462.14	3659.72
462.35	3043.28
462.56	4798.39
462.77	2969.55
462.98	5363.63
463.18	3790.79
463.39	4396.99
463.60	5226.42
463.81	4546.49
464.02	5562.28
464.23	4349.89
464.44	6813.59
464.65	4087.75
464.86	3803.08
465.06	2822.10
465.27	4073.41
465.48	3112.91
465.69	4050.88
465.90	4566.97
466.11	4384.70
466.32	3612.62
466.53	3002.32
466.74	4687.80
466.94	4173.76
467.15	4562.87
467.36	3577.80
467.57	5320.62
467.78	4509.63
467.99	4030.40
468.20	5996.45
468.40	3717.06
468.61	3538.89
468.82	3964.87
469.03	5617.58
469.24	5259.18
469.45	4173.76
469.66	4081.60
469.86	4034.50
470.07	5027.76
470.28	4093.89
470.49	3637.19
470.70	3852.23
470.91	3919.81
471.12	4841.40
471.32	4034.50
471.53	3649.48
471.74	4925.36
471.95	4386.75
472.16	3471.31
472.37	4417.47
472.58	5150.64
472.78	3502.03
472.99	3487.69
473.20	4214.72
473.41	4054.98
473.62	3248.08
473.83	5466.03
474.03	4745.14
474.24	4431.80
474.45	4437.95
474.66	3803.08
474.87	4186.05
475.08	3719.11
475.28	5431.21
475.49	5300.14
475.70	3887.04
475.91	4638.65
476.12	3891.14
476.32	3893.19
476.53	4108.23
476.74	4564.92
476.95	4505.53
477.16	3614.66
477.37	5038.00
477.57	4558.78
477.78	3815.37
477.99	3471.31
478.20	4476.86
478.41	5013.43
478.61	5169.07
478.82	5083.06
479.03	4384.70
479.24	4495.29
479.45	3737.54
479.65	3293.13
479.86	4562.87
480.07	4644.79
480.28	4026.31
480.49	9119.60
480.69	3839.94
480.90	4380.61
481.11	3694.54
481.32	2785.24
481.53	4188.10
481.73	4300.73
481.94	4452.28
482.15	4300.73
482.36	3921.86
482.57	3727.30
482.77	5855.14
482.98	5250.99
483.19	4415.42
483.40	3555.27
483.60	4149.18
483.81	4634.55
484.02	4843.45
484.23	3729.35
484.44	3014.61
484.64	3803.08
484.85	3891.14
485.06	4274.11
485.27	3923.91
485.47	4173.76
485.68	4677.56
485.89	4841.40
486.10	6166.43
486.31	5513.13
486.51	4841.40
486.72	3774.41
486.93	4026.31
487.14	4087.75
487.34	3479.50
487.55	3919.81
487.76	4825.01
487.97	4702.14
488.17	4020.16
488.38	3891.14
488.59	3829.70
488.80	4833.21
489.00	4904.89
489.21	4921.27
489.42	3975.11
489.63	4978.61
489.83	4855.73
490.04	3626.95
490.25	3776.45
490.46	4022.21
490.66	5007.28
490.87	3979.20
491.08	3493.83
491.29	4153.28
491.49	4106.18
491.70	3780.55
491.91	4116.42
492.11	4399.04
492.32	3870.66
492.53	2818.00
492.74	5390.25
492.94	5504.94
493.15	4743.10
493.36	4011.97
493.57	4384.70
493.77	3876.80
493.98	4933.56
494.19	5093.30
494.39	4552.63
494.60	3342.28
494.81	3776.45
495.02	5263.28
495.22	5275.57
495.43	3194.83
495.64	3139.54
495.84	3346.38
496.05	5314.48
496.26	4890.55
496.47	4935.60
496.67	5449.64
496.88	4239.30
497.09	4853.69
497.29	2811.86
497.50	2926.55
497.71	4349.89
497.91	3205.07
498.12	5056.43
498.33	3815.37
498.54	4810.68
498.74	4472.76
498.95	3319.76
499.16	4540.35
499.36	4442.04
499.57	3669.96
499.78	3854.28
499.98	3977.16
500.19	3356.62
500.40	4106.18
500.60	5472.17
500.81	3864.52
501.02	4857.78
501.22	6434.72
501.43	3780.55
501.64	3870.66
501.85	4734.90
502.05	6664.09
502.26	3266.51
502.47	5294.00
502.67	3985.35
502.88	4255.68
503.09	5218.22
503.29	3098.58
503.50	4388.80
503.71	6164.39
503.91	4419.52
504.12	3801.03
504.33	4239.30
504.53	4300.73
504.74	4644.79
504.95	5138.35
505.15	4333.50
505.36	5347.25
505.56	4155.33
505.77	6307.74
505.98	3563.47
506.18	5715.88
506.39	3893.19
506.60	3971.01
506.80	4970.42
507.01	4169.66
507.22	4026.31
507.42	4898.74
507.63	3596.23
507.84	4513.72
508.04	2629.59
508.25	4726.71
508.45	6133.67
508.66	3819.46
508.87	3618.76
509.07	4935.60
509.28	4906.93
509.49	3510.22
509.69	4620.22
509.90	4546.49
510.11	3530.70
510.31	4145.09
510.52	4069.31
510.72	4165.57
510.93	4366.27
511.14	3712.97
511.34	3207.12
511.55	3676.10
511.76	6492.06
511.96	6043.56
512.17	4409.28
512.37	5007.28
512.58	4100.03
512.79	3231.69
512.99	4323.26
513.20	4341.69
513.40	5187.50
513.61	4425.66
513.82	4034.50
514.02	3039.19
514.23	3874.76
514.43	5994.40
514.64	4085.70
514.85	4612.03
515.05	5001.14
515.26	4679.61
515.46	5355.44
515.67	5099.44
515.88	3973.06
516.08	5689.26
516.29	4175.81
516.49	3504.07
516.70	3819.46
516.91	3917.76
517.11	5099.44
517.32	4167.62
517.52	4628.41
517.73	3477.45
517.93	5263.28
518.14	5302.19
518.35	3407.82
518.55	3205.07
518.76	4941.75
518.96	5461.93
519.17	3637.19
519.38	4259.78
519.58	4911.03
519.79	3983.30
519.99	4233.15
520.20	3979.20
520.40	3899.33
520.61	3938.24
520.82	5969.83
521.02	5365.68
521.23	4855.73
521.43	4546.49
521.64	3119.06
521.84	3801.03
522.05	3471.31
522.25	3528.65
522.46	3688.39
522.67	4317.12
522.87	5640.11
523.08	4980.66
523.28	3815.37
523.49	5330.86
523.69	4300.73
523.90	3944.39
524.10	4816.82
524.31	3903.43
524.51	5357.49
524.72	4904.89
524.93	5398.45
525.13	4184.00
525.34	4298.69
525.54	4304.83
525.75	4851.64
525.95	2889.68
526.16	5566.38
526.36	3854.28
526.57	5396.40
526.77	3108.82
526.98	6416.29
527.18	3483.59
527.39	3774.41
527.59	5668.78
527.80	4249.54
528.00	4480.96
528.21	4718.52
528.42	3921.86
528.62	4732.86
528.83	4298.69
529.03	6459.29
529.24	4739.00
529.44	4161.47
529.65	4519.87
529.85	4306.88
530.06	5537.71
530.26	4057.03
530.47	5160.88
530.67	5535.66
530.88	3532.75
531.08	4374.46
531.29	4087.75
531.49	3870.66
531.70	4904.89
531.90	3598.28
532.11	4419.52
532.31	4560.83
532.52	4685.75
532.72	3086.29
532.93	4642.75
533.13	3616.71
533.34	3790.79
533.54	4765.62
533.75	3299.28
533.95	3885.00
534.16	3952.58
534.36	4112.32
534.57	3729.35
534.77	5189.55
534.97	4657.08
535.18	3807.17
535.38	3665.86
535.59	3123.15
535.79	3964.87
536.00	3530.70
536.20	3780.55
536.41	2809.81
536.61	4571.07
536.82	3567.56
537.02	3407.82
537.23	4794.29
537.43	4995.00
537.64	3661.77
537.84	4356.03
538.05	4300.73
538.25	5169.07
538.45	3626.95
538.66	4652.98
538.86	3934.15
539.07	3440.59
539.27	4079.55
539.48	3919.81
539.68	4812.73
539.89	4134.85
540.09	5386.16
540.29	4825.01
540.50	2861.01
540.70	4747.19
540.91	3575.75
541.11	5083.06
541.32	4196.29
541.52	4485.05
541.73	4483.00
541.93	3477.45
542.13	4929.46
542.34	3833.80
542.54	3770.31
542.75	4235.20
542.95	7212.95
543.16	4054.98
543.36	4034.50
543.56	4519.87
543.77	5003.19
543.97	5113.78
544.18	4530.11
544.38	4270.01
544.59	3526.60
544.79	3874.76
544.99	5881.77
545.20	6182.82
545.40	3813.32
545.61	4177.86
545.81	4718.52
546.01	5230.51
546.22	4329.41
546.42	4184.00
546.63	4075.46
546.83	5087.15
547.04	3833.80
547.24	4267.97
547.44	3256.27
547.65	4693.94
547.85	3461.07
548.06	3479.50
548.26	3991.49
548.46	6946.71
548.67	4292.54
548.87	4108.23
549.08	3663.82
549.28	4159.42
549.48	4634.55
549.69	5337.01
549.89	3602.38
550.09	5824.42
550.30	5255.09
550.50	3614.66
550.71	3520.46
550.91	4384.70
551.11	3143.63
551.32	4954.04
551.52	3966.92
551.73	4601.79
551.93	3704.78
552.13	4849.59
552.34	5722.02
552.54	3172.30
552.74	5164.98
552.95	3667.91
553.15	4650.94
553.35	3989.44
553.56	4734.90
553.76	4730.81
553.97	4024.26
554.17	4380.61
554.37	3368.91
554.58	5156.79
554.78	4169.66
554.98	4048.83
555.19	3981.25
555.39	4669.37
555.59	3471.31
555.80	4544.44
556.00	4071.36
556.20	4919.22
556.41	3807.17
556.61	3913.67
556.82	3299.28
557.02	4837.30
557.22	3874.76
557.43	3282.89
557.63	4224.96
557.83	4652.98
558.04	5996.45
558.24	3471.31
558.44	4372.41
558.65	3708.87
558.85	2942.93
559.05	3383.24
559.26	3801.03
559.46	3801.03
559.66	3391.44
559.87	3702.73
560.07	4655.03
560.27	5879.72
560.48	5214.13
560.68	4851.64
560.88	3614.66
561.08	4722.62
561.29	5484.46
561.49	3626.95
561.69	3504.07
561.90	6213.54
562.10	3911.62
562.30	5916.58
562.51	4421.56
562.71	3887.04
562.91	5799.85
563.12	4087.75
563.32	3626.95
563.52	4224.96
563.72	4276.16
563.93	4364.22
564.13	3598.28
564.33	5957.54
564.54	4083.65
564.74	4485.05
564.94	4628.41
565.15	3549.13
565.35	3430.35
565.55	5595.05
565.75	2942.93
565.96	4534.20
566.16	4028.35
566.36	3612.62
566.57	4018.11
566.77	6328.22
566.97	4825.01
567.17	5590.95
567.38	3801.03
567.58	4384.70
567.78	4190.14
567.99	6381.47
568.19	4433.85
568.39	4779.96
568.59	5603.24
568.80	4720.57
569.00	4939.70
569.20	4083.65
569.40	3964.87
569.61	5533.61
569.81	5023.67
570.01	3743.69
570.21	4081.60
570.42	5795.75
570.62	3948.48
570.82	3731.40
571.02	3411.92
571.23	3536.84
571.43	5625.77
571.63	3706.82
571.84	3270.61
572.04	3373.00
572.24	5058.48
572.44	4370.37
572.64	4220.86
572.85	4206.53
573.05	5480.36
573.25	5840.81
573.45	3166.16
573.66	6631.32
573.86	3575.75
574.06	4081.60
574.26	5062.58
574.47	3858.37
574.67	4831.16
574.87	3080.14
575.07	3930.05
575.28	3690.44
575.48	4505.53
575.68	4571.07
575.88	4399.04
576.08	5670.83
576.29	4476.86
576.49	4839.35
576.69	4511.68
576.89	3682.25
577.10	4001.73
577.30	4794.29
577.50	3876.80
577.70	3252.17
577.90	5685.16
578.11	4771.77
578.31	3643.34
578.51	4702.14
578.71	3542.99
578.91	4528.06
579.12	4511.68
579.32	4804.53
579.52	12738.37
579.72	3964.87
579.92	4698.04
580.13	4603.83
580.33	6141.86
580.53	4655.03
580.73	4677.56
580.93	4874.17
581.14	4362.17
581.34	5117.87
581.54	3284.94
581.74	4777.91
581.94	4272.06
582.15	5431.21
582.35	3100.62
582.55	3868.61
582.75	7122.84
582.95	3942.34
583.15	6082.47
583.36	5029.81
583.56	4669.37
583.76	3682.25
583.96	4356.03
584.16	4474.81
584.37	4411.32
584.57	4448.19
584.77	3336.14
584.97	4155.33
585.17	4472.76
585.37	4898.74
585.57	4806.58
585.78	3551.18
585.98	4095.94
586.18	4136.90
586.38	4046.79
586.58	3432.40
586.78	3542.99
586.99	3717.06
587.19	4554.68
587.39	4061.12
587.59	3950.53
587.79	4222.91
587.99	4536.25
588.19	4005.83
588.40	4689.85
588.60	3794.89
588.80	6399.90
589.00	3489.74
589.20	4546.49
589.40	5597.10
589.60	3518.41
589.81	4628.41
590.01	3684.30
590.21	5982.12
590.41	3608.52
590.61	4423.61
590.81	3325.90
591.01	5572.52
591.22	3553.23
591.42	6510.49
591.62	4739.00
591.82	3932.10
592.02	4992.95
592.22	4274.11
592.42	7085.97
592.62	4886.45
592.82	4544.44
593.03	4569.02
593.23	4261.82
593.43	5418.93
593.63	3610.57
593.83	4108.23
594.03	6197.15
594.23	5588.91
594.43	3925.96
594.63	2877.40
594.84	4057.03
595.04	5470.12
595.24	4669.37
595.44	3841.99
595.64	4822.97
595.84	4487.10
596.04	4894.65
596.24	3977.16
596.44	4382.65
596.64	3481.55
596.84	3588.04
597.05	4263.87
597.25	5502.89
597.45	4513.72
597.65	3735.50
597.85	3885.00
598.05	4224.96
598.25	3710.92
598.45	4165.57
598.65	3825.61
598.85	4595.64
599.05	5877.67
599.25	4566.97
599.46	3086.29
599.66	5177.26
599.86	3997.64
600.06	4310.97
600.26	3727.30
600.46	3766.21
600.66	4460.48
600.86	5003.19
601.06	3561.42
601.26	3831.75
601.46	5402.54
601.66	3743.69
601.86	3653.58
602.06	4788.15
602.26	3727.30
602.46	3309.52
602.66	3672.01
602.87	4050.88
603.07	4652.98
603.27	4538.30
603.47	3899.33
603.67	6700.95
603.87	5392.30
604.07	4175.81
604.27	4833.21
604.47	4495.29
604.67	3579.85
604.87	4106.18
605.07	3782.60
605.27	4251.58
605.47	3338.19
605.67	4325.31
605.87	4607.93
606.07	5650.35
606.27	3872.71
606.47	3885.00
606.67	3174.35
606.87	3301.33
607.07	4734.90
607.27	3178.45
607.47	4282.30
607.67	4450.24
607.87	3596.23
608.07	4554.68
608.27	4919.22
608.47	3428.30
608.67	5117.87
608.87	4102.08
609.07	5103.54
609.27	5060.53
609.47	4194.24
609.67	4595.64
609.87	4528.06
610.07	4003.78
610.27	14638.88
610.47	3149.78
610.67	4347.84
610.87	4267.97
611.07	6102.95
611.27	4063.17
611.47	4931.51
611.67	5197.74
611.87	4153.28
612.07	4241.34
612.27	3960.77
612.47	3123.15
612.67	4214.72
612.87	4347.84
613.07	3381.20
613.27	4378.56
613.47	4642.75
613.67	3551.18
613.87	4390.84
614.07	4079.55
614.27	3788.74
614.47	4390.84
614.67	4736.95
614.87	4028.35
615.07	4308.93
615.27	3817.41
615.47	4233.15
615.67	5097.39
615.87	3088.34
616.07	4022.21
616.27	4564.92
616.47	3841.99
616.67	3514.31
616.87	3919.81
617.07	3395.53
617.27	3954.63
617.47	3897.28
617.66	4372.41
617.86	4347.84
618.06	3758.02
618.26	3475.40
618.46	4435.90
618.66	5160.88
618.86	5316.53
619.06	4046.79
619.26	4315.07
619.46	3882.95
619.66	5746.60
619.86	4218.82
620.06	4403.13
620.26	5674.92
620.46	8234.88
620.66	6166.43
620.85	4607.93
621.05	5693.35
621.25	4808.63
621.45	3897.28
621.65	5398.45
621.85	4331.45
622.05	5093.30
622.25	3624.90
622.45	3891.14
622.65	3868.61
622.85	3381.20
623.05	4253.63
623.25	4014.02
623.44	5373.87
623.64	2992.08
623.84	3549.13
624.04	3194.83
624.24	4095.94
624.44	4499.39
624.64	4255.68
624.84	3862.47
625.04	3446.73
625.24	3233.74
625.43	3669.96
625.63	4921.27
625.83	3495.88
626.03	3743.69
626.23	4628.41
626.43	4511.68
626.63	3553.23
626.83	4521.92
627.03	4710.33
627.22	3833.80
627.42	4249.54
627.62	2979.79
627.82	4536.25
628.02	3745.73
628.22	3362.76
628.42	4419.52
628.62	2947.03
628.82	3643.34
629.01	5906.34
629.21	3203.02
629.41	5361.58
629.61	4685.75
629.81	4014.02
630.01	5177.26
630.21	5255.09
630.40	4190.14
630.60	4509.63
630.80	4687.80
631.00	5005.24
631.20	5093.30
631.40	4130.75
631.60	4698.04
631.79	3231.69
631.99	5025.72
632.19	4313.02
632.39	3891.14
632.59	4689.85
632.79	4044.74
632.99	13975.34
633.18	4370.37
633.38	3921.86
633.58	4782.01
633.78	3792.84
633.98	3958.72
634.18	3780.55
634.37	6666.14
634.57	4685.75
634.77	9426.80
634.97	3629.00
635.17	4411.32
635.37	5674.92
635.56	3571.66
635.76	5527.47
635.96	3342.28
636.16	3940.29
636.36	3780.55
636.56	3655.62
636.75	4011.97
636.95	5033.91
637.15	4480.96
637.35	3909.57
637.55	5238.70
637.74	5025.72
637.94	4255.68
638.14	4505.53
638.34	4407.23
638.54	2770.90
638.73	4147.14
638.93	4245.44
639.13	4652.98
639.33	4677.56
639.53	3678.15
639.73	4011.97
639.92	4128.70
640.12	3504.07
640.32	4014.02
640.52	4855.73
640.71	3047.38
640.91	4233.15
641.11	3940.29
641.31	3700.68
641.51	3524.55
641.70	4552.63
641.90	4640.70
642.10	4259.78
642.30	4431.80
642.50	4519.87
642.69	4188.10
642.89	3602.38
643.09	3497.93
643.29	4392.89
643.48	4876.21
643.68	3710.92
643.88	5756.84
644.08	2688.98
644.28	4636.60
644.47	4945.84
644.67	3354.57
644.87	3217.36
645.07	4118.47
645.26	3790.79
645.46	3512.27
645.66	4005.83
645.86	5027.76
646.05	5316.53
646.25	4773.82
646.45	4921.27
646.65	5076.91
646.84	4687.80
647.04	3833.80
647.24	4487.10
647.44	4366.27
647.63	4333.50
647.83	4802.49
648.03	4186.05
648.23	4386.75
648.42	3422.16
648.62	2938.84
648.82	2965.46
649.02	4095.94
649.21	3577.80
649.41	5394.35
649.61	5676.97
649.80	3119.06
650.00	5431.21
650.20	3530.70
650.40	4587.45
650.59	5625.77
650.79	3332.05
650.99	5451.69
651.18	4112.32
651.38	3334.09
651.58	4325.31
651.78	4491.20
651.97	4669.37
652.17	3983.30
652.37	4370.37
652.56	4315.07
652.76	4951.99
652.96	3680.20
653.16	4470.72
653.35	4577.21
653.55	5035.96
653.75	4028.35
653.94	5105.59
654.14	3790.79
654.34	4216.77
654.54	3784.65
654.73	4849.59
654.93	4112.32
655.13	5300.14
655.32	4915.12
655.52	3522.51
655.72	4364.22
655.91	3796.93
656.11	2875.35
656.31	4448.19
656.50	4108.23
656.70	4009.92
656.90	3653.58
657.09	4276.16
657.29	3819.46
657.49	4054.98
657.68	3090.38
657.88	4380.61
658.08	3692.49
658.27	5525.42
658.47	5332.91
658.67	3946.44
658.86	4218.82
659.06	4921.27
659.26	4089.79
659.45	3850.18
659.65	4050.88
659.85	4194.24
660.04	4665.27
660.24	3590.09
660.44	4071.36
660.63	4210.62
660.83	5605.29
661.03	4872.12
661.22	3719.11
661.42	4485.05
661.62	4419.52
661.81	4259.78
662.01	3772.36
662.21	3096.53
662.40	3401.68
662.60	5646.25
662.79	3114.96
662.99	5048.24
663.19	4212.67
663.38	4177.86
663.58	4202.43
663.78	4861.88
663.97	4560.83
664.17	4325.31
664.36	3309.52
664.56	4886.45
664.76	3125.20
664.95	4075.46
665.15	4069.31
665.35	4382.65
665.54	5722.02
665.74	4540.35
665.93	5674.92
666.13	4247.49
666.33	3672.01
666.52	3514.31
666.72	4300.73
666.91	3964.87
667.11	3407.82
667.31	4321.21
667.50	3446.73
667.70	4741.05
667.89	5437.36
668.09	5597.10
668.29	4353.98
668.48	4175.81
668.68	7135.12
668.87	3954.63
669.07	2947.03
669.27	5201.84
669.46	3160.02
669.66	3758.02
669.85	2992.08
670.05	4587.45
670.25	3981.25
670.44	4296.64
670.64	3825.61
670.83	5625.77
671.03	4806.58
671.22	4741.05
671.42	4376.51
671.62	3340.24
671.81	4145.09
672.01	4177.86
672.20	3784.65
672.40	4802.49
672.59	5871.53
672.79	4892.60
672.99	3651.53
673.18	5238.70
673.38	5021.62
673.57	5095.35
673.77	4153.28
673.96	3811.27
674.16	4071.36
674.36	5173.17
674.55	4028.35
674.75	4640.70
674.94	4194.24
675.14	4497.34
675.33	4589.50
675.53	4333.50
675.72	3835.85
675.92	6526.88
676.11	4632.51
676.31	4011.97
676.50	4415.42
676.70	4808.63
676.90	4054.98
677.09	4063.17
677.29	4628.41
677.48	4145.09
677.68	4456.38
677.87	3506.12
678.07	3766.21
678.26	4716.47
678.46	4345.79
678.65	3995.59
678.85	4267.97
679.04	4116.42
679.24	3483.59
679.43	3542.99
679.63	3561.42
679.82	6260.64
680.02	6442.91
680.21	4050.88
680.41	3000.27
680.60	4718.52
680.80	6037.41
680.99	5093.30
681.19	5283.76
681.38	4267.97
681.58	3725.26
681.77	6616.99
681.97	3938.24
682.16	5031.86
682.36	4751.29
682.55	4640.70
682.75	3682.25
682.94	4980.66
683.14	4900.79
683.33	2912.21
683.53	5363.63
683.72	5525.42
683.92	4108.23
684.11	5713.83
684.31	4138.94
684.50	3643.34
684.70	3698.63
684.89	4227.01
685.09	3274.70
685.28	3958.72
685.48	3958.72
685.67	4167.62
685.87	4038.59
686.06	4421.56
686.26	5017.52
686.45	3706.82
686.64	3755.97
686.84	3399.63
687.03	4243.39
687.23	4104.13
687.42	4691.90
687.62	4130.75
687.81	5152.69
688.01	4257.73
688.20	4480.96
688.40	5689.26
688.59	5339.05
688.78	4769.72
688.98	5111.73
689.17	5087.15
689.37	3948.48
689.56	4462.52
689.76	4761.53
689.95	5423.02
690.15	3981.25
690.34	5859.24
690.53	4282.30
690.73	3874.76
690.92	3514.31
691.12	3776.45
691.31	5576.62
691.51	5025.72
691.70	5070.77
691.89	3934.15
692.09	3520.46
692.28	4442.04
692.48	4972.47
692.67	5177.26
692.87	4337.60
693.06	3778.50
693.25	4196.29
693.45	4046.79
693.64	4632.51
693.84	3973.06
694.03	3585.99
694.22	3989.44
694.42	4085.70
694.61	4071.36
694.81	12107.59
695.00	3741.64
695.19	4372.41
695.39	4954.04
695.58	5062.58
695.78	4456.38
695.97	4378.56
696.16	5816.23
696.36	5054.39
696.55	4339.65
696.75	3882.95
696.94	3364.81
697.13	6203.30
697.33	3528.65
697.52	4695.99
697.71	4478.91
697.91	5054.39
698.10	6971.29
698.30	4294.59
698.49	4177.86
698.68	3538.89
698.88	3495.88
699.07	4308.93
699.26	7079.83
699.46	4194.24
699.65	4988.85
699.85	4849.59
700.04	4071.36
700.23	3760.07
700.43	4380.61
700.62	4224.96
700.81	4147.14
701.01	3516.36
701.20	4153.28
701.39	4437.95
701.59	4313.02
701.78	3522.51
701.98	3751.88
702.17	4102.08
702.36	4595.64
702.56	4896.69
702.75	3950.53
702.94	4784.06
703.14	12445.51
703.33	4450.24
703.52	22263.47
703.72	4024.26
703.91	4902.84
704.10	4214.72
704.30	4405.18
704.49	3981.25
704.68	3686.34
704.88	5668.78
705.07	6090.66
705.26	4272.06
705.46	3946.44
705.65	4267.97
705.84	4081.60
706.03	4155.33
706.23	4347.84
706.42	4763.58
706.61	4464.57
706.81	6299.55
707.00	5232.56
707.19	4042.69
707.39	5128.11
707.58	3889.09
707.77	4157.38
707.97	5668.78
708.16	4333.50
708.35	5283.76
708.55	4249.54
708.74	4413.37
708.93	6305.70
709.12	5107.63
709.32	4585.40
709.51	5494.70
709.70	5658.54
709.90	4888.50
710.09	4382.65
710.28	5185.46
710.47	4251.58
710.67	5207.98
710.86	6025.12
711.05	4124.61
711.25	4419.52
711.44	3942.34
711.63	5294.00
711.82	5216.18
712.02	7960.45
712.21	5154.74
712.40	4966.32
712.59	5969.83
712.79	6479.77
712.98	4806.58
713.17	5937.06
713.37	4239.30
713.56	4167.62
713.75	4454.33
713.94	5105.59
714.14	4571.07
714.33	5707.69
714.52	4472.76
714.71	4270.01
714.91	4943.80
715.10	6096.80
715.29	4657.08
715.48	4511.68
715.68	5582.76
715.87	4347.84
716.06	5842.85
716.25	4665.27
716.45	5294.00
716.64	4958.13
716.83	5095.35
717.02	5668.78
717.21	5294.00
717.41	6352.80
717.60	6270.88
717.79	4493.24
717.98	4751.29
718.18	4603.83
718.37	4390.84
718.56	7032.72
718.75	6061.99
718.94	5367.73
719.14	3727.30
719.33	5443.50
719.52	5427.12
719.71	5146.55
719.91	4757.43
720.10	7143.32
720.29	4906.93
720.48	4407.23
720.67	5402.54
720.87	6889.37
721.06	4216.77
721.25	5691.31
721.44	4853.69
721.63	5107.63
721.83	6010.79
722.02	4315.07
722.21	6033.32
722.40	5554.09
722.59	5521.32
722.79	5169.07
722.98	6303.65
723.17	4483.00
723.36	5072.82
723.55	4294.59
723.74	4536.25
723.94	5535.66
724.13	4982.71
724.32	5347.25
724.51	5576.62
724.70	5461.93
724.90	5300.14
725.09	6410.14
725.28	6188.96
725.47	5849.00
725.66	5580.71
725.85	5437.36
726.05	6526.88
726.24	5881.77
726.43	5732.26
726.62	6629.27
726.81	5408.69
727.00	5210.03
727.20	6303.65
727.39	5988.26
727.58	5484.46
727.77	5035.96
727.96	5568.43
728.15	7389.07
728.34	6240.16
728.54	5791.66
728.73	6578.08
728.92	6277.02
729.11	6000.55
729.30	5758.89
729.49	6938.52
729.68	5873.57
729.88	5783.46
730.07	5988.26
730.26	6059.94
730.45	6856.60
730.64	7509.90
730.83	6434.72
731.02	5334.96
731.21	6176.67
731.41	6592.41
731.60	5681.07
731.79	6940.57
731.98	7296.91
732.17	6920.09
732.36	5713.83
732.55	5898.15
732.74	7651.21
732.93	7055.25
733.13	6502.30
733.32	6932.37
733.51	5918.63
733.70	8152.96
733.89	7249.81
734.08	7147.41
734.27	5961.64
734.46	7733.13
734.65	6082.47
734.85	7192.47
735.04	6743.96
735.23	7995.27
735.42	7135.12
735.61	5504.94
735.80	6659.99
735.99	8224.64
736.18	10082.15
736.37	6264.74
736.56	8038.28
736.75	6987.67
736.94	7133.08
737.14	6342.56
737.33	6586.27
737.52	6500.25
737.71	7419.79
737.90	7432.08
738.09	8476.54
738.28	7917.45
738.47	7962.50
738.66	8075.14
738.85	8249.22
739.04	7913.35
739.23	8267.65
739.42	6461.34
739.61	7165.84
739.80	7106.45
740.00	7604.11
740.19	7344.02
740.38	7274.38
740.57	7577.48
740.76	7108.50
740.95	7956.36
741.14	8593.28
741.33	10286.95
741.52	7989.13
741.71	7159.70
741.90	8978.30
742.09	9095.03
742.28	8607.61
742.47	7350.16
742.66	8312.71
742.85	7796.62
743.04	7559.05
743.23	9011.06
743.42	8798.07
743.61	8583.04
743.80	8001.41
743.99	7362.45
744.18	8855.42
744.37	8714.11
744.56	8310.66
744.75	7987.08
744.94	9355.12
745.13	8904.57
745.32	7853.96
745.51	9092.98
745.71	10106.73
745.90	9447.28
746.09	8980.34
746.28	9408.37
746.47	9979.75
746.66	9666.41
746.85	10305.38
747.04	9320.31
747.23	10008.42
747.42	11382.61
747.61	8507.26
747.80	11355.99
747.99	9652.08
748.18	9396.08
748.36	9539.44
748.55	12003.14
748.74	11267.92
748.93	10852.19
749.12	9797.48
749.31	10667.87
749.50	10207.08
749.69	11767.63
749.88	10458.98
750.07	9639.79
750.26	12050.25
750.45	10166.12
750.64	9680.75
750.83	11009.88
751.02	10663.77
751.21	11769.68
751.40	11796.30
751.59	11784.01
751.78	12310.34
751.97	12052.30
752.16	11804.49
752.35	11390.80
752.54	12371.78
752.73	12816.19
752.92	11831.12
753.11	12846.91
753.30	11833.16
753.49	11833.16
753.68	13242.17
753.87	12291.91
754.05	12875.58
754.24	12621.63
754.43	13930.28
754.62	12293.96
754.81	15367.96
755.00	14466.85
755.19	12769.09
755.38	13567.79
755.57	14382.88
755.76	15267.61
755.95	13987.63
756.14	12627.78
756.33	14565.15
756.52	14419.75
756.70	14466.85
756.89	14475.04
757.08	14587.68
757.27	14606.11
757.46	14055.21
757.65	13760.30
757.84	14530.34
758.03	14712.61
758.22	14260.01
758.41	14911.26
758.60	14366.50
758.79	15163.16
758.97	16140.04
759.16	16709.38
759.35	15660.82
759.54	16578.31
759.73	15492.88
759.92	15204.12
760.11	15626.00
760.30	16697.09
760.49	16070.41
760.67	15947.53
760.86	16828.16
761.05	19007.20
761.24	16107.27
761.43	15984.40
761.62	17442.55
761.81	17536.76
762.00	18341.61
762.19	17194.75
762.37	18208.49
762.56	19095.26
762.75	17069.82
762.94	18214.63
763.13	17952.49
763.32	18704.10
763.51	17532.66
763.70	17934.06
763.88	20162.25
764.07	19760.85
764.26	19240.67
764.45	18183.91
764.64	19713.75
764.83	21206.72
765.02	19562.20
765.20	20043.47
765.39	20840.13
765.58	21966.51
765.77	21495.48
765.96	22759.08
766.15	21083.84
766.33	21407.42
766.52	22181.55
766.71	21354.17
766.90	22765.22
767.09	21839.54
767.28	20612.81
767.46	21692.08
767.65	21853.87
767.84	23010.98
768.03	22083.25
768.22	21776.05
768.41	22070.96
768.59	23096.99
768.78	22671.01
768.97	23613.08
769.16	25190.02
769.35	22718.12
769.54	24315.53
769.72	24428.17
769.91	24751.75
770.10	26926.69
770.29	24114.83
770.48	25517.69
770.66	25785.97
770.85	25976.44
771.04	26127.99
771.23	24772.23
771.42	27317.86
771.60	27549.28
771.79	26386.03
771.98	26728.04
772.17	27895.38
772.36	28595.79
772.54	26513.00
772.73	27004.52
772.92	28005.97
773.11	27600.47
773.30	27844.18
773.48	27248.22
773.67	28089.94
773.86	28655.18
774.05	28274.26
774.23	29734.46
774.42	30238.26
774.61	30524.97
774.80	29273.67
774.99	28855.88
775.17	30766.63
775.36	31307.30
775.55	29924.92
775.74	30268.98
775.92	31702.56
776.11	31391.26
776.30	32429.59
776.49	30680.62
776.67	31540.77
776.86	30776.87
777.05	31258.15
777.24	31430.18
777.42	31999.51
777.61	31221.28
777.80	33345.03
777.99	32275.99
778.17	32480.78
778.36	33103.37
778.55	32368.15
778.74	33091.08
778.92	33103.37
779.11	34119.16
779.30	33314.31
779.49	33527.30
779.67	34024.95
779.86	33531.39
780.05	32603.66
780.24	32837.13
780.42	34313.72
780.61	33807.87
780.80	33842.68
780.98	32405.01
781.17	33459.71
781.36	33363.46
781.55	34416.11
781.73	33080.84
781.92	34311.67
782.11	33420.80
782.29	32908.81
782.48	32667.15
782.67	34178.55
782.86	34031.10
783.04	32562.70
783.23	32267.80
783.42	33148.42
783.60	33674.75
783.79	32663.05
783.98	31323.68
784.16	32290.32
784.35	31704.60
784.54	32009.75
784.73	30799.40
784.91	30445.10
785.10	30426.67
785.29	30133.81
785.47	30537.26
785.66	30926.38
785.85	29308.48
786.03	29189.70
786.22	28102.23
786.41	29234.75
786.59	29593.15
786.78	26984.04
786.97	27436.64
787.15	28100.18
787.34	27950.68
787.53	26541.68
787.71	26723.94
787.90	26556.01
788.09	26156.66
788.27	26154.61
788.46	25390.72
788.65	25233.02
788.83	25089.67
789.02	23197.34
789.21	23074.46
789.39	22894.24
789.58	24405.64
789.77	22355.63
789.95	21911.22
790.14	24301.20
790.33	22458.03
790.51	21071.55
790.70	22347.44
790.88	21427.90
791.07	20928.19
791.26	22439.59
791.44	20711.11
791.63	19646.16
791.82	20627.14
792.00	18484.97
792.19	19226.33
792.38	20498.12
792.56	19439.32
792.75	18888.42
792.93	19224.28
793.12	18923.23
793.31	18339.56
793.49	19095.26
793.68	16672.51
793.86	16961.28
794.05	18370.28
794.24	15974.16
794.42	16148.23
794.61	16084.75
794.80	15980.30
794.98	15683.34
795.17	14997.28
795.35	15963.92
795.54	15302.42
795.73	15359.77
795.91	16959.23
796.10	15288.09
796.28	15666.96
796.47	12793.66
796.66	13010.75
796.84	16060.17
797.03	13432.63
797.21	12156.74
797.40	12902.20
797.58	13915.95
797.77	12857.15
797.96	12853.05
798.14	14358.31
798.33	13963.05
798.51	12607.30
798.70	11003.74
798.88	11528.02
799.07	11343.70
799.26	11231.06
799.44	11294.55
799.63	11194.20
799.81	10559.33
800.00	11104.09
800.18	11300.69
800.37	10430.30
800.56	10014.57
800.74	10280.80
800.93	9779.05
801.11	9611.12
801.30	10704.73
801.48	9635.69
801.67	9856.87
801.85	10061.67
802.04	10135.40
802.22	9011.06
802.41	9647.98
802.60	9314.16
802.78	8535.93
802.97	8421.25
803.15	9023.35
803.34	9002.87
803.52	8757.11
803.71	8888.18
803.89	7542.67
804.08	9770.86
804.26	9179.00
804.45	8468.35
804.63	7784.33
804.82	8069.00
805.00	7520.14
805.19	9514.86
805.37	7069.59
805.56	7151.51
805.74	9244.53
805.93	7671.69
806.11	7700.36
806.30	6727.58
806.48	7004.05
806.67	7841.67
806.85	7079.83
807.04	6895.51
807.22	7286.67
807.41	7022.48
807.59	7733.13
807.78	6320.03
807.96	7813.00
808.15	6336.42
808.33	7219.09
808.52	8118.15
808.70	6782.87
808.89	7683.98
809.07	7987.08
809.26	6369.18
809.44	5953.45
809.63	7088.02
809.81	5861.29
810.00	6594.46
810.18	6356.90
810.37	5738.41
810.55	6395.81
810.74	6014.88
810.92	7139.22
811.11	7665.55
811.29	4495.29
811.48	5529.52
811.66	5824.42
811.84	4775.86
812.03	5969.83
812.21	5930.92
812.40	5289.90
812.58	4685.75
812.77	5982.12
812.95	5134.26
813.14	5259.18
813.32	4995.00
813.51	5369.77
813.69	5461.93
813.87	4884.41
814.06	5382.06
814.24	4995.00
814.43	4329.41
814.61	5156.79
814.80	6240.16
814.98	4394.94
815.16	5154.74
815.35	6365.09
815.53	7495.57
815.72	5185.46
815.90	4550.59
816.09	5363.63
816.27	5488.56
816.45	5314.48
816.64	4835.25
816.82	6776.73
817.01	4456.38
817.19	4079.55
817.37	5115.83
817.56	5892.01
817.74	4003.78
817.93	6119.33
818.11	4200.38
818.30	4708.28
818.48	4284.35
818.66	5091.25
818.85	4278.21
819.03	5189.55
819.21	5187.50
819.40	5369.77
819.58	6997.91
819.77	4597.69
819.95	4739.00
820.13	6307.74
820.32	3948.48
820.50	5941.16
820.69	6043.56
820.87	4442.04
821.05	3882.95
821.24	4681.66
821.42	5009.33
821.60	3588.04
821.79	6070.18
821.97	5222.32
822.16	6088.61
822.34	4157.38
822.52	4808.63
822.71	5697.45
822.89	5439.40
823.07	4671.42
823.26	3702.73
823.44	3999.68
823.62	4093.89
823.81	4788.15
823.99	3571.66
824.18	5103.54
824.36	4501.44
824.54	4806.58
824.73	5351.34
824.91	5922.73
825.09	5222.32
825.28	5609.39
825.46	5744.55
825.64	5124.02
825.83	4546.49
826.01	4841.40
826.19	4304.83
826.38	4276.16
826.56	4564.92
826.74	3383.24
826.93	4255.68
827.11	4489.15
827.29	4659.13
827.48	4063.17
827.66	4798.39
827.84	4298.69
828.03	4173.76
828.21	3348.43
828.39	3393.48
828.57	5689.26
828.76	5294.00
828.94	3536.84
829.12	5967.78
829.31	4214.72
829.49	4202.43
829.67	3487.69
829.86	4300.73
830.04	4331.45
830.22	4620.22
830.40	3196.88
830.59	4429.76
830.77	4364.22
830.95	4978.61
831.14	6123.43
831.32	3768.26
831.50	4300.73
831.69	4904.89
831.87	5586.86
832.05	3782.60
832.23	4245.44
832.42	5023.67
832.60	4118.47
832.78	3694.54
832.96	11585.36
833.15	5140.40
833.33	3356.62
833.51	5982.12
833.70	4235.20
833.88	4468.67
834.06	4419.52
834.24	4026.31
834.43	5605.29
834.61	4505.53
834.79	4800.44
834.97	6268.83
835.16	4612.03
835.34	4657.08
835.52	4949.94
835.70	4280.25
835.89	4161.47
836.07	5488.56
836.25	4796.34
836.43	3575.75
836.62	4464.57
836.80	5326.77
836.98	3610.57
837.16	3940.29
837.34	4288.45
837.53	5593.00
837.71	4411.32
837.89	6035.36
838.07	4569.02
838.26	5248.94
838.44	4908.98
838.62	7016.34
838.80	4499.39
838.99	4947.89
839.17	3950.53
839.35	4845.49
839.53	4530.11
839.71	5636.01
839.90	3704.78
840.08	4632.51
840.26	5359.53
840.44	4612.03
840.62	5453.74
840.81	3119.06
840.99	6490.01
841.17	3915.72
841.35	4591.55
841.53	3796.93
841.72	5644.20
841.90	4861.88
842.08	3385.29
842.26	3401.68
842.44	4769.72
842.63	5965.73
842.81	5668.78
842.99	4714.42
843.17	5066.67
843.35	4603.83
843.53	5332.91
843.72	4429.76
843.90	4325.31
844.08	3702.73
844.26	3895.24
844.44	4308.93
844.62	5816.23
844.81	5457.84
844.99	5748.65
845.17	3973.06
845.35	4691.90
845.53	4612.03
845.71	14288.68
845.90	4112.32
846.08	4079.55
846.26	4138.94
846.44	3203.02
846.62	4294.59
846.80	4452.28
846.98	4378.56
847.17	9072.50
847.35	6193.06
847.53	4857.78
847.71	5050.29
847.89	6045.60
848.07	3463.12
848.25	4198.34
848.44	3532.75
848.62	4786.10
848.80	3973.06
848.98	4304.83
849.16	4528.06
849.34	5150.64
849.52	4390.84
849.70	4444.09
849.89	5177.26
850.07	4808.63
850.25	4947.89
850.43	4470.72
850.61	4546.49
850.79	3960.77
850.97	3856.33
851.15	5068.72
851.33	4313.02
851.52	3813.32
851.70	5900.20
851.88	5437.36
852.06	3758.02
852.24	3506.12
852.42	5224.37
852.60	6104.99
852.78	6174.63
852.96	4378.56
853.14	4120.51
853.33	5904.29
853.51	4544.44
853.69	4657.08
853.87	5003.19
854.05	4366.27
854.23	3145.68
854.41	3592.14
854.59	4214.72
854.77	4847.54
854.95	4290.49
855.13	4179.90
855.31	4657.08
855.49	4198.34
855.68	3995.59
855.86	3708.87
856.04	5992.36
856.22	4100.03
856.40	4552.63
856.58	3798.98
856.76	5109.68
856.94	3856.33
857.12	4882.36
857.30	2897.88
857.48	4257.73
857.66	4579.26
857.84	7206.80
858.02	3796.93
858.20	5494.70
858.38	4460.48
858.56	4188.10
858.74	3422.16
858.92	3678.15
859.10	4493.24
859.29	5035.96
859.47	3446.73
859.65	5586.86
859.83	3784.65
860.01	4177.86
860.19	3319.76
860.37	4466.62
860.55	4902.84
860.73	3311.57
860.91	3801.03
861.09	5410.73
861.27	4675.51
861.45	5109.68
861.63	3825.61
861.81	5138.35
861.99	4198.34
862.17	4032.45
862.35	4212.67
862.53	4026.31
862.71	5291.95
862.89	4276.16
863.07	4108.23
863.25	4913.08
863.43	4937.65
863.61	5562.28
863.79	5212.08
863.97	5050.29
864.15	4777.91
864.33	4356.03
864.51	3604.42
864.69	3227.60
864.87	4931.51
865.05	4186.05
865.23	4626.36
865.41	3827.65
865.59	5701.54
865.77	4290.49
865.95	4620.22
866.13	3516.36
866.30	4380.61
866.48	3702.73
866.66	4493.24
866.84	3962.82
867.02	4249.54
867.20	4059.07
867.38	3833.80
867.56	4200.38
867.74	5498.80
867.92	4716.47
868.10	4120.51
868.28	3694.54
868.46	4687.80
868.64	5324.72
868.82	3919.81
869.00	4388.80
869.18	3373.00
869.36	5914.53
869.54	4677.56
869.72	4843.45
869.89	4534.20
870.07	4222.91
870.25	4364.22
870.43	4714.42
870.61	3207.12
870.79	4677.56
870.97	3319.76
871.15	4827.06
871.33	6469.53
871.51	4145.09
871.69	5324.72
871.87	4579.26
872.05	5408.69
872.22	4992.95
872.40	3157.97
872.58	4042.69
872.76	5236.66
872.94	5050.29
873.12	3563.47
873.30	2768.85
873.48	4724.66
873.66	4345.79
873.84	4472.76
874.01	4743.10
874.19	4165.57
874.37	3932.10
874.55	3829.70
874.73	4323.26
874.91	6305.70
875.09	4079.55
875.27	3323.85
875.45	4145.09
875.62	4806.58
875.80	4030.40
875.98	3811.27
876.16	4171.71
876.34	5478.32
876.52	3790.79
876.70	6002.60
876.88	3602.38
877.05	4988.85
877.23	4661.18
877.41	4024.26
877.59	6520.73
877.77	5078.96
877.95	3858.37
878.13	3436.49
878.30	3796.93
878.48	4782.01
878.66	4870.07
878.84	4695.99
879.02	3391.44
879.20	4851.64
879.37	4822.97
879.55	4546.49
879.73	5044.15
879.91	4243.39
880.09	4999.09
880.27	6217.63
880.45	4360.13
880.62	4382.65
880.80	4614.07
880.98	4091.84
881.16	4110.27
881.34	4085.70
881.51	3975.11
881.69	3758.02
881.87	4120.51
882.05	4323.26
882.23	3667.91
882.41	4181.95
882.58	4206.53
882.76	4571.07
882.94	4095.94
883.12	5271.47
883.30	4777.91
883.47	5314.48
883.65	4771.77
883.83	4702.14
884.01	3667.91
884.19	4249.54
884.36	4243.39
884.54	3344.33
884.72	4818.87
884.90	3833.80
885.08	5644.20
885.25	8314.75
885.43	4530.11
885.61	4384.70
885.79	4304.83
885.97	5748.65
886.14	5414.83
886.32	4409.28
886.50	5959.59
886.68	4538.30
886.85	3801.03
887.03	5492.65
887.21	4712.38
887.39	4337.60
887.56	5332.91
887.74	4042.69
887.92	4480.96
888.10	4327.36
888.27	4566.97
888.45	5183.41
888.63	5468.08
888.81	4286.40
888.99	3997.64
889.16	3805.13
889.34	3768.26
889.52	3631.05
889.69	4620.22
889.87	5234.61
890.05	4229.06
890.23	3731.40
890.40	3596.23
890.58	4464.57
890.76	4636.60
890.94	3907.52
891.11	3723.21
891.29	5214.13
891.47	3825.61
891.65	5283.76
891.82	5601.19
892.00	3645.38
892.18	4915.12
892.35	4523.96
892.53	4376.51
892.71	5431.21
892.89	5111.73
893.06	4947.89
893.24	4480.96
893.42	3456.97
893.59	4134.85
893.77	3393.48
893.95	4372.41
894.13	3303.37
894.30	5482.41
894.48	3825.61
894.66	6703.00
894.83	4140.99
895.01	4890.55
895.19	5314.48
895.36	4155.33
895.54	5840.81
895.72	4509.63
895.89	4063.17
896.07	4020.16
896.25	4935.60
896.43	4110.27
896.60	5242.80
896.78	4165.57
896.96	4732.86
897.13	4937.65
897.31	3680.20
897.49	4329.41
897.66	5320.62
897.84	4396.99
898.02	5320.62
898.19	4458.43
898.37	3489.74
898.55	4788.15
898.72	4706.23
898.90	5091.25
899.07	4534.20
899.25	4878.26
899.43	5433.26
899.60	6467.49
899.78	3727.30
899.96	3071.95
900.13	4161.47
900.31	4872.12
900.49	3839.94
900.66	5959.59
900.84	5181.36
901.02	5519.28
901.19	5181.36
901.37	3993.54
901.54	5160.88
901.72	3403.72
901.90	4517.82
902.07	4458.43
902.25	4581.31
902.43	4063.17
902.60	5697.45
902.78	3622.86
902.95	4511.68
903.13	4370.37
903.31	4149.18
903.48	4452.28
903.66	4366.27
903.83	4749.24
904.01	4607.93
904.19	4085.70
904.36	4546.49
904.54	3547.08
904.71	4849.59
904.89	4020.16
905.07	4501.44
905.24	4261.82
905.42	4577.21
905.59	5506.99
905.77	4669.37
905.95	4960.18
906.12	4065.22
906.30	4603.83
906.47	5289.90
906.65	6104.99
906.82	5121.97
907.00	5582.76
907.18	3119.06
907.35	3813.32
907.53	4675.51
907.70	4798.39
907.88	4300.73
908.05	9570.16
908.23	4908.98
908.41	5175.22
908.58	4292.54
908.76	3323.85
908.93	5441.45
909.11	5152.69
909.28	4253.63
909.46	4511.68
909.63	4931.51
909.81	5330.86
909.99	4720.57
910.16	3686.34
910.34	3723.21
910.51	5142.45
910.69	4896.69
910.86	3710.92
911.04	4497.34
911.21	3397.58
911.39	6191.01
911.56	3688.39
911.74	4378.56
911.91	4870.07
912.09	4368.32
912.26	3669.96
912.44	3178.45
912.62	4126.66
912.79	3991.49
912.97	4997.04
913.14	5898.15
913.32	5107.63
913.49	3895.24
913.67	4861.88
913.84	3037.14
914.02	4235.20
914.19	4188.10
914.37	4489.15
914.54	3999.68
914.72	3358.67
914.89	3661.77
915.07	5740.46
915.24	3807.17
915.42	3930.05
915.59	3624.90
915.77	5662.63
915.94	6082.47
916.12	6498.20
916.29	4300.73
916.46	4708.28
916.64	3915.72
916.81	5896.10
916.99	4898.74
917.16	3868.61
917.34	5633.96
917.51	5257.14
917.69	3932.10
917.86	3235.79
918.04	4001.73
918.21	6006.69
918.39	4800.44
918.56	4415.42
918.74	3493.83
918.91	5943.21
919.08	3362.76
919.26	5308.34
919.43	4429.76
919.61	4489.15
919.78	4155.33
919.96	5625.77
920.13	5455.79
920.31	4519.87
920.48	4642.75
920.65	4116.42
920.83	5922.73
921.00	4775.86
921.18	3782.60
921.35	4960.18
921.53	4337.60
921.70	3823.56
921.88	3936.20
922.05	4257.73
922.22	3481.55
922.40	4380.61
922.57	4245.44
922.75	3039.19
922.92	4368.32
923.09	4777.91
923.27	3897.28
923.44	5930.92
923.62	3626.95
923.79	5664.68
923.96	4052.93
924.14	3260.37
924.31	5078.96
924.49	4505.53
924.66	3862.47
924.83	4638.65
925.01	3641.29
925.18	6606.75
925.36	5406.64
925.53	3932.10
925.70	3846.09
925.88	3651.53
926.05	5005.24
926.23	4874.17
926.40	4749.24
926.57	4425.66
926.75	4456.38
926.92	3682.25
927.09	4765.62
927.27	3325.90
927.44	5250.99
927.62	4245.44
927.79	5253.04
927.96	3923.91
928.14	3168.21
928.31	4788.15
928.48	5791.66
928.66	4106.18
928.83	3297.23
929.00	4054.98
929.18	4161.47
929.35	4446.14
929.52	5240.75
929.70	4679.61
929.87	3846.09
930.05	3766.21
930.22	3850.18
930.39	4669.37
930.57	3612.62
930.74	5943.21
930.91	3768.26
931.09	5554.09
931.26	4962.23
931.43	5083.06
931.61	2875.35
931.78	4411.32
931.95	4796.34
932.12	5689.26
932.30	3770.31
932.47	5373.87
932.64	3700.68
932.82	3160.02
932.99	4218.82
933.16	4136.90
933.34	4159.42
933.51	4921.27
933.68	4079.55
933.86	4497.34
934.03	4167.62
934.20	3809.22
934.38	4949.94
934.55	3542.99
934.72	5955.49
934.89	5566.38
935.07	3577.80
935.24	4773.82
935.41	4454.33
935.59	4300.73
935.76	3987.40
935.93	4347.84
936.10	4024.26
936.28	4480.96
936.45	4040.64
936.62	4341.69
936.79	5619.63
936.97	4505.53
937.14	4175.81
937.31	4825.01
937.49	3905.48
937.66	5124.02
937.83	5435.31
938.00	5078.96
938.18	5785.51
938.35	5318.57
938.52	4190.14
938.69	4259.78
938.87	4472.76
939.04	4978.61
939.21	4337.60
939.38	4292.54
939.56	4138.94
939.73	3182.54
939.90	3954.63
940.07	3739.59
940.25	4310.97
940.42	4667.32
940.59	4456.38
940.76	4024.26
940.94	3995.59
941.11	4054.98
941.28	4399.04
941.45	4949.94
941.62	4546.49
941.80	3729.35
941.97	4911.03
942.14	4014.02
942.31	5705.64
942.48	3921.86
942.66	4429.76
942.83	5207.98
943.00	3092.43
943.17	5203.89
943.35	5033.91
943.52	4386.75
943.69	3405.77
943.86	4087.75
944.03	3364.81
944.21	6371.23
944.38	4026.31
944.55	4632.51
944.72	4372.41
944.89	3979.20
945.06	3782.60
945.24	4069.31
945.41	6582.17
945.58	5085.11
945.75	5091.25
945.92	4253.63
946.10	5619.63
946.27	3231.69
946.44	4560.83
946.61	3659.72
946.78	5126.07
946.95	3284.94
947.13	3166.16
947.30	4507.58
947.47	4339.65
947.64	4806.58
947.81	5611.43
947.98	4857.78
948.16	4847.54
948.33	3985.35
948.50	4087.75
948.67	4366.27
948.84	5078.96
949.01	3919.81
949.18	4620.22
949.36	5773.22
949.53	4194.24
949.70	4771.77
949.87	4999.09
950.04	3930.05
950.21	4571.07
950.38	3700.68
950.56	4300.73
950.73	4517.82
950.90	4292.54
951.07	4898.74
951.24	4700.09
951.41	4270.01
951.58	4118.47
951.75	5040.05
951.92	3606.47
952.10	4220.86
952.27	3383.24
952.44	5056.43
952.61	7434.13
952.78	4628.41
952.95	3315.66
953.12	5199.79
953.29	4609.98
953.46	4462.52
953.64	5111.73
953.81	3938.24
953.98	4530.11
954.15	4628.41
954.32	4200.38
954.49	3622.86
954.66	4636.60
954.83	4519.87
955.00	3794.89
955.17	4968.37
955.34	3968.96
955.51	4235.20
955.69	7473.04
955.86	4593.59
956.03	3663.82
956.20	4943.80
956.37	4913.08
956.54	3481.55
956.71	4638.65
956.88	4290.49
957.05	4384.70
957.22	3956.68
957.39	4976.56
957.56	4497.34
957.73	3624.90
957.90	3753.93
958.07	5541.80
958.24	5038.00
958.41	4085.70
958.59	4960.18
958.76	5142.45
958.93	5990.31
959.10	3987.40
959.27	3946.44
959.44	5472.17
959.61	3895.24
959.78	4546.49
959.95	3968.96
960.12	5314.48
960.29	5371.82
960.46	4126.66
960.63	3055.57
960.80	4118.47
960.97	4710.33
961.14	3647.43
961.31	4489.15
961.48	5459.88
961.65	5220.27
961.82	4603.83
961.99	4435.90
962.16	3813.32
962.33	4470.72
962.50	4591.55
962.67	3909.57
962.84	4906.93
963.01	3626.95
963.18	3719.11
963.35	3790.79
963.52	4964.28
963.69	4122.56
963.86	5373.87
964.03	5226.42
964.20	5846.95
964.37	5134.26
964.54	4931.51
964.71	4257.73
964.88	4470.72
965.05	4374.46
965.22	4081.60
965.39	5060.53
965.56	3547.08
965.73	4382.65
965.90	5085.11
966.07	3885.00
966.24	4102.08
966.41	4468.67
966.58	4069.31
966.74	5480.36
966.91	5918.63
967.08	6545.31
967.25	3590.09
967.42	3981.25
967.59	5904.29
967.76	4044.74
967.93	4659.13
968.10	3848.13
968.27	4564.92
968.44	4521.92
968.61	4177.86
968.78	3610.57
968.95	4106.18
969.12	4749.24
969.29	4681.66
969.46	3661.77
969.62	4900.79
969.79	3825.61
969.96	3219.41
970.13	3686.34
970.30	4947.89
970.47	4806.58
970.64	5216.18
970.81	4790.20
970.98	4233.15
971.15	4782.01
971.32	3416.01
971.49	5056.43
971.65	4886.45
971.82	4982.71
971.99	4485.05
972.16	4964.28
972.33	4034.50
972.50	4036.55
972.67	4743.10
972.84	4274.11
973.01	3803.08
973.17	5033.91
973.34	5054.39
973.51	5259.18
973.68	4001.73
973.85	4296.64
974.02	4163.52
974.19	3882.95
974.36	4765.62
974.53	5300.14
974.69	4896.69
974.86	3985.35
975.03	5218.22
975.20	4186.05
975.37	4831.16
975.54	4988.85
975.71	5130.16
975.87	5007.28
976.04	5359.53
976.21	4751.29
976.38	4587.45
976.55	4097.99
976.72	3798.98
976.89	5214.13
977.05	4595.64
977.22	5873.57
977.39	3573.71
977.56	5337.01
977.73	4526.01
977.90	3571.66
978.06	4620.22
978.23	4364.22
978.40	3948.48
978.57	5550.00
978.74	4765.62
978.91	5267.38
979.07	3946.44
979.24	5603.24
979.41	4507.58
979.58	4872.12
979.75	4915.12
979.91	3393.48
980.08	3114.96
980.25	4673.46
980.42	4669.37
980.59	4284.35
980.75	3946.44
980.92	4194.24
981.09	4319.17
981.26	5175.22
981.43	5490.60
981.59	4704.18
981.76	4595.64
981.93	4616.12
982.10	4069.31
982.27	3989.44
982.43	4059.07
982.60	3827.65
982.77	3751.88
982.94	4177.86
983.11	3807.17
983.27	3620.81
983.44	4280.25
983.61	4394.94
983.78	5785.51
983.94	5918.63
984.11	3934.15
984.28	4618.17
984.45	5463.98
984.61	3407.82
984.78	3940.29
984.95	4001.73
985.12	4538.30
985.28	5590.95
985.45	3542.99
985.62	3553.23
985.79	4011.97
985.95	4216.77
986.12	3174.35
986.29	4030.40
986.46	5234.61
986.62	5146.55
986.79	4503.48
986.96	3829.70
987.13	4880.31
987.29	5945.25
987.46	4267.97
987.63	4718.52
987.80	3643.34
987.96	6418.33
988.13	4186.05
988.30	3952.58
988.46	3932.10
988.63	5181.36
988.80	3117.01
988.97	3211.22
989.13	4308.93
989.30	4960.18
989.47	2928.60
989.63	2602.97
989.80	5291.95
989.97	4712.38
990.13	3235.79
990.30	5660.59
990.47	4161.47
990.64	3954.63
990.80	2973.65
990.97	3850.18
991.14	3612.62
991.30	4368.32
991.47	3571.66
991.64	3882.95
991.80	4089.79
991.97	4167.62
992.14	2983.89
992.30	6176.67
992.47	4136.90
992.64	3987.40
992.80	3649.48
992.97	3006.42
993.14	6064.04
993.30	8580.99
993.47	3395.53
993.64	3657.67
993.80	5158.83
993.97	3782.60
994.14	4065.22
994.30	5171.12
994.47	4865.97
994.64	4071.36
994.80	4483.00
994.97	3223.50
995.14	5308.34
995.30	4526.01
995.47	4407.23
995.63	4390.84
995.80	4612.03
995.97	6692.76
996.13	3688.39
996.30	3278.80
996.47	4208.58
996.63	6668.19
996.80	6041.51
996.97	4265.92
997.13	3825.61
997.30	5136.31
997.46	3665.86
997.63	4454.33
997.80	5228.46
997.96	4927.41
998.13	3651.53
998.29	3497.93
998.46	4306.88
998.63	3876.80
998.79	3164.11
998.96	4519.87
999.12	5494.70
999.29	4372.41
999.46	3878.85
999.62	5124.02
999.79	4358.08
999.95	4210.62
1000.12	3928.00
1000.29	3354.57
1000.45	4859.83
1000.62	4478.91
1000.78	4128.70
1000.95	3528.65
1001.11	4556.73
1001.28	4472.76
1001.45	3186.64
1001.61	4884.41
1001.78	5062.58
1001.94	5003.19
1002.11	4179.90
1002.27	4943.80
1002.44	5375.92
1002.61	4421.56
1002.77	3788.74
1002.94	3190.74
1003.10	4212.67
1003.27	5140.40
1003.43	3784.65
1003.60	4282.30
1003.76	3768.26
1003.93	5863.33
1004.10	4405.18
1004.26	4579.26
1004.43	4609.98
1004.59	6281.12
1004.76	3280.85
1004.92	3823.56
1005.09	6447.01
1005.25	4890.55
1005.42	3862.47
1005.58	5324.72
1005.75	5023.67
1005.91	4399.04
1006.08	5412.78
1006.24	3252.17
1006.41	3899.33
1006.57	4564.92
1006.74	3768.26
1006.90	3964.87
1007.07	3983.30
1007.23	6119.33
1007.40	3727.30
1007.56	3471.31
1007.73	4241.34
1007.89	4890.55
1008.06	5207.98
1008.22	4014.02
1008.39	4761.53
1008.55	3887.04
1008.72	4349.89
1008.88	3375.05
1009.05	4206.53
1009.21	5085.11
1009.38	3045.33
1009.54	3694.54
1009.71	5785.51
1009.87	5849.00
1010.04	2877.40
1010.20	4243.39
1010.37	3489.74
1010.53	5599.15
1010.70	4196.29
1010.86	3028.95
1011.03	3686.34
1011.19	3448.78
1011.35	4595.64
1011.52	3997.64
1011.68	4241.34
1011.85	4007.87
1012.01	4612.03
1012.18	4374.46
1012.34	3706.82
1012.51	3995.59
1012.67	3993.54
1012.83	4202.43
1013.00	4550.59
1013.16	3413.96
1013.33	3858.37
1013.49	5984.16
1013.66	4704.18
1013.82	6297.50
1013.99	4050.88
1014.15	4460.48
1014.31	5099.44
1014.48	5087.15
1014.64	4431.80
1014.81	4052.93
1014.97	3397.58
1015.13	4921.27
1015.30	4163.52
1015.46	4274.11
1015.63	3733.45
1015.79	3852.23
1015.95	3440.59
1016.12	3528.65
1016.28	4292.54
1016.45	3932.10
1016.61	4124.61
1016.77	3786.69
1016.94	4296.64
1017.10	4677.56
1017.27	4153.28
1017.43	3393.48
1017.59	4589.50
1017.76	5418.93
1017.92	3588.04
1018.09	3440.59
1018.25	5568.43
1018.41	5322.67
1018.58	4075.46
1018.74	3772.36
1018.90	4118.47
1019.07	4972.47
1019.23	3493.83
1019.40	3530.70
1019.56	5007.28
1019.72	3753.93
1019.89	4560.83
1020.05	6465.44
1020.21	5109.68
1020.38	4308.93
1020.54	3407.82
1020.70	4341.69
1020.87	4249.54
1021.03	4980.66
1021.19	3872.71
1021.36	2783.19
1021.52	4984.76
1021.68	6160.29
1021.85	6594.46
1022.01	4435.90
1022.17	4382.65
1022.34	4145.09
1022.50	3981.25
1022.66	4409.28
1022.83	5431.21
1022.99	4837.30
1023.15	3710.92
1023.32	5033.91
1023.48	4560.83
1023.64	4241.34
1023.81	2858.96
1023.97	4497.34
1024.13	4888.50
1024.30	3809.22
1024.46	4997.04
1024.62	4149.18
1024.79	4466.62
1024.95	5320.62
1025.11	3682.25
1025.27	4394.94
1025.44	3811.27
1025.60	4192.19
1025.76	4503.48
1025.93	3571.66
1026.09	4227.01
1026.25	3956.68
1026.41	4394.94
1026.58	3018.71
1026.74	4335.55
1026.90	4970.42
1027.07	4718.52
1027.23	3317.71
1027.39	4620.22
1027.55	5001.14
1027.72	3954.63
1027.88	4935.60
1028.04	4995.00
1028.20	4399.04
1028.37	2658.26
1028.53	4448.19
1028.69	3827.65
1028.85	5025.72
1029.02	4904.89
1029.18	3497.93
1029.34	3602.38
1029.50	4546.49
1029.67	5044.15
1029.83	3764.17
1029.99	4741.05
1030.15	4018.11
1030.32	3741.64
1030.48	4478.91
1030.64	4032.45
1030.80	5160.88
1030.97	4736.95
1031.13	3774.41
1031.29	6031.27
1031.45	5457.84
1031.61	3637.19
1031.78	3608.52
1031.94	5769.13
1032.10	4511.68
1032.26	4835.25
1032.42	4255.68
1032.59	5470.12
1032.75	4265.92
1032.91	3420.11
1033.07	3674.06
1033.24	3741.64
1033.40	6453.15
1033.56	4612.03
1033.72	3592.14
1033.88	4939.70
1034.04	6215.59
1034.21	4833.21
1034.37	4335.55
1034.53	4554.68
1034.69	4046.79
1034.85	3729.35
1035.02	3602.38
1035.18	3522.51
1035.34	4890.55
1035.50	3325.90
1035.66	4394.94
1035.82	4186.05
1035.99	4915.12
1036.15	4210.62
1036.31	5009.33
1036.47	4845.49
1036.63	7417.74
1036.79	5838.76
1036.96	4923.32
1037.12	5283.76
1037.28	3530.70
1037.44	2650.07
1037.60	3661.77
1037.76	4626.36
1037.92	4059.07
1038.09	2766.81
1038.25	5371.82
1038.41	4667.32
1038.57	5064.63
1038.73	4100.03
1038.89	3725.26
1039.05	5224.37
1039.22	4290.49
1039.38	3971.01
1039.54	5838.76
1039.70	5316.53
1039.86	5132.21
1040.02	3465.16
1040.18	3669.96
1040.34	4511.68
1040.51	4276.16
1040.67	8009.61
1040.83	5269.42
1040.99	5511.08
1041.15	6076.32
1041.31	3692.49
1041.47	4929.46
1041.63	4800.44
