345.74	1379.10
345.96	1379.10
346.17	1379.10
346.39	1396.31
346.60	1439.72
346.81	2587.40
347.03	2616.08
347.24	3265.69
347.46	3234.56
347.67	2684.07
347.89	2532.52
348.10	3098.58
348.32	2980.20
348.53	2575.53
348.75	2588.63
348.96	2891.73
349.18	3266.92
349.39	2567.33
349.61	2568.56
349.82	3122.33
350.04	3132.16
350.25	2535.79
350.47	2671.37
350.68	3170.67
350.90	3344.74
351.11	2494.02
351.32	2608.29
351.54	3272.24
351.75	3299.28
351.97	2548.08
352.18	2590.68
352.40	2926.14
352.61	3253.40
352.83	2742.23
353.04	2410.87
353.26	3230.47
353.47	3006.42
353.69	2621.81
353.90	2596.82
354.11	2857.33
354.33	3477.86
354.54	2278.57
354.76	2644.75
354.97	2835.21
355.19	3189.10
355.40	2457.56
355.62	3028.54
355.83	2997.00
356.04	3081.78
356.26	2457.15
356.47	2695.95
356.69	2822.10
356.90	3544.62
357.12	2558.73
357.33	2401.04
357.55	2969.96
357.76	3058.85
357.97	2366.22
358.19	2606.25
358.40	2869.20
358.62	3322.21
358.83	2468.21
359.05	2791.79
359.26	2941.70
359.47	3102.26
359.69	2642.70
359.90	2900.74
360.12	2882.72
360.33	2998.23
360.55	2478.04
360.76	2768.03
360.97	3193.60
361.19	3346.79
361.40	2477.22
361.62	2668.91
361.83	3289.04
362.04	3384.06
362.26	2565.70
362.47	2648.02
362.69	2956.86
362.90	3095.30
363.12	2492.38
363.33	2586.99
363.54	3108.00
363.76	3217.36
363.97	2617.30
364.19	2636.15
364.40	3352.93
364.61	3008.88
364.83	2331.00
365.04	2713.97
365.26	3023.62
365.47	3373.00
365.68	2553.41
365.90	2653.35
366.11	3029.76
366.33	3330.41
366.54	2444.87
366.75	2455.10
366.97	2783.19
367.18	2900.33
367.40	2694.31
367.61	2546.03
367.82	3054.75
368.04	3182.13
368.25	2677.10
368.46	2604.20
368.68	2972.42
368.89	3420.52
369.11	2606.65
369.32	2709.87
369.53	3386.93
369.75	3144.86
369.96	2899.92
370.18	2801.21
370.39	2876.99
370.60	3018.71
370.82	2551.36
371.03	2527.19
371.24	3456.15
371.46	2932.28
371.67	2684.07
371.88	2478.45
372.10	2802.85
372.31	2768.44
372.53	2346.15
372.74	2523.10
372.95	2881.49
373.17	2892.14
373.38	2760.66
373.59	2743.87
373.81	3038.78
374.02	3349.66
374.23	2462.07
374.45	2981.43
374.66	3127.25
374.88	3095.71
375.09	2498.93
375.30	2900.74
375.52	3032.22
375.73	3333.27
375.94	2446.50
376.16	2837.67
376.37	3185.00
376.58	3231.29
376.80	2800.80
377.01	2779.91
377.22	3654.40
377.44	3216.54
377.65	2717.65
377.86	2301.51
378.08	3053.11
378.29	2928.19
378.50	2647.61
378.72	2408.82
378.93	3503.26
379.14	3266.92
379.36	2983.07
379.57	2641.06
379.78	2739.36
380.00	3171.89
380.21	2373.60
380.42	2361.72
380.64	2753.70
380.85	2799.57
381.06	2733.63
381.28	2524.33
381.49	3511.04
381.70	2911.80
381.92	2516.95
382.13	2643.93
382.34	3572.89
382.56	3364.40
382.77	2575.12
382.98	2633.28
383.19	3137.49
383.41	3104.31
383.62	2544.40
383.83	2673.83
384.05	3095.30
384.26	3163.70
384.47	2695.13
384.69	2651.71
384.90	2986.35
385.11	3372.59
385.33	2557.09
385.54	2771.31
385.75	2931.87
385.96	3275.93
386.18	3120.69
386.39	2664.82
386.60	2929.82
386.82	3374.64
387.03	2645.16
387.24	2657.03
387.45	2884.77
387.67	2845.45
387.88	2744.28
388.09	2756.16
388.31	2938.02
388.52	3040.82
388.73	3027.31
388.94	2587.40
389.16	3273.88
389.37	2806.13
389.58	2640.65
389.80	2583.72
390.01	2922.04
390.22	3236.20
390.43	2766.81
390.65	2738.95
390.86	3000.27
391.07	3188.69
391.29	2627.95
391.50	2338.37
391.71	3236.20
391.92	3211.21
392.14	2673.83
392.35	2798.34
392.56	2876.17
392.77	3167.39
392.99	2669.32
393.20	2475.99
393.41	2946.21
393.62	3007.24
393.84	2490.33
394.05	2627.13
394.26	3112.09
394.47	3362.36
394.69	2873.71
394.90	2871.25
395.11	2993.72
395.32	2978.57
395.54	2526.78
395.75	2438.72
395.96	2881.08
396.17	3429.12
396.39	2991.67
396.60	2557.50
396.81	3093.25
397.02	3010.51
397.24	2832.75
397.45	2934.74
397.66	2900.33
397.87	3261.19
398.09	2722.57
398.30	2497.70
398.51	3183.77
398.72	2873.30
398.94	2575.12
399.15	3077.69
399.36	3137.90
399.57	3208.35
399.79	2784.42
400.00	2988.81
400.21	2707.82
400.42	3178.04
400.63	2623.45
400.85	2917.95
401.06	3009.29
401.27	3082.60
401.48	3236.61
401.70	2674.24
401.91	3407.00
402.12	3263.64
402.33	2932.69
402.54	2552.59
402.76	3060.89
402.97	3409.05
403.18	2625.50
403.39	2573.48
403.60	3162.06
403.82	2990.85
404.03	2287.99
404.24	2540.71
404.45	3166.57
404.66	3400.45
404.88	2402.27
405.09	3074.82
405.30	3141.99
405.51	3035.50
405.73	2582.08
405.94	2521.05
406.15	2932.28
406.36	3024.03
406.57	2660.31
406.78	2556.68
407.00	3048.20
407.21	3297.23
407.42	2470.26
407.63	2951.53
407.84	3126.84
408.06	3036.32
408.27	2486.23
408.48	2628.36
408.69	3035.50
408.90	2917.95
409.12	2468.21
409.33	2584.54
409.54	2735.68
409.75	2965.05
409.96	2625.09
410.17	2803.67
410.39	2867.98
410.60	3430.35
410.81	2718.88
411.02	2842.58
411.23	4749.24
411.44	2839.30
411.66	2654.17
411.87	2964.64
412.08	3416.01
412.29	2816.78
412.50	2585.77
412.71	2508.76
412.93	2872.48
413.14	2965.87
413.35	2750.01
413.56	2619.76
413.77	3078.51
413.98	3020.34
414.20	2541.53
414.41	2771.72
414.62	2989.62
414.83	2852.41
415.04	2576.75
415.25	2736.09
415.46	3332.05
415.68	3009.69
415.89	2438.72
416.10	2721.34
416.31	2724.62
416.52	3164.52
416.73	2670.55
416.94	2589.45
417.16	3035.91
417.37	3069.91
417.58	2818.82
417.79	2477.63
418.00	3020.34
418.21	2933.10
418.42	2753.29
418.64	2551.36
418.85	2776.64
419.06	3058.85
419.27	2545.22
419.48	2686.53
419.69	3021.98
419.90	2756.57
420.11	2481.32
420.33	2516.13
420.54	3377.51
420.75	3193.60
420.96	2404.72
421.17	2768.03
421.38	3081.78
421.59	2887.23
421.80	2457.15
422.02	2665.23
422.23	3003.55
422.44	3186.23
422.65	2517.77
422.86	2645.98
423.07	2793.84
423.28	3028.95
423.49	2263.01
423.70	2665.64
423.92	2797.12
424.13	3233.74
424.34	2413.33
424.55	2464.94
424.76	3247.26
424.97	3297.64
425.18	2450.60
425.39	2717.24
425.60	2836.44
425.81	2922.86
426.03	2720.11
426.24	2586.58
426.45	2981.43
426.66	3472.95
426.87	2619.76
427.08	2873.30
427.29	3060.07
427.50	3035.50
427.71	2555.46
427.92	2575.53
428.13	2835.21
428.34	2864.70
428.56	2797.12
428.77	2802.85
428.98	3548.72
429.19	3120.69
429.40	2763.53
429.61	2675.06
429.82	3085.88
430.03	2944.98
430.24	2773.77
430.45	2369.91
430.66	3147.32
430.87	2983.89
431.08	2632.46
431.30	2455.10
431.51	3057.62
431.72	3110.86
431.93	2765.58
432.14	2502.62
432.35	3054.75
432.56	3367.68
432.77	2559.55
432.98	2654.17
433.19	2963.00
433.40	3025.67
433.61	2444.46
433.82	2634.51
434.03	2788.92
434.24	2908.93
434.45	3194.83
434.66	3077.28
434.87	3116.19
435.09	3012.15
435.30	2706.60
435.51	2853.64
435.72	3083.01
435.93	2765.17
436.14	2669.73
436.35	2623.86
436.56	3157.56
436.77	2975.29
436.98	2491.56
437.19	2815.96
437.40	3333.68
437.61	3059.67
437.82	2651.71
438.03	2635.74
438.24	2960.95
438.45	3101.85
438.66	2453.06
438.87	2444.05
439.08	2956.86
439.29	2847.50
439.50	2819.64
439.71	3087.93
439.92	2755.75
440.13	2741.00
440.34	2611.98
440.55	2816.78
440.76	2793.02
440.97	3151.82
441.18	2837.67
441.39	2587.81
441.60	2898.29
441.81	2808.99
442.02	2649.66
442.23	2620.58
442.44	3073.18
442.65	2822.51
442.86	2747.15
443.07	2877.81
443.28	2938.02
443.49	2957.27
443.70	2820.05
443.91	2534.57
444.12	2814.32
444.33	2860.60
444.54	2822.92
444.75	2664.82
444.96	3130.53
445.17	3183.77
445.38	2945.80
445.59	2694.72
445.80	2915.49
446.01	2769.67
446.22	3071.95
446.43	2608.70
446.64	2693.08
446.85	2900.33
447.06	2727.89
447.27	2750.01
447.48	3224.73
447.69	2855.69
447.90	2784.83
448.11	2424.39
448.32	2937.61
448.53	2768.85
448.74	2794.66
448.95	2693.08
449.16	2811.04
449.37	2929.41
449.58	2568.97
449.79	2540.71
450.00	2560.37
450.21	2781.96
450.42	2763.53
450.63	2633.69
450.84	2736.91
451.05	2636.96
451.26	2798.34
451.47	2780.32
451.68	2998.23
451.89	2793.84
452.10	2693.49
452.30	3003.14
452.51	2898.69
452.72	2617.30
452.93	2704.55
453.14	2770.49
453.35	2790.97
453.56	3026.49
453.77	2727.08
453.98	2625.50
454.19	3054.75
454.40	2796.71
454.61	2726.67
454.82	2729.94
455.03	2495.25
455.24	2718.47
455.45	2747.15
455.66	2925.73
455.87	2848.72
456.07	2721.34
456.28	2593.14
456.49	2432.58
456.70	2951.53
456.91	2764.76
457.12	2519.41
457.33	2555.46
457.54	2917.95
457.75	3040.82
457.96	3020.75
458.17	2752.88
458.38	2770.08
458.59	2589.45
458.79	2519.82
459.00	2394.49
459.21	2725.03
459.42	2627.95
459.63	2577.57
459.84	2443.23
460.05	3584.35
460.26	2885.59
460.47	2740.59
460.68	2503.85
460.89	3006.42
461.09	2994.54
461.30	2788.10
461.51	2593.96
461.72	3109.64
461.93	2899.10
462.14	2665.23
462.35	2451.01
462.56	2956.04
462.77	2516.95
462.98	2908.53
463.18	2703.32
463.39	2885.59
463.60	3009.29
463.81	2716.43
464.02	3058.85
464.23	2914.67
464.44	3400.45
464.65	2675.47
464.86	2495.25
465.06	2507.53
465.27	2690.21
465.48	2484.19
465.69	2679.97
465.90	2950.30
466.11	2733.63
466.32	2478.04
466.53	2485.01
466.74	2922.45
466.94	2798.34
467.15	2741.82
467.36	2534.98
467.57	3026.49
467.78	2919.99
467.99	2766.40
468.20	3131.75
468.40	2750.83
468.61	2631.64
468.82	2641.06
469.03	3137.08
469.24	3048.20
469.45	2751.65
469.66	2741.00
469.86	2632.05
470.07	3010.92
470.28	2792.61
470.49	2512.86
470.70	2608.70
470.91	2746.33
471.12	2876.58
471.32	2650.48
471.53	2621.81
471.74	2910.57
471.95	2823.74
472.16	2602.56
472.37	2716.84
472.58	2990.85
472.78	2661.13
472.99	2674.65
473.20	2647.20
473.41	2817.19
473.62	2637.37
473.83	3107.59
474.03	2883.54
474.24	2827.43
474.45	2874.53
474.66	2613.21
474.87	2757.39
475.08	2745.51
475.28	2953.58
475.49	3005.60
475.70	2558.73
475.91	2922.04
476.12	2879.44
476.32	2582.49
476.53	2700.45
476.74	2929.82
476.95	2790.56
477.16	2577.57
477.37	2800.39
477.57	2923.68
477.78	2767.22
477.99	2624.27
478.20	2689.39
478.41	3171.07
478.61	2969.15
478.82	2945.39
479.03	2650.07
479.24	2938.02
479.45	2745.10
479.65	2693.49
479.86	2777.05
480.07	2974.47
480.28	2733.22
480.49	3778.09
480.69	2623.45
480.90	2887.64
481.11	2827.84
481.32	2386.29
481.53	2727.48
481.73	2965.05
481.94	2865.52
482.15	2641.06
482.36	2713.56
482.57	2775.00
482.77	3161.24
482.98	2918.36
483.19	2722.98
483.40	2649.25
483.60	2801.62
483.81	2768.44
484.02	2813.50
484.23	2731.17
484.44	2556.68
484.64	2754.11
484.85	2677.92
485.06	2841.76
485.27	2802.44
485.47	2801.21
485.68	2761.07
485.89	2958.50
486.10	3153.46
486.31	3034.27
486.51	2746.74
486.72	2850.77
486.93	2780.73
487.14	2617.71
487.34	2500.16
487.55	2791.79
487.76	2966.69
487.97	2833.16
488.17	2657.85
488.38	2813.50
488.59	2766.40
488.80	2917.13
489.00	2761.07
489.21	3007.24
489.42	2731.99
489.63	2934.33
489.83	2781.96
490.04	2782.37
490.25	2717.65
490.46	2742.64
490.66	2886.82
490.87	2839.71
491.08	2688.16
491.29	2620.99
491.49	2653.76
491.70	2882.72
491.91	2808.99
492.11	2871.66
492.32	2763.12
492.53	2516.95
492.74	3093.66
492.94	3041.64
493.15	2842.17
493.36	2856.51
493.57	2761.07
493.77	2754.52
493.98	2921.63
494.19	3083.01
494.39	2914.67
494.60	2564.47
494.81	2548.90
495.02	3077.28
495.22	3048.61
495.43	2514.91
495.64	2494.02
495.84	2601.33
496.05	3215.72
496.26	2854.87
496.47	2906.48
496.67	3180.91
496.88	2899.51
497.09	2792.61
497.29	2496.47
497.50	2589.04
497.71	2967.92
497.91	2489.10
498.12	2877.40
498.33	2784.42
498.54	2911.80
498.74	2694.72
498.95	2563.65
499.16	2934.74
499.36	2744.28
499.57	2609.11
499.78	2558.73
499.98	2762.71
500.19	2686.53
500.40	2634.51
500.60	2969.96
500.81	2836.03
501.02	2931.87
501.22	3271.83
501.43	2519.82
501.64	2824.56
501.85	2954.81
502.05	3364.81
502.26	2616.89
502.47	3234.15
502.67	2779.50
502.88	2777.46
503.09	2947.85
503.29	2577.16
503.50	2768.85
503.71	3033.04
503.91	2687.34
504.12	2727.89
504.33	2688.16
504.53	2756.98
504.74	2745.51
504.95	3037.14
505.15	2842.99
505.36	2981.43
505.56	2659.49
505.77	3266.92
505.98	2570.20
506.18	3034.68
506.39	2587.81
506.60	2707.82
506.80	3008.88
507.01	2779.09
507.22	2804.08
507.42	3006.42
507.63	2654.58
507.84	2873.71
508.04	2410.46
508.25	3080.96
508.45	3270.20
508.66	2718.06
508.87	2575.94
509.07	2906.48
509.28	2892.55
509.49	2657.44
509.69	2988.40
509.90	2862.24
510.11	2732.40
510.31	2686.12
510.52	2641.06
510.72	2793.84
510.93	2817.60
511.14	2566.92
511.34	2568.97
511.55	2676.29
511.76	3317.71
511.96	3207.12
512.17	2814.73
512.37	2956.86
512.58	2787.29
512.79	2612.80
512.99	2724.21
513.20	2897.47
513.40	3028.95
513.61	2815.96
513.82	2607.06
514.02	2634.51
514.23	2754.52
514.43	3179.68
514.64	2772.13
514.85	2899.51
515.05	3007.65
515.26	2752.47
515.46	2927.37
515.67	3002.73
515.88	2719.29
516.08	3197.70
516.29	2756.57
516.49	2831.11
516.70	2793.84
516.91	2781.96
517.11	2811.45
517.32	2815.14
517.52	2978.16
517.73	2664.41
517.93	2955.22
518.14	2943.34
518.35	2673.42
518.55	2509.99
518.76	2960.54
518.96	3101.85
519.17	2541.12
519.38	2779.91
519.58	2994.54
519.79	2849.13
519.99	2845.45
520.20	2742.64
520.40	2657.03
520.61	2828.65
520.82	3257.09
521.02	3089.57
521.23	2899.92
521.43	2981.43
521.64	2611.16
521.84	2703.73
522.05	2711.10
522.25	2603.79
522.46	2673.42
522.67	2741.00
522.87	3023.62
523.08	3101.85
523.28	2837.26
523.49	3176.81
523.69	2790.15
523.90	2828.24
524.10	2966.69
524.31	2711.51
524.51	2987.17
524.72	3013.38
524.93	3007.24
525.13	2701.68
525.34	2722.98
525.54	2839.30
525.75	3068.27
525.95	2520.23
526.16	3006.01
526.36	2888.46
526.57	3085.06
526.77	2403.91
526.98	3189.10
527.18	2718.88
527.39	2722.57
527.59	3075.64
527.80	2756.16
528.00	2980.61
528.21	2923.68
528.42	2857.74
528.62	2812.27
528.83	2791.38
529.03	3310.34
529.24	2949.48
529.44	2638.60
529.65	2912.62
529.85	2829.06
530.06	3180.09
530.26	2833.16
530.47	3050.24
530.67	3147.32
530.88	2613.62
531.08	2852.00
531.29	2790.56
531.49	2755.75
531.70	2881.90
531.90	2575.12
532.11	2785.24
532.31	2889.68
532.52	2869.61
532.72	2499.34
532.93	2938.02
533.13	2626.72
533.34	2616.08
533.54	2907.30
533.75	2622.63
533.95	2650.89
534.16	2702.50
534.36	2793.84
534.57	2894.19
534.77	3102.26
534.97	2953.17
535.18	2613.21
535.38	2818.00
535.59	2653.76
535.79	2722.57
536.00	2671.37
536.20	2761.89
536.41	2472.31
536.61	2810.22
536.82	2702.50
537.02	2722.57
537.23	2864.70
537.43	2916.72
537.64	2627.54
537.84	2960.13
538.05	2908.12
538.25	3001.50
538.45	2718.88
538.66	2885.18
538.86	2756.98
539.07	2574.71
539.27	2755.34
539.48	2765.58
539.68	2934.74
539.89	2731.58
540.09	3235.38
540.29	2976.11
540.50	2498.93
540.70	2919.99
540.91	2729.12
541.11	2948.26
541.32	2739.36
541.52	2833.98
541.73	2773.36
541.93	2639.83
542.13	2955.63
542.34	2653.76
542.54	2758.20
542.75	2860.19
542.95	3488.92
543.16	2739.77
543.36	2849.13
543.56	2824.56
543.77	2999.86
543.97	2951.12
544.18	2798.75
544.38	2911.80
544.59	2704.55
544.79	2689.80
544.99	3153.46
545.20	3316.48
545.40	2727.08
545.61	2752.88
545.81	2945.39
546.01	3159.20
546.22	2897.88
546.42	2791.79
546.63	2655.81
546.83	2937.20
547.04	2815.14
547.24	2907.71
547.44	2657.85
547.65	2912.62
547.85	2597.23
548.06	2620.58
548.26	2692.67
548.46	3447.55
548.67	2877.40
548.87	2824.15
549.08	2708.23
549.28	2713.97
549.48	2843.81
549.69	3103.90
549.89	2581.26
550.09	3183.77
550.30	3156.33
550.50	2520.64
550.71	2655.81
550.91	2867.57
551.11	2513.27
551.32	3063.76
551.52	2668.50
551.73	3010.51
551.93	2622.22
552.13	3054.34
552.34	3098.58
552.54	2601.74
552.74	2910.57
552.95	2709.46
553.15	2818.41
553.35	2931.46
553.56	2882.72
553.76	3014.20
553.97	2776.23
554.17	2951.94
554.37	2712.74
554.58	3006.83
554.78	2810.63
554.98	2875.76
555.19	2748.37
555.39	2865.52
555.59	2610.34
555.80	2855.28
556.00	2763.53
556.20	2904.02
556.41	2772.95
556.61	2730.76
556.82	2668.50
557.02	2957.68
557.22	2775.82
557.43	2618.12
557.63	2881.49
557.83	2824.97
558.04	3231.69
558.24	2768.03
558.44	2933.10
558.65	2671.37
558.85	2504.67
559.05	2778.27
559.26	2760.25
559.46	2575.12
559.66	2641.88
559.87	2744.28
560.07	2974.47
560.27	3163.29
560.48	3119.06
560.68	2945.80
560.88	2681.61
561.08	2989.62
561.29	3049.43
561.49	2703.32
561.69	2743.05
561.90	3243.98
562.10	2788.10
562.30	3299.69
562.51	2890.50
562.71	2840.12
562.91	3194.01
563.12	2755.34
563.32	2711.92
563.52	2942.11
563.72	2812.27
563.93	2810.22
564.13	2768.03
564.33	3246.03
564.54	2893.37
564.74	2789.33
564.94	2919.58
565.15	2733.63
565.35	2760.25
565.55	3187.46
565.75	2592.32
565.96	2892.96
566.16	2917.54
566.36	2754.52
566.57	2747.55
566.77	3237.43
566.97	2944.57
567.17	3125.20
567.38	2717.65
567.58	2861.83
567.78	2903.20
567.99	3284.12
568.19	2816.78
568.39	2988.81
568.59	3108.82
568.80	2958.09
569.00	3091.61
569.20	2922.45
569.40	2747.55
569.61	3105.13
569.81	2958.09
570.01	2838.89
570.21	2707.41
570.42	3290.68
570.62	2706.19
570.82	2692.26
571.02	2630.82
571.23	2753.29
571.43	3112.50
571.63	2719.29
571.84	2523.51
572.04	2627.95
572.24	3079.74
572.44	2971.19
572.64	2846.27
572.85	2846.27
573.05	3027.31
573.25	3295.59
573.45	2478.04
573.66	3402.90
573.86	2720.52
574.06	2869.61
574.26	3042.05
574.47	2840.94
574.67	3070.31
574.87	2582.49
575.07	2821.69
575.28	2809.81
575.48	2875.76
575.68	2908.12
575.88	2754.93
576.08	3116.19
576.29	2904.02
576.49	2945.80
576.69	3060.07
576.89	2765.58
577.10	2867.16
577.30	3095.30
577.50	2818.00
577.70	2661.13
577.90	3148.55
578.11	3056.39
578.31	2632.05
578.51	2997.00
578.71	2628.36
578.91	2972.42
579.12	2972.83
579.32	2994.54
579.52	4719.75
579.72	2776.23
579.92	2819.64
580.13	3015.84
580.33	3259.96
580.53	2973.24
580.73	2734.04
580.93	2976.93
581.14	2804.90
581.34	3051.06
581.54	2693.49
581.74	2988.40
581.94	2872.48
582.15	3130.93
582.35	2627.95
582.55	2901.56
582.75	3419.70
582.95	2909.75
583.15	3191.14
583.36	3126.84
583.56	2919.99
583.76	2778.68
583.96	2983.48
584.16	3045.74
584.37	2878.22
584.57	2984.71
584.77	2638.19
584.97	2837.67
585.17	2956.86
585.37	2996.59
585.57	3026.49
585.78	2596.01
585.98	2818.00
586.18	2824.97
586.38	2795.48
586.58	2627.54
586.78	2756.16
586.99	2734.86
587.19	2975.29
587.39	2820.46
587.59	2684.07
587.79	2788.10
587.99	2919.17
588.19	2870.43
588.40	3029.36
588.60	2710.69
588.80	3330.00
589.00	2706.60
589.20	2963.41
589.40	3184.18
589.60	2665.23
589.81	2844.63
590.01	2798.34
590.21	3277.16
590.41	2663.18
590.61	2908.12
590.81	2698.40
591.01	3169.03
591.22	2817.19
591.42	3371.37
591.62	3024.85
591.82	2951.53
592.02	2958.91
592.22	2878.62
592.42	3572.89
592.62	2967.92
592.82	2893.78
593.03	3062.94
593.23	2843.40
593.43	3069.09
593.63	2797.93
593.83	2809.81
594.03	3175.58
594.23	3083.42
594.43	2712.33
594.63	2683.66
594.84	2864.29
595.04	3154.69
595.24	3009.69
595.44	2741.82
595.64	2983.89
595.84	3024.44
596.04	2998.64
596.24	2834.39
596.44	2870.84
596.64	2696.77
596.84	2795.07
597.05	2889.68
597.25	3088.34
597.45	3085.88
597.65	2722.98
597.85	2883.95
598.05	2933.10
598.25	2715.61
598.45	2777.86
598.65	2852.82
598.85	2808.17
599.05	3313.20
599.25	2879.03
599.46	2582.08
599.66	3044.92
599.86	2766.81
600.06	2954.40
600.26	2781.96
600.46	2833.57
600.66	3056.80
600.86	3019.12
601.06	2808.99
601.26	2724.62
601.46	3134.62
601.66	2882.72
601.86	2737.32
602.06	2954.40
602.26	2725.85
602.46	2623.86
602.66	2738.13
602.87	2828.24
603.07	3016.25
603.27	2919.17
603.47	2804.49
603.67	3460.25
603.87	3217.77
604.07	2856.10
604.27	3072.36
604.47	2821.69
604.67	2738.13
604.87	2883.54
605.07	2787.70
605.27	2889.27
605.47	2696.36
605.67	2924.50
605.87	2866.75
606.07	3219.82
606.27	2763.94
606.47	2758.61
606.67	2650.48
606.87	2634.10
607.07	2902.38
607.27	2719.29
607.47	2919.99
607.67	2919.99
607.87	2723.80
608.07	2994.54
608.27	3062.53
608.47	2656.63
608.67	3164.93
608.87	2859.78
609.07	3067.86
609.27	2797.12
609.47	2981.43
609.67	2888.86
609.87	2981.84
610.07	2912.62
610.27	5361.58
610.47	2760.66
610.67	2946.62
610.87	2815.96
611.07	3260.37
611.27	2817.19
611.47	3008.06
611.67	3089.98
611.87	2815.14
612.07	2770.49
612.27	2863.06
612.47	2720.93
612.67	2895.83
612.87	2931.87
613.07	2745.51
613.27	2806.54
613.47	3017.07
613.67	2863.47
613.87	2877.81
614.07	2787.29
614.27	2727.48
614.47	2876.17
614.67	2938.43
614.87	2816.37
615.07	2847.09
615.27	2793.02
615.47	2782.78
615.67	3017.48
615.87	2657.44
616.07	2938.02
616.27	2947.85
616.47	2725.03
616.67	2713.97
616.87	2876.99
617.07	2682.43
617.27	2899.10
617.47	2820.87
617.66	2897.88
617.86	2838.08
618.06	2687.34
618.26	2671.37
618.46	2896.65
618.66	3121.10
618.86	3130.93
619.06	2924.50
619.26	2960.54
619.46	2811.86
619.66	3072.36
619.86	3015.84
620.06	2963.41
620.26	3089.98
620.46	3832.16
620.66	3499.57
620.85	3043.28
621.05	3310.34
621.25	2979.38
621.45	2792.61
621.65	3127.66
621.85	2844.63
622.05	3076.46
622.25	2768.85
622.45	2741.41
622.65	2845.86
622.85	2678.74
623.05	2931.87
623.25	2942.52
623.44	3212.03
623.64	2606.65
623.84	2840.53
624.04	2632.05
624.24	2969.55
624.44	2999.05
624.64	2911.80
624.84	2866.75
625.04	2772.13
625.24	2747.96
625.43	2838.08
625.63	3157.56
625.83	2854.87
626.03	2672.19
626.23	2919.58
626.43	2870.84
626.63	2710.69
626.83	2911.39
627.03	3080.55
627.22	2759.02
627.42	2860.60
627.62	2594.37
627.82	2884.36
628.02	2825.79
628.22	2720.93
628.42	2874.94
628.62	2579.21
628.82	2740.59
629.01	3374.64
629.21	2691.44
629.41	3154.28
629.61	2982.25
629.81	2832.34
630.01	3068.68
630.21	3221.86
630.40	3040.00
630.60	3026.08
630.80	2983.89
631.00	3076.87
631.20	3089.98
631.40	2888.46
631.60	2893.37
631.79	2739.36
631.99	3027.31
632.19	2949.48
632.39	2905.25
632.59	3025.26
632.79	2917.95
632.99	4927.82
633.18	2889.68
633.38	2850.77
633.58	2883.95
633.78	2812.27
633.98	2741.82
634.18	2813.91
634.37	3532.75
634.57	2965.05
634.77	3940.70
634.97	2815.96
635.17	2991.26
635.37	3259.55
635.56	2784.42
635.76	3157.56
635.96	2816.78
636.16	2894.19
636.36	2866.34
636.56	2725.85
636.75	2810.22
636.95	3013.79
637.15	2828.65
637.35	2845.86
637.55	3160.02
637.74	3111.27
637.94	2795.48
638.14	2895.01
638.34	2917.54
638.54	2512.86
638.73	2977.34
638.93	3053.93
639.13	2998.64
639.33	2983.07
639.53	2696.36
639.73	2765.17
639.92	2866.75
640.12	2711.51
640.32	2748.78
640.52	3001.91
640.71	2704.55
640.91	2877.81
641.11	2784.83
641.31	2818.00
641.51	2765.99
641.70	2981.84
641.90	3033.04
642.10	2896.24
642.30	2978.57
642.50	2943.34
642.69	2926.96
642.89	2747.15
643.09	2858.55
643.29	2934.74
643.48	2970.78
643.68	2957.27
643.88	3140.36
644.08	2502.21
644.28	3000.27
644.47	3030.99
644.67	2661.13
644.87	2692.67
645.07	2918.77
645.26	2761.89
645.46	2735.68
645.66	2854.05
645.86	2964.64
646.05	3173.53
646.25	2968.74
646.45	3001.50
646.65	3017.89
646.84	3018.71
647.04	2745.10
647.24	2912.62
647.44	2931.87
647.63	2881.90
647.83	3037.55
648.03	2981.84
648.23	2890.09
648.42	2903.20
648.62	2600.51
648.82	2582.90
649.02	2840.12
649.21	2819.23
649.41	3171.89
649.61	3116.19
649.80	2566.10
650.00	3320.99
650.20	2809.40
650.40	2839.71
650.59	3180.50
650.79	2774.59
650.99	3340.24
651.18	2833.98
651.38	2730.35
651.58	2966.69
651.78	2980.61
651.97	2924.91
652.17	2811.45
652.37	3034.27
652.56	2936.38
652.76	3001.50
652.96	2700.86
653.16	3066.63
653.35	3009.29
653.55	3082.19
653.75	2675.88
653.94	3107.59
654.14	2804.49
654.34	2921.63
654.54	2680.38
654.73	3164.11
654.93	2854.05
655.13	3087.93
655.32	2911.80
655.52	2877.40
655.72	2933.51
655.91	2745.10
656.11	2612.39
656.31	2969.15
656.50	2919.17
656.70	2832.34
656.90	2633.28
657.09	3054.34
657.29	2870.84
657.49	2772.95
657.68	2555.05
657.88	2899.51
658.08	2787.70
658.27	3197.70
658.47	2937.20
658.67	3018.71
658.86	2852.41
659.06	2925.73
659.26	2785.24
659.45	2776.64
659.65	2875.35
659.85	2892.14
660.04	2854.87
660.24	2756.57
660.44	2851.59
660.63	2922.04
660.83	2983.48
661.03	3105.95
661.22	2742.23
661.42	3037.96
661.62	2826.61
661.81	2999.05
662.01	2699.22
662.21	2627.54
662.40	2730.35
662.60	3323.03
662.79	2626.72
662.99	3123.15
663.19	2808.17
663.38	3068.27
663.58	2912.21
663.78	3067.45
663.97	2850.36
664.17	3034.27
664.36	2767.22
664.56	3050.24
664.76	2577.98
664.95	2896.65
665.15	2970.78
665.35	2921.22
665.54	3196.06
665.74	3049.02
665.93	3282.89
666.13	2848.31
666.33	2846.27
666.52	2853.64
666.72	3005.60
666.91	2704.14
667.11	2708.64
667.31	2967.92
667.50	2757.79
667.70	3032.22
667.89	2923.68
668.09	3220.23
668.29	2860.19
668.48	2830.29
668.68	3452.47
668.87	2876.17
669.07	2645.98
669.27	3046.97
669.46	2561.60
669.66	2786.88
669.85	2571.43
670.05	3038.37
670.25	2750.01
670.44	2768.85
670.64	2996.18
670.83	3126.02
671.03	2873.71
671.22	2928.19
671.42	2988.81
671.62	2650.07
671.81	2767.62
672.01	2997.82
672.20	2770.08
672.40	2917.54
672.59	3210.40
672.79	3051.06
672.99	2705.37
673.18	3050.24
673.38	3011.33
673.57	3157.15
673.77	2967.10
673.96	2795.48
674.16	2838.48
674.36	3115.37
674.55	2879.44
674.75	3041.64
674.94	2787.29
675.14	2970.37
675.33	3035.50
675.53	2973.65
675.72	2695.13
675.92	3337.78
676.11	3071.95
676.31	2810.22
676.50	2803.26
676.70	3097.35
676.90	2841.35
677.09	2961.36
677.29	2856.51
677.48	2969.55
677.68	2926.14
677.87	2716.43
678.07	2818.00
678.26	3051.88
678.46	2886.41
678.65	2864.70
678.85	2800.39
679.04	3072.77
679.24	2698.40
679.43	2745.10
679.63	2596.82
679.82	3302.14
680.02	3450.01
680.21	2938.84
680.41	2560.78
680.60	3097.76
680.80	3386.52
680.99	3069.91
681.19	3052.29
681.38	3078.51
681.58	2835.62
681.77	3297.64
681.97	2738.13
682.16	3191.96
682.36	3123.97
682.55	2919.17
682.75	2671.37
682.94	3050.65
683.14	2928.60
683.33	2504.26
683.53	3178.04
683.72	3156.33
683.92	2900.33
684.11	3142.40
684.31	2716.43
684.50	2820.46
684.70	2834.39
684.89	2751.24
685.09	2514.09
685.28	2766.81
685.48	2772.54
685.67	2822.92
685.87	2687.75
686.06	3023.21
686.26	3029.36
686.45	2783.60
686.64	2615.67
686.84	2820.46
687.03	3019.53
687.23	2801.62
687.42	2910.16
687.62	2841.35
687.81	3063.35
688.01	2879.03
688.20	2854.05
688.40	3279.62
688.59	3089.98
688.78	2970.37
688.98	2942.93
689.17	3217.77
689.37	2815.96
689.56	2850.36
689.76	3008.47
689.95	3146.50
690.15	2779.09
690.34	3213.67
690.53	2773.36
690.73	2802.44
690.92	2695.95
691.12	2889.68
691.31	3050.65
691.51	3189.92
691.70	3069.50
691.89	2746.33
692.09	2626.72
692.28	3022.80
692.48	2951.53
692.67	3081.37
692.87	2822.51
693.06	2852.00
693.25	2781.14
693.45	2833.16
693.64	2907.30
693.84	3077.69
694.03	2824.56
694.22	2802.85
694.42	2734.45
694.61	2865.52
694.81	4466.21
695.00	2838.89
695.19	2756.57
695.39	3150.19
695.58	3005.60
695.78	2882.72
695.97	2804.90
696.16	3361.54
696.36	3170.67
696.55	2858.96
696.75	2626.72
696.94	2688.98
697.13	3336.14
697.33	2771.72
697.52	2912.62
697.71	2951.94
697.91	3069.50
698.10	3409.46
698.30	2744.69
698.49	3118.24
698.68	2725.03
698.88	2745.10
699.07	2815.14
699.26	3530.70
699.46	2885.59
699.65	3058.85
699.85	2910.57
700.04	2811.45
700.23	2639.42
700.43	2889.27
700.62	2767.22
700.81	2991.67
701.01	2756.57
701.20	2842.17
701.39	2879.03
701.59	2934.33
701.78	2784.42
701.98	2747.55
702.17	2744.28
702.36	3011.33
702.56	3100.62
702.75	2849.95
702.94	2917.13
703.14	4556.73
703.33	2933.10
703.52	6550.22
703.72	2647.61
703.91	3062.53
704.10	2794.25
704.30	2733.63
704.49	2621.40
704.68	2868.79
704.88	3354.16
705.07	3196.47
705.26	2790.97
705.46	2799.98
705.65	2825.79
705.84	2686.12
706.03	2802.85
706.23	2901.97
706.42	2843.81
706.61	2858.15
706.81	3109.64
707.00	3148.55
707.19	2831.52
707.39	3052.29
707.58	2627.95
707.77	2859.37
707.97	3328.36
708.16	2948.67
708.35	2947.44
708.55	2814.32
708.74	2860.19
708.93	3239.07
709.12	2934.33
709.32	3008.06
709.51	3140.36
709.70	3076.46
709.90	3013.79
710.09	2928.60
710.28	2964.64
710.47	2691.03
710.67	2806.13
710.86	3257.50
711.05	2731.99
711.25	2751.65
711.44	2583.72
711.63	3033.04
711.82	3093.66
712.02	3667.09
712.21	2818.82
712.40	2988.81
712.59	3174.76
712.79	3187.87
712.98	2794.25
713.17	3212.85
713.37	2891.32
713.56	2732.40
713.75	2719.70
713.94	3025.67
714.14	2816.37
714.33	3055.57
714.52	2698.81
714.71	2912.21
714.91	2959.72
715.10	3122.74
715.29	2756.16
715.48	2887.23
715.68	3176.40
715.87	2784.01
716.06	2977.34
716.25	2941.29
716.45	3024.44
716.64	2942.52
716.83	2942.11
717.02	3323.03
717.21	3012.97
717.41	3365.22
717.60	3215.31
717.79	2792.20
717.98	2836.85
718.18	2890.91
718.37	2768.03
718.56	3476.22
718.75	3242.34
718.94	2958.09
719.14	2668.09
719.33	3053.93
719.52	3018.71
719.71	2804.49
719.91	2677.92
720.10	3426.25
720.29	2981.02
720.48	2795.89
720.67	2990.85
720.87	3450.42
721.06	2702.09
721.25	3119.47
721.44	2676.70
721.63	3126.43
721.83	3237.43
722.02	2664.41
722.21	2883.54
722.40	2991.26
722.59	3084.65
722.79	2929.00
722.98	3024.03
723.17	2806.95
723.36	2798.75
723.55	2689.80
723.74	2640.24
723.94	3045.74
724.13	2821.69
724.32	2818.41
724.51	2864.29
724.70	3049.02
724.90	2890.50
725.09	3194.83
725.28	3021.57
725.47	2982.66
725.66	3016.66
725.85	2876.17
726.05	2994.54
726.24	3023.62
726.43	2999.46
726.62	3089.16
726.81	2741.41
727.00	2844.63
727.20	3123.97
727.39	2992.08
727.58	2762.71
727.77	2835.21
727.96	2913.85
728.15	3206.30
728.34	2900.74
728.54	2974.47
728.73	3162.88
728.92	2879.03
729.11	2876.99
729.30	2842.58
729.49	3157.15
729.68	3049.84
729.88	2887.23
730.07	2649.25
730.26	2758.61
730.45	3359.49
730.64	3490.15
730.83	2824.56
731.02	2534.57
731.21	3214.49
731.41	3125.61
731.60	2558.32
731.79	2876.58
731.98	3355.80
732.17	3274.70
732.36	2534.16
732.55	2560.37
732.74	3449.60
732.93	3126.02
733.13	2761.48
733.32	2780.32
733.51	3039.60
733.70	3485.64
733.89	2879.03
734.08	2803.26
734.27	2933.10
734.46	3336.55
734.65	2676.70
734.85	2860.19
735.04	3039.19
735.23	3289.86
735.42	2839.30
735.61	2357.21
735.80	3071.13
735.99	3343.10
736.18	3512.27
736.37	2494.02
736.56	3358.26
736.75	3042.46
736.94	2732.40
737.14	2573.48
737.33	3119.47
737.52	2933.92
737.71	2885.59
737.90	2833.57
738.09	3301.74
738.28	3088.34
738.47	2976.93
738.66	2919.17
738.85	3332.05
739.04	3074.82
739.23	2958.50
739.42	2453.47
739.61	3155.51
739.80	2994.54
740.00	2750.42
740.19	2680.79
740.38	3070.72
740.57	2995.77
740.76	2677.51
740.95	2775.00
741.14	3495.47
741.33	3683.89
741.52	2872.07
741.71	2683.66
741.90	3281.67
742.09	3382.02
742.28	2757.39
742.47	2476.40
742.66	3087.11
742.85	2984.71
743.04	2677.10
743.23	2895.01
743.42	3255.86
743.61	3090.38
743.80	2713.97
743.99	2548.90
744.18	3313.20
744.37	3168.62
744.56	2770.08
744.75	2608.29
744.94	3431.58
745.13	3248.90
745.32	2466.98
745.51	2778.68
745.71	3315.66
745.90	3167.39
746.09	2858.55
746.28	2820.87
746.47	3248.90
746.66	3389.80
746.85	2982.25
747.04	2772.95
747.23	3233.33
747.42	3578.62
747.61	2634.51
747.80	3149.37
747.99	3320.99
748.18	3028.13
748.36	2660.31
748.55	3209.99
748.74	3618.76
748.93	3445.50
749.12	2796.71
749.31	2938.84
749.50	3186.64
749.69	3480.32
749.88	2811.86
750.07	2711.92
750.26	3638.83
750.45	3102.67
750.64	2595.60
750.83	2799.16
751.02	3229.24
751.21	3495.06
751.40	3016.66
751.59	3001.50
751.78	3538.89
751.97	3503.26
752.16	3152.23
752.35	3093.66
752.54	3504.48
752.73	3490.97
752.92	2961.36
753.11	3229.24
753.30	3241.52
753.49	3121.92
753.68	3166.16
753.87	3053.93
754.05	3605.24
754.24	3339.01
754.43	3268.97
754.62	2907.71
754.81	4087.34
755.00	3737.95
755.19	3007.24
755.38	3295.18
755.57	3687.98
755.76	3695.76
755.95	3261.19
756.14	2863.06
756.33	3652.76
756.52	3541.35
756.70	3203.43
756.89	3177.22
757.08	3750.65
757.27	3616.30
757.46	3194.01
757.65	2968.33
757.84	3744.51
758.03	3326.31
758.22	3108.82
758.41	3168.21
758.60	3382.02
758.79	3581.49
758.97	3400.86
759.16	3492.61
759.35	3667.09
759.54	3603.61
759.73	3130.53
759.92	3135.44
760.11	3445.09
760.30	3642.52
760.49	3241.93
760.67	3165.75
760.86	3848.54
761.05	4119.28
761.24	3256.68
761.43	3038.78
761.62	3855.10
761.81	3771.54
762.00	3438.13
762.19	3221.45
762.37	3885.00
762.56	4009.92
762.75	3060.48
762.94	3427.07
763.13	3574.12
763.32	3767.44
763.51	3158.79
763.70	3209.99
763.88	4218.41
764.07	3820.69
764.26	3346.79
764.45	3246.03
764.64	4027.13
764.83	4186.46
765.02	3521.28
765.20	3556.50
765.39	4014.84
765.58	4297.87
765.77	3742.46
765.96	4071.77
766.15	3916.54
766.33	3942.75
766.52	3719.93
766.71	3508.17
766.90	4434.26
767.09	3943.57
767.28	3284.53
767.46	3574.52
767.65	3982.48
767.84	4078.32
768.03	3635.96
768.22	3437.72
768.41	3867.79
768.59	4014.84
768.78	3665.04
768.97	3718.70
769.16	4476.86
769.35	3965.28
769.54	3790.79
769.72	3706.82
769.91	4200.38
770.10	4617.35
770.29	3667.50
770.48	3944.80
770.66	4342.92
770.85	4369.96
771.04	4007.47
771.23	3655.21
771.42	4589.91
771.60	4546.08
771.79	3939.88
771.98	3971.42
772.17	4501.84
772.36	4653.39
772.54	3834.62
772.73	4002.14
772.92	4650.53
773.11	4242.57
773.30	4137.72
773.48	3823.56
773.67	4465.39
773.86	4448.60
774.05	3936.20
774.23	4315.89
774.42	4718.52
774.61	4844.67
774.80	4114.37
774.99	4025.49
775.17	4753.75
775.36	4657.90
775.55	4285.58
775.74	4279.03
775.92	4854.91
776.11	4628.41
776.30	4673.87
776.49	4168.85
776.67	4693.53
776.86	4511.27
777.05	4300.73
777.24	4159.01
777.42	4888.91
777.61	4673.46
777.80	4721.80
777.99	4417.47
778.17	4881.13
778.36	4957.72
778.55	4447.78
778.74	4727.53
778.92	4921.68
779.11	5301.37
779.30	4652.58
779.49	4578.03
779.67	5158.83
779.86	5170.71
780.05	4554.68
780.24	4510.04
780.42	5282.94
780.61	5218.22
780.80	4881.54
780.98	4624.72
781.17	5246.49
781.36	5186.69
781.55	5048.24
781.73	4831.98
781.92	5535.25
782.11	5468.08
782.29	4931.92
782.48	5007.69
782.67	5758.89
782.86	5741.28
783.04	5114.60
783.23	5127.70
783.42	5648.71
783.60	5758.48
783.79	5241.16
783.98	5087.15
784.16	5827.29
784.35	5832.62
784.54	5393.12
784.73	5261.64
784.91	5817.46
785.10	5639.29
785.29	5464.39
785.47	5692.94
785.66	6171.76
785.85	5760.53
786.03	5524.19
786.22	5421.79
786.41	6213.13
786.59	6136.12
786.78	5508.63
786.97	5580.71
787.15	6348.29
787.34	6144.73
787.53	5749.06
787.71	5867.43
787.90	6372.46
788.09	6371.23
788.27	6202.48
788.46	6003.83
788.65	6570.29
788.83	6526.06
789.02	5832.21
789.21	5983.76
789.39	6381.88
789.58	6812.36
789.77	6154.97
789.95	6137.76
790.14	7155.60
790.33	6666.14
790.51	6148.41
790.70	6694.40
790.88	6934.01
791.07	7035.59
791.26	7049.93
791.44	6581.76
791.63	7079.83
791.82	7371.05
792.00	6570.29
792.19	6872.57
792.38	7677.43
792.56	7450.51
792.75	7192.06
792.93	7250.22
793.12	7726.99
793.31	7517.27
793.49	7409.14
793.68	7246.53
793.86	7625.00
794.05	8202.52
794.24	7491.47
794.42	7611.89
794.61	8071.45
794.80	7985.03
794.98	8069.41
795.17	7842.08
795.35	8565.83
795.54	8343.42
795.73	8142.31
795.91	8676.83
796.10	8670.69
796.28	8674.38
796.47	8053.84
796.66	8136.17
796.84	9362.49
797.03	8871.39
797.21	8321.72
797.40	8615.80
797.58	9326.45
797.77	9133.12
797.96	8982.39
798.14	9432.12
798.33	9767.58
798.51	9614.39
798.70	8901.29
798.88	9234.70
799.07	9700.00
799.26	9769.22
799.44	9451.38
799.63	9541.90
799.81	9905.62
800.00	10080.92
800.18	10076.83
800.37	9858.10
800.56	10186.60
800.74	10308.66
800.93	9999.00
801.11	10223.05
801.30	10699.41
801.48	10653.53
801.67	10433.58
801.85	10465.12
802.04	10986.94
802.22	10873.49
802.41	10680.98
802.60	10877.17
802.78	11361.31
802.97	11135.22
803.15	10930.83
803.34	11169.62
803.52	11587.00
803.71	11702.50
803.89	11038.96
804.08	11739.78
804.26	12087.52
804.45	11782.78
804.63	11717.25
804.82	11689.81
805.00	12016.25
805.19	12651.94
805.37	11776.64
805.56	11919.18
805.74	12821.10
805.93	12334.92
806.11	12417.24
806.30	12044.10
806.48	12692.90
806.67	12738.78
806.85	12479.91
807.04	12422.98
807.22	12814.96
807.41	12995.18
807.59	12928.01
807.78	12595.42
807.96	13545.27
808.15	13106.59
808.33	12944.80
808.52	13179.50
808.70	13512.50
808.89	13408.05
809.07	13493.25
809.26	12959.14
809.44	13504.72
809.63	13619.40
809.81	13483.83
810.00	13206.12
810.18	13604.25
810.37	13462.53
810.55	13233.97
810.74	13234.38
810.92	13864.75
811.11	13852.05
811.29	12928.83
811.48	13102.49
811.66	13381.02
811.84	13324.90
812.03	13290.91
812.21	13293.37
812.40	13433.04
812.58	13113.55
812.77	13276.98
812.95	12992.31
813.14	13292.55
813.32	13162.30
813.51	12966.92
813.69	12857.97
813.87	12993.95
814.06	13180.32
814.24	12843.22
814.43	12341.06
814.61	13152.06
814.80	13151.65
814.98	12457.38
815.16	12338.60
815.35	13046.79
815.53	13245.44
815.72	12231.70
815.90	12101.04
816.09	12546.68
816.27	12574.53
816.45	12096.94
816.64	11954.81
816.82	12561.42
817.01	11896.24
817.19	11564.88
817.37	11766.40
817.56	12152.65
817.74	11556.69
817.93	11644.34
818.11	11229.83
818.30	11401.04
818.48	11134.40
818.66	11027.49
818.85	10875.53
819.03	10991.86
819.21	10898.47
819.40	10663.77
819.58	11027.90
819.77	10670.74
819.95	10633.87
820.13	10632.64
820.32	9757.34
820.50	10546.63
820.69	10488.47
820.87	9782.74
821.05	9524.69
821.24	9916.26
821.42	9926.50
821.60	9206.44
821.79	9552.14
821.97	9620.95
822.16	9697.54
822.34	8851.73
822.52	8879.99
822.71	9444.41
822.89	9087.25
823.07	8747.28
823.26	8280.76
823.44	8617.44
823.62	8372.51
823.81	8204.16
823.99	7843.31
824.18	8368.82
824.36	8107.91
824.54	7865.02
824.73	7749.51
824.91	8261.10
825.09	7946.94
825.28	7744.60
825.46	7576.67
825.64	7752.38
825.83	7362.86
826.01	7125.70
826.19	6843.90
826.38	7156.01
826.56	7117.92
826.74	6548.18
826.93	6578.49
827.11	6815.64
827.29	6827.52
827.48	6406.46
827.66	6229.10
827.84	6668.19
828.03	6415.47
828.21	5851.87
828.39	5744.96
828.57	6533.02
828.76	6356.08
828.94	5711.78
829.12	6071.41
829.31	6064.04
829.49	5867.02
829.67	5399.67
829.86	5422.61
830.04	5703.59
830.22	5793.70
830.40	5216.18
830.59	5258.36
830.77	5575.80
830.95	5620.45
831.14	5435.31
831.32	4906.52
831.50	5268.19
831.69	5241.57
831.87	5169.48
832.05	4873.35
832.23	5134.67
832.42	5324.72
832.60	4535.43
832.78	4478.09
832.96	6424.48
833.15	5088.38
833.33	4464.16
833.51	4759.89
833.70	4913.49
833.88	4828.70
834.06	4507.99
834.24	4320.39
834.43	5053.98
834.61	4636.60
834.79	4409.69
834.97	4632.51
835.16	4684.93
835.34	4430.99
835.52	4437.95
835.70	4014.02
835.89	4368.73
836.07	4551.00
836.25	4212.26
836.43	3835.44
836.62	4295.00
836.80	4439.59
836.98	3798.57
837.16	3744.10
837.34	4145.50
837.53	4393.71
837.71	3841.58
837.89	4204.07
838.07	4168.03
838.26	4320.80
838.44	3854.28
838.62	4306.88
838.80	4086.93
838.99	4166.39
839.17	3527.01
839.35	3776.04
839.53	4051.29
839.71	4156.97
839.90	3419.70
840.08	3632.69
840.26	4058.66
840.44	4021.80
840.62	3742.87
840.81	3243.16
840.99	4353.57
841.17	3789.97
841.35	3587.63
841.53	3358.67
841.72	4022.62
841.90	3773.59
842.08	3301.33
842.26	3215.31
842.44	3756.79
842.63	4011.97
842.81	3663.41
842.99	3429.53
843.17	3776.86
843.35	3681.84
843.53	3536.84
843.72	3323.03
843.90	3701.50
844.08	3512.68
844.26	3220.64
844.44	3263.64
844.62	3890.32
844.81	3733.04
844.99	3524.55
845.17	3120.29
845.35	3554.86
845.53	3475.40
845.71	5217.00
845.90	3149.78
846.08	3484.41
846.26	3372.59
846.44	2912.62
846.62	3111.68
846.80	3437.72
846.98	3264.05
847.17	4281.89
847.35	3524.55
847.53	3520.46
847.71	3422.16
847.89	3507.76
848.07	2943.75
848.25	3347.20
848.44	3193.60
848.62	3237.84
848.80	2969.15
848.98	3290.27
849.16	3362.36
849.34	3269.79
849.52	2979.79
849.70	3410.28
849.89	3483.19
850.07	3089.98
850.25	3198.93
850.43	3314.02
850.61	3458.61
850.79	2781.55
850.97	2967.51
851.15	3488.92
851.33	3255.45
851.52	2890.91
851.70	3309.52
851.88	3486.46
852.06	3178.45
852.24	2837.26
852.42	3176.81
852.60	3570.84
852.78	3597.46
852.96	2954.40
853.14	3038.37
853.33	3605.24
853.51	3293.95
853.69	3160.43
853.87	3101.85
854.05	3200.98
854.23	2933.92
854.41	2809.81
854.59	2956.86
854.77	3374.64
854.95	3199.34
855.13	2814.73
855.31	3050.24
855.49	3114.55
855.68	3080.96
855.86	2893.78
856.04	3267.74
856.22	3008.47
856.40	3161.24
856.58	2802.03
856.76	2999.86
856.94	2984.71
857.12	3221.45
857.30	2584.95
857.48	2834.80
857.66	3230.06
857.84	3772.36
858.02	2867.16
858.20	3135.44
858.38	3065.81
858.56	3174.35
858.74	2642.70
858.92	2762.30
859.10	3207.94
859.29	3224.32
859.47	2661.95
859.65	3151.41
859.83	3164.93
860.01	3111.68
860.19	2774.59
860.37	2910.16
860.55	3279.62
860.73	3040.00
860.91	2686.94
861.09	3247.67
861.27	3138.31
861.45	3237.84
861.63	2713.97
861.81	3140.36
861.99	3092.84
862.17	3020.75
862.35	2697.99
862.53	2802.85
862.71	3438.13
862.89	3084.65
863.07	2703.73
863.25	3026.90
863.43	3218.18
863.61	3345.15
863.79	3103.08
863.97	3086.29
864.15	3176.81
864.33	2977.34
864.51	2740.18
864.69	2631.23
864.87	3238.25
865.05	3038.78
865.23	2850.77
865.41	2826.61
865.59	3369.32
865.77	3097.35
865.95	2925.32
866.13	2564.88
866.30	3099.81
866.48	2913.85
866.66	2869.61
866.84	2880.26
867.02	3075.23
867.20	2957.27
867.38	2701.27
867.56	2760.66
867.74	3294.36
867.92	3145.27
868.10	2803.26
868.28	2662.77
868.46	3171.89
868.64	3240.71
868.82	2768.85
869.00	2735.27
869.18	2971.60
869.36	3386.52
869.54	3075.23
869.72	3011.74
869.89	3136.26
870.07	3008.06
870.25	2753.70
870.43	2905.66
870.61	2912.62
870.79	3111.68
870.97	2715.61
871.15	2919.58
871.33	3571.66
871.51	3010.10
871.69	2948.26
871.87	2837.26
872.05	3205.48
872.22	3323.44
872.40	2631.23
872.58	2920.81
872.76	3289.86
872.94	3200.16
873.12	2850.77
873.30	2521.05
873.48	3217.36
873.66	3105.95
873.84	2875.76
874.01	2777.05
874.19	3087.52
874.37	2985.53
874.55	2636.96
874.73	2733.63
874.91	3384.88
875.09	2912.21
875.27	2652.53
875.45	2787.70
875.62	3162.06
875.80	3003.55
875.98	2723.80
876.16	2972.83
876.34	3228.42
876.52	2807.77
876.70	3206.71
876.88	2655.40
877.05	3243.98
877.23	3198.11
877.41	2817.60
877.59	3259.55
877.77	3250.95
877.95	2865.11
878.13	2637.78
878.30	2682.02
878.48	3103.90
878.66	3173.53
878.84	2957.68
879.02	2708.23
879.20	3189.10
879.37	3150.60
879.55	2894.19
879.73	2977.34
879.91	3096.53
880.09	3083.01
880.27	3251.36
880.45	2750.01
880.62	3016.25
880.80	2917.95
880.98	2827.02
881.16	2839.71
881.34	3012.15
881.51	2909.75
881.69	2793.02
881.87	2681.20
882.05	3096.53
882.23	2827.84
882.41	2673.83
882.58	2811.04
882.76	3056.80
882.94	2934.33
883.12	3067.86
883.30	2948.67
883.47	3296.41
883.65	3079.74
883.83	2923.27
884.01	2756.57
884.19	3063.76
884.36	2992.90
884.54	2487.46
884.72	3045.74
884.90	2997.41
885.08	3194.83
885.25	3717.06
885.43	2743.05
885.61	2931.46
885.79	3059.26
885.97	3044.10
886.14	3013.38
886.32	3028.54
886.50	3398.40
886.68	2775.00
886.85	2712.33
887.03	3284.53
887.21	3135.03
887.39	2864.29
887.56	3095.71
887.74	3054.34
887.92	3042.87
888.10	2905.25
888.27	2874.53
888.45	3306.24
888.63	3277.57
888.81	2782.78
888.99	2753.70
889.16	3008.88
889.34	2959.72
889.52	2544.40
889.69	2784.42
889.87	3305.83
890.05	3028.54
890.23	2865.52
890.40	2709.87
890.58	3032.63
890.76	3114.96
890.94	2785.24
891.11	2770.90
891.29	3087.93
891.47	2928.19
891.65	3084.24
891.82	3106.77
892.00	2821.28
892.18	3110.45
892.35	2868.39
892.53	2851.18
892.71	3295.59
892.89	3240.71
893.06	2895.01
893.24	2847.91
893.42	2818.41
893.59	2977.75
893.77	2659.08
893.95	2769.26
894.13	2735.27
894.30	3270.20
894.48	2784.42
894.66	3388.57
894.83	2956.86
895.01	3127.25
895.19	3010.10
895.36	2804.08
895.54	3254.22
895.72	3164.93
895.89	2702.91
896.07	2731.58
896.25	3232.92
896.43	2926.14
896.60	3103.90
896.78	2883.95
896.96	3243.98
897.13	3153.46
897.31	2704.14
897.49	2889.68
897.66	3329.18
897.84	3020.75
898.02	3062.94
898.19	2925.73
898.37	2938.84
898.55	3173.94
898.72	2987.17
898.90	2938.02
899.07	3074.41
899.25	3058.85
899.43	3059.26
899.60	3495.47
899.78	2912.62
899.96	2755.34
900.13	2688.98
900.31	2992.49
900.49	2994.13
900.66	3362.76
900.84	3064.17
901.02	3039.19
901.19	3171.07
901.37	2914.67
901.54	2914.26
901.72	2668.91
901.90	2974.88
902.07	3117.83
902.25	2813.09
902.43	2808.17
902.60	3318.12
902.78	2803.26
902.95	2847.09
903.13	2775.00
903.31	2953.99
903.48	3034.27
903.66	2880.26
903.83	3043.69
904.01	3113.32
904.19	2970.78
904.36	2837.26
904.54	2620.58
904.71	3182.95
904.89	2873.30
905.07	2861.01
905.24	2821.69
905.42	3086.29
905.59	3252.99
905.77	3011.74
905.95	2868.39
906.12	2910.16
906.30	3041.23
906.47	2993.31
906.65	3273.47
906.82	3325.08
907.00	3293.95
907.18	2586.58
907.35	2752.06
907.53	3169.03
907.70	3163.29
907.88	2815.96
908.05	3965.69
908.23	3141.58
908.41	3179.27
908.58	2873.71
908.76	2494.02
908.93	3328.36
909.11	3100.62
909.28	2796.30
909.46	2740.18
909.63	3204.25
909.81	3162.47
909.99	2905.25
910.16	2693.90
910.34	2904.43
910.51	3132.57
910.69	2919.99
910.86	2604.61
911.04	3090.79
911.21	2691.44
911.39	3435.67
911.56	2675.88
911.74	2989.62
911.91	3078.10
912.09	2842.99
912.26	2766.81
912.44	2759.02
912.62	2853.23
912.79	2816.78
912.97	2983.48
913.14	3330.41
913.32	3141.58
913.49	2787.70
913.67	2883.13
913.84	2693.49
914.02	2826.20
914.19	2764.35
914.37	2949.08
914.54	2901.97
914.72	2722.16
914.89	2697.58
915.07	3098.58
915.24	2892.55
915.42	2998.23
915.59	2797.12
915.77	3086.29
915.94	3374.23
916.12	3363.58
916.29	2792.20
916.46	2908.12
916.64	3091.61
916.81	3375.87
916.99	2916.31
917.16	2806.54
917.34	3371.37
917.51	3166.98
917.69	2731.58
917.86	2614.44
918.04	2967.10
918.21	3302.14
918.39	2974.06
918.56	2848.72
918.74	2781.14
918.91	3341.88
919.08	2635.33
919.26	3057.62
919.43	3086.70
919.61	3032.63
919.78	2833.57
919.96	3169.03
920.13	3293.95
920.31	3028.54
920.48	3023.62
920.65	2843.81
920.83	3316.89
921.00	3129.30
921.18	2831.93
921.35	2971.19
921.53	2967.92
921.70	2906.48
921.88	2765.17
922.05	2655.81
922.22	2838.08
922.40	3020.34
922.57	2749.19
922.75	2505.08
922.92	3025.26
923.09	2992.90
923.27	2755.75
923.44	3217.36
923.62	2910.16
923.79	3257.91
923.96	2790.97
924.14	2646.79
924.31	3247.26
924.49	3048.61
924.66	2758.61
924.83	2890.50
925.01	3010.92
925.18	3394.30
925.36	3087.52
925.53	2655.81
925.70	2933.51
925.88	2784.42
926.05	3069.50
926.23	2999.05
926.40	3122.74
926.57	3100.62
926.75	2901.97
926.92	2623.86
927.09	3132.57
927.27	2791.79
927.44	2959.31
927.62	2671.78
927.79	3253.40
927.96	2813.09
928.14	2691.85
928.31	2923.27
928.48	3369.32
928.66	2988.40
928.83	2610.34
929.00	2845.86
929.18	2967.51
929.35	2994.95
929.52	3053.52
929.70	2759.02
929.87	2904.02
930.05	2843.81
930.22	2821.28
930.39	2891.73
930.57	2884.36
930.74	3365.63
930.91	2753.70
931.09	3017.48
931.26	3081.78
931.43	3151.82
931.61	2515.72
931.78	2868.39
931.95	3081.78
932.12	3347.61
932.30	2675.06
932.47	3047.79
932.64	2827.43
932.82	2809.40
932.99	2865.93
933.16	2743.46
933.34	2967.92
933.51	3139.95
933.68	2755.34
933.86	3073.59
934.03	2978.16
934.20	2867.16
934.38	3103.08
934.55	2663.59
934.72	3437.31
934.89	3161.65
935.07	2782.78
935.24	2913.44
935.41	2938.43
935.59	3031.40
935.76	2802.85
935.93	2888.05
936.10	2933.92
936.28	3050.65
936.45	2825.79
936.62	2862.65
936.79	3266.51
936.97	2909.34
937.14	2804.08
937.31	2937.61
937.49	2822.10
937.66	3084.24
937.83	3096.94
938.00	3017.89
938.18	3259.14
938.35	3182.54
938.52	2840.12
938.69	2849.95
938.87	3001.09
939.04	2969.15
939.21	2820.87
939.38	2829.88
939.56	2947.44
939.73	2668.50
939.90	2880.67
940.07	2781.55
940.25	2978.98
940.42	3061.30
940.59	2978.57
940.76	2731.99
940.94	2842.58
941.11	2897.47
941.28	2875.76
941.45	3001.09
941.62	3074.82
941.80	2804.08
941.97	2981.84
942.14	2681.61
942.31	3338.19
942.48	2891.32
942.66	2814.73
942.83	2994.95
943.00	2622.22
943.17	3252.58
943.35	3055.57
943.52	2930.64
943.69	2769.26
943.86	2856.51
944.03	2634.10
944.21	3266.10
944.38	2924.50
944.55	2903.61
944.72	2808.58
944.89	2713.56
945.06	2926.55
945.24	2910.57
945.41	3266.10
945.58	2904.43
945.75	3092.02
945.92	2828.24
946.10	3201.38
946.27	2570.61
946.44	2922.86
946.61	2911.80
946.78	3148.14
946.95	2617.71
947.13	2824.56
947.30	2903.20
947.47	2813.91
947.64	2922.86
947.81	3151.41
947.98	2922.45
948.16	2936.79
948.33	2865.52
948.50	2867.57
948.67	2925.32
948.84	3103.08
949.01	2796.30
949.18	2992.08
949.36	3175.17
949.53	2845.45
949.70	2874.12
949.87	3087.11
950.04	2810.22
950.21	2993.72
950.38	2781.96
950.56	2982.66
950.73	2994.54
950.90	2845.04
951.07	2961.36
951.24	3080.14
951.41	2906.07
951.58	2844.22
951.75	2951.94
951.92	2866.34
952.10	2911.80
952.27	2632.87
952.44	3039.60
952.61	3667.91
952.78	2926.14
952.95	2621.81
953.12	2997.41
953.29	2995.77
953.46	2842.58
953.64	2983.89
953.81	2688.57
953.98	3114.14
954.15	2858.96
954.32	2830.29
954.49	2626.72
954.66	2906.89
954.83	2880.26
955.00	2731.58
955.17	2893.78
955.34	2870.02
955.51	2870.43
955.69	3471.72
955.86	2856.92
956.03	2922.04
956.20	3007.65
956.37	2940.06
956.54	2675.47
956.71	2973.24
956.88	2847.50
957.05	2850.36
957.22	2676.29
957.39	3092.84
957.56	2773.77
957.73	2706.19
957.90	2691.03
958.07	3194.42
958.24	3124.79
958.41	2678.33
958.59	2921.22
958.76	3125.20
958.93	3191.14
959.10	2889.68
959.27	2705.78
959.44	3197.29
959.61	2855.69
959.78	2954.40
959.95	2814.73
960.12	3243.16
960.29	3037.55
960.46	2755.34
960.63	2523.92
960.80	2956.86
960.97	3058.03
961.14	2614.85
961.31	2914.26
961.48	3238.25
961.65	3121.51
961.82	2906.07
961.99	2917.95
962.16	2901.56
962.33	2965.05
962.50	2977.34
962.67	2695.13
962.84	3009.29
963.01	2859.37
963.18	2680.79
963.35	2745.51
963.52	3105.95
963.69	2977.34
963.86	3135.44
964.03	2966.28
964.20	3384.47
964.37	3136.26
964.54	3071.13
964.71	2865.11
964.88	2940.06
965.05	3017.48
965.22	2815.14
965.39	2918.77
965.56	2853.64
965.73	2895.42
965.90	3060.89
966.07	2721.75
966.24	2956.45
966.41	2931.05
966.58	2876.17
966.74	3112.91
966.91	3368.50
967.08	3289.86
967.25	2722.57
967.42	2806.13
967.59	3211.21
967.76	2750.01
967.93	2987.58
968.10	2900.33
968.27	3053.93
968.44	2994.95
968.61	2823.74
968.78	2644.34
968.95	2905.66
969.12	2931.05
969.29	2949.08
969.46	2687.75
969.62	3246.03
969.79	2822.10
969.96	2626.32
970.13	2648.43
970.30	3040.00
970.47	3079.33
970.64	2996.18
970.81	2889.27
970.98	3055.98
971.15	2932.28
971.32	2504.26
971.49	3066.22
971.65	3194.83
971.82	3038.37
971.99	2913.85
972.16	3083.83
972.33	2956.45
972.50	2940.47
972.67	2918.77
972.84	2957.68
973.01	2784.42
973.17	3104.31
973.34	3003.14
973.51	3035.09
973.68	2969.96
973.85	2884.36
974.02	2909.75
974.19	2768.03
974.36	3081.78
974.53	3184.59
974.69	2991.67
974.86	2704.96
975.03	3268.56
975.20	2900.74
975.37	3010.51
975.54	2945.80
975.71	3121.10
975.87	2997.00
976.04	3069.09
976.21	2905.66
976.38	3096.94
976.55	2962.59
976.72	2750.01
976.89	3108.82
977.05	3149.78
977.22	3260.78
977.39	2632.05
977.56	3027.72
977.73	2997.00
977.90	2795.89
978.06	2929.00
978.23	2944.57
978.40	2866.75
978.57	3244.39
978.74	3086.70
978.91	3042.05
979.07	2898.69
979.24	3140.36
979.41	2829.47
979.58	2893.78
979.75	3214.49
979.91	2754.11
980.08	2541.94
980.25	2933.51
980.42	3121.51
980.59	2987.17
980.75	2684.07
980.92	2817.19
981.09	2922.86
981.26	3106.77
981.43	3064.58
981.59	2861.01
981.76	2915.49
981.93	2905.25
982.10	2823.74
982.27	2755.75
982.43	3091.20
982.60	2863.88
982.77	2719.70
982.94	2812.68
983.11	2854.46
983.27	2764.76
983.44	2876.58
983.61	2870.84
983.78	3336.96
983.94	3208.35
984.11	2751.24
984.28	2926.55
984.45	3226.37
984.61	2743.05
984.78	2729.94
984.95	2709.46
985.12	3050.65
985.28	3263.23
985.45	2761.48
985.62	2746.74
985.79	2885.59
985.95	2843.40
986.12	2627.13
986.29	2815.14
986.46	3260.78
986.62	3210.81
986.79	2923.68
986.96	2691.44
987.13	3028.13
987.29	3294.36
987.46	2822.10
987.63	2826.20
987.80	2758.20
987.96	3388.16
988.13	2789.74
988.30	2780.73
988.46	2899.92
988.63	3142.81
988.80	2267.92
988.97	2226.55
989.13	3053.52
989.30	3100.62
989.47	2186.00
989.63	2220.00
989.80	3295.59
989.97	3081.37
990.13	2466.98
990.30	2807.77
990.47	2914.67
990.64	2944.98
990.80	2265.87
990.97	2464.53
991.14	2851.18
991.30	3004.78
991.47	2348.20
991.64	2391.21
991.80	2983.07
991.97	2935.15
992.14	2242.94
992.30	2917.13
992.47	2847.50
992.64	3076.87
992.80	2321.99
992.97	2313.80
993.14	3351.71
993.30	3889.50
993.47	2322.81
993.64	2394.89
993.80	3273.47
993.97	3039.19
994.14	2475.58
994.30	2786.06
994.47	3156.33
994.64	2977.75
994.80	2624.27
994.97	2435.44
995.14	3200.16
995.30	3027.31
995.47	2496.47
995.63	2560.78
995.80	2985.12
995.97	3451.24
996.13	2380.15
996.30	2414.15
996.47	2981.84
996.63	3597.87
996.80	2953.17
996.97	2606.65
997.13	3125.20
997.30	3280.44
997.46	2337.55
997.63	2682.84
997.80	3240.71
997.96	3141.99
998.13	2371.55
998.29	2402.27
998.46	2985.12
998.63	2913.03
998.79	2299.46
998.96	2584.95
999.12	3248.08
999.29	3002.32
999.46	2512.04
999.62	2777.05
999.79	3149.78
999.95	3040.00
1000.12	2368.68
1000.29	2490.74
1000.45	3139.54
1000.62	3164.52
1000.78	2480.09
1000.95	2390.80
1001.11	3078.51
1001.28	3155.51
1001.45	2369.91
1001.61	2765.58
1001.78	3100.22
1001.94	3230.47
1002.11	2508.35
1002.27	2734.45
1002.44	3248.08
1002.61	3117.83
1002.77	2369.09
1002.94	2306.01
1003.10	3089.98
1003.27	3195.24
1003.43	2400.63
1003.60	2491.56
1003.76	2992.90
1003.93	3051.47
1004.10	2607.47
1004.26	2724.62
1004.43	3173.94
1004.59	3441.82
1004.76	2380.97
1004.92	2472.31
1005.09	3419.29
1005.25	3252.99
1005.42	2399.40
1005.58	2693.08
1005.75	3190.33
1005.91	3100.62
1006.08	2776.23
1006.24	2338.37
1006.41	2963.00
1006.57	3006.01
1006.74	2383.84
1006.90	2571.43
1007.07	2921.63
1007.23	3454.10
1007.40	2518.18
1007.56	2317.89
1007.73	2846.27
1007.89	3165.34
1008.06	2725.03
1008.22	2623.04
1008.39	3063.76
1008.55	3024.85
1008.72	2543.99
1008.88	2443.23
1009.05	2943.34
1009.21	3235.79
1009.38	2211.81
1009.54	2474.77
1009.71	3407.00
1009.87	3441.41
1010.04	2178.63
1010.20	2661.13
1010.37	2768.03
1010.53	3262.41
1010.70	2533.34
1010.86	2300.69
1011.03	2831.93
1011.19	2842.17
1011.35	2617.30
1011.52	2510.40
1011.68	2965.05
1011.85	2969.15
1012.01	2763.94
1012.18	2586.58
1012.34	2962.18
1012.51	2965.46
1012.67	2452.65
1012.83	2561.60
1013.00	3192.37
1013.16	2856.92
1013.33	2416.19
1013.49	2990.85
1013.66	3122.33
1013.82	3502.03
1013.99	2507.12
1014.15	2569.79
1014.31	3179.27
1014.48	3090.38
1014.64	2582.90
1014.81	2523.10
1014.97	2869.61
1015.13	3291.90
1015.30	2480.50
1015.46	2573.89
1015.63	2856.92
1015.79	2952.35
1015.95	2253.58
1016.12	2432.58
1016.28	3005.60
1016.45	3028.13
1016.61	2518.18
1016.77	2564.88
1016.94	2949.08
1017.10	3162.47
1017.27	2514.50
1017.43	2369.09
1017.59	2926.55
1017.76	3175.17
1017.92	2364.99
1018.09	2309.29
1018.25	3334.91
1018.41	3176.81
1018.58	2593.14
1018.74	2602.97
1018.90	2978.98
1019.07	3077.28
1019.23	2378.92
1019.40	2439.54
1019.56	3111.27
1019.72	2821.28
1019.89	2612.39
1020.05	3017.48
1020.21	3203.84
1020.38	3014.61
1020.54	2353.94
1020.70	2533.75
1020.87	3044.92
1021.03	3197.70
1021.19	2484.19
1021.36	2219.18
1021.52	3246.03
1021.68	3393.89
1021.85	3065.40
1022.01	2540.30
1022.17	3058.03
1022.34	3089.98
1022.50	2413.33
1022.66	2579.62
1022.83	3237.84
1022.99	3114.14
1023.15	2384.65
1023.32	2667.68
1023.48	3058.44
1023.64	2987.58
1023.81	2281.03
1023.97	2650.89
1024.13	3041.64
1024.30	3016.25
1024.46	2633.69
1024.62	2559.96
1024.79	3117.42
1024.95	3299.69
1025.11	2301.92
1025.27	2557.91
1025.44	2854.46
1025.60	2990.85
1025.76	2555.46
1025.93	2367.04
1026.09	3027.31
1026.25	3003.55
1026.41	2561.60
1026.58	2322.81
1026.74	2885.59
1026.90	3277.57
1027.07	2663.59
1027.23	2355.57
1027.39	3036.32
1027.55	3268.97
1027.72	2527.60
1027.88	2643.93
1028.04	3031.40
1028.20	3208.35
1028.37	2180.27
1028.53	2585.36
1028.69	2834.80
1028.85	3195.24
1029.02	2708.23
1029.18	2389.98
1029.34	2919.99
1029.50	3166.57
1029.67	2699.63
1029.83	2405.54
1029.99	3120.69
1030.15	3001.91
1030.32	2381.38
1030.48	2607.06
1030.64	2976.11
1030.80	3369.32
1030.97	2763.94
1031.13	2463.71
1031.29	3102.26
1031.45	3169.44
1031.61	2446.91
1031.78	2467.80
1031.94	3413.55
1032.10	3178.45
1032.26	2643.11
1032.42	2589.04
1032.59	3302.55
1032.75	2985.94
1032.91	2537.43
1033.07	2522.28
1033.24	2876.17
1033.40	3678.56
1033.56	2573.07
1033.72	2351.07
1033.88	3141.99
1034.04	3506.12
1034.21	2626.72
1034.37	2588.63
1034.53	3111.27
1034.69	2865.52
1034.85	2431.76
1035.02	2487.46
1035.18	2899.92
1035.34	3271.02
1035.50	2312.98
1035.66	2671.78
1035.82	3024.85
1035.99	3271.83
1036.15	2468.21
1036.31	2766.40
1036.47	3183.36
1036.63	3674.47
1036.79	3010.10
1036.96	2759.43
1037.12	3284.12
1037.28	2919.58
1037.44	2211.40
1037.60	2425.20
1037.76	3023.62
1037.92	3064.58
1038.09	2223.68
1038.25	2768.03
1038.41	3245.21
1038.57	3244.39
1038.73	2473.13
1038.89	2423.57
1039.05	3209.17
1039.22	3080.55
1039.38	2496.06
1039.54	2923.68
1039.70	3151.82
1039.86	3268.15
1040.02	2451.01
1040.18	2506.71
1040.34	3051.47
1040.51	3234.15
1040.67	3336.14
1040.83	2825.79
1040.99	3281.26
1041.15	3418.06
1041.31	2387.52
1041.47	2762.71
1041.63	2997.00
