345.74	1417.60
345.96	1417.60
346.17	1417.60
346.39	1419.65
346.60	1382.38
346.81	2571.84
347.03	2630.82
347.24	3230.06
347.46	3303.78
347.67	2670.96
347.89	2515.32
348.10	3105.54
348.32	3006.42
348.53	2569.38
348.75	2584.54
348.96	2913.03
349.18	3257.91
349.39	2547.67
349.61	2546.44
349.82	3155.10
350.04	3107.18
350.25	2545.22
350.47	2646.79
350.68	3185.82
350.90	3371.78
351.11	2486.64
351.32	2580.03
351.54	3293.54
351.75	3332.05
351.97	2551.36
352.18	2566.51
352.40	2937.61
352.61	3257.91
352.83	2736.50
353.04	2441.59
353.26	3221.86
353.47	3010.51
353.69	2619.35
353.90	2541.53
354.11	2847.50
354.33	3458.20
354.54	2288.81
354.76	2674.24
354.97	2859.78
355.19	3185.41
355.40	2441.59
355.62	3024.44
355.83	3039.19
356.04	3139.54
356.26	2408.41
356.47	2674.24
356.69	2843.81
356.90	3579.85
357.12	2563.65
357.33	2421.52
357.55	3010.10
357.76	3041.64
357.97	2387.11
358.19	2636.15
358.40	2837.26
358.62	3253.81
358.83	2523.10
359.05	2781.14
359.26	2944.98
359.47	3053.93
359.69	2693.90
359.90	2888.86
360.12	2861.83
360.33	2994.13
360.55	2473.13
360.76	2766.40
360.97	3164.52
361.19	3292.72
361.40	2453.88
361.62	2704.55
361.83	3301.33
362.04	3351.71
362.26	2579.21
362.47	2620.58
362.69	2954.81
362.90	3111.27
363.12	2451.83
363.33	2580.44
363.54	3092.43
363.76	3233.74
363.97	2623.86
364.19	2617.71
364.40	3394.30
364.61	2975.70
364.83	2289.22
365.04	2715.61
365.26	3037.96
365.47	3366.04
365.68	2522.69
365.90	2597.64
366.11	3008.47
366.33	3342.69
366.54	2497.70
366.75	2448.55
366.97	2788.10
367.18	2956.04
367.40	2669.73
367.61	2532.52
367.82	3030.58
368.04	3189.10
368.25	2652.12
368.46	2653.35
368.68	2960.13
368.89	3390.62
369.11	2579.62
369.32	2691.44
369.53	3388.57
369.75	3125.20
369.96	2926.96
370.18	2653.35
370.39	2922.86
370.60	3077.69
370.82	2490.74
371.03	2543.58
371.24	3461.48
371.46	2902.79
371.67	2688.98
371.88	2545.22
372.10	2804.90
372.31	2788.92
372.53	2344.51
372.74	2541.12
372.95	2866.34
373.17	2858.15
373.38	2782.37
373.59	2713.15
373.81	3053.52
374.02	3349.25
374.23	2469.03
374.45	2955.22
374.66	3137.08
374.88	3063.35
375.09	2537.43
375.30	2877.40
375.52	3036.32
375.73	3293.13
375.94	2491.56
376.16	2827.02
376.37	3224.73
376.58	3215.31
376.80	2773.77
377.01	2783.60
377.22	3657.67
377.44	3265.69
377.65	2709.87
377.86	2289.63
378.08	3081.78
378.29	2888.86
378.50	2690.21
378.72	2452.65
378.93	3486.87
379.14	3251.76
379.36	2966.69
379.57	2639.83
379.78	2782.37
380.00	3182.54
380.21	2382.61
380.42	2354.75
380.64	2723.80
380.85	2786.06
381.06	2716.84
381.28	2573.89
381.49	3483.19
381.70	2907.30
381.92	2495.25
382.13	2654.99
382.34	3514.31
382.56	3328.36
382.77	2571.84
382.98	2636.15
383.19	3152.23
383.41	3110.05
383.62	2585.77
383.83	2680.38
384.05	3109.23
384.26	3163.70
384.47	2672.19
384.69	2579.62
384.90	3022.39
385.11	3384.88
385.33	2595.60
385.54	2761.07
385.75	2865.11
385.96	3250.54
386.18	3152.23
386.39	2672.60
386.60	2894.60
386.82	3422.57
387.03	2640.65
387.24	2614.44
387.45	2904.43
387.67	2865.11
387.88	2777.86
388.09	2688.98
388.31	2904.43
388.52	2981.84
388.73	3026.49
388.94	2608.70
389.16	3258.32
389.37	2887.64
389.58	2648.02
389.80	2606.25
390.01	2964.64
390.22	3211.62
390.43	2781.96
390.65	2722.98
390.86	2969.55
391.07	3215.31
391.29	2645.57
391.50	2330.18
391.71	3256.27
391.92	3220.64
392.14	2688.16
392.35	2777.05
392.56	2818.41
392.77	3135.85
392.99	2712.74
393.20	2435.85
393.41	2940.47
393.62	2982.25
393.84	2496.47
394.05	2666.46
394.26	3124.79
394.47	3343.10
394.69	2876.17
394.90	2906.48
395.11	3030.17
395.32	2969.15
395.54	2546.85
395.75	2417.83
395.96	2883.95
396.17	3463.93
396.39	2953.58
396.60	2525.15
396.81	3094.07
397.02	3003.14
397.24	2834.39
397.45	2981.84
397.66	2929.00
397.87	3252.58
398.09	2711.51
398.30	2515.32
398.51	3197.29
398.72	2873.30
398.94	2610.75
399.15	3078.10
399.36	3148.14
399.57	3226.78
399.79	2765.58
400.00	3014.20
400.21	2683.66
400.42	3141.58
400.63	2720.11
400.85	2826.61
401.06	3035.91
401.27	3068.27
401.48	3216.95
401.70	2696.36
401.91	3454.51
402.12	3275.11
402.33	2954.40
402.54	2577.98
402.76	3058.44
402.97	3376.69
403.18	2596.41
403.39	2609.11
403.60	3184.59
403.82	2999.05
404.03	2287.99
404.24	2552.59
404.45	3157.56
404.66	3441.00
404.88	2383.84
405.09	3062.94
405.30	3105.54
405.51	3088.75
405.73	2564.47
405.94	2526.78
406.15	2983.48
406.36	2991.67
406.57	2629.18
406.78	2553.41
407.00	3024.44
407.21	3260.78
407.42	2466.98
407.63	2977.34
407.84	3131.75
408.06	3049.43
408.27	2445.68
408.48	2609.52
408.69	3050.65
408.90	2917.13
409.12	2459.61
409.33	2560.37
409.54	2738.95
409.75	2979.79
409.96	2599.28
410.17	2799.16
410.39	2877.40
410.60	3448.78
410.81	2675.88
411.02	2805.72
411.23	4758.25
411.44	2827.02
411.66	2663.59
411.87	2982.66
412.08	3387.75
412.29	2789.74
412.50	2581.26
412.71	2514.09
412.93	2894.19
413.14	2941.70
413.35	2779.91
413.56	2594.78
413.77	3074.82
413.98	3019.93
414.20	2537.84
414.41	2762.71
414.62	2979.38
414.83	2817.19
415.04	2586.58
415.25	2756.98
415.46	3317.30
415.68	2978.16
415.89	2452.24
416.10	2750.83
416.31	2718.06
416.52	3137.90
416.73	2686.53
416.94	2633.28
417.16	3019.93
417.37	3075.23
417.58	2783.60
417.79	2516.54
418.00	2999.05
418.21	2949.08
418.42	2770.08
418.64	2551.36
418.85	2733.63
419.06	3040.41
419.27	2512.45
419.48	2658.26
419.69	3017.48
419.90	2777.05
420.11	2499.34
420.33	2452.65
420.54	3381.20
420.75	3208.76
420.96	2415.37
421.17	2793.43
421.38	3049.43
421.59	2820.46
421.80	2421.11
422.02	2641.06
422.23	2985.12
422.44	3174.35
422.65	2498.93
422.86	2667.68
423.07	2824.56
423.28	3022.39
423.49	2278.16
423.70	2685.30
423.92	2809.81
424.13	3289.45
424.34	2433.81
424.55	2501.39
424.76	3272.24
424.97	3274.70
425.18	2426.84
425.39	2721.34
425.60	2809.81
425.81	2908.53
426.03	2749.19
426.24	2600.51
426.45	2982.25
426.66	3444.27
426.87	2589.45
427.08	2899.92
427.29	3066.63
427.50	3004.37
427.71	2525.96
427.92	2571.02
428.13	2800.80
428.34	2896.24
428.56	2845.86
428.77	2765.99
428.98	3615.07
429.19	3092.84
429.40	2754.11
429.61	2641.47
429.82	3073.18
430.03	2836.44
430.24	2762.30
430.45	2374.41
430.66	3160.43
430.87	2956.45
431.08	2666.86
431.30	2450.60
431.51	3027.31
431.72	3077.28
431.93	2792.61
432.14	2517.36
432.35	3025.67
432.56	3345.15
432.77	2586.99
432.98	2659.90
433.19	2947.85
433.40	3051.88
433.61	2466.98
433.82	2669.73
434.03	2794.25
434.24	2890.09
434.45	3189.51
434.66	3078.10
434.87	3131.34
435.09	3017.07
435.30	2749.19
435.51	2864.70
435.72	3061.71
435.93	2776.23
436.14	2721.75
436.35	2611.57
436.56	3139.13
436.77	2980.61
436.98	2503.85
437.19	2793.84
437.40	3356.21
437.61	3093.25
437.82	2654.17
438.03	2647.20
438.24	2963.82
438.45	3127.66
438.66	2445.27
438.87	2455.51
439.08	2941.70
439.29	2840.12
439.50	2849.95
439.71	3078.92
439.92	2760.25
440.13	2750.01
440.34	2652.53
440.55	2802.03
440.76	2780.32
440.97	3157.15
441.18	2805.31
441.39	2575.12
441.60	2903.20
441.81	2822.92
442.02	2649.66
442.23	2613.62
442.44	3108.00
442.65	2846.27
442.86	2806.95
443.07	2820.46
443.28	2906.89
443.49	2956.45
443.70	2799.16
443.91	2569.38
444.12	2800.39
444.33	2879.85
444.54	2840.12
444.75	2686.53
444.96	3071.95
445.17	3155.92
445.38	3017.48
445.59	2688.98
445.80	2929.41
446.01	2761.07
446.22	3140.36
446.43	2586.58
446.64	2723.39
446.85	2877.81
447.06	2722.16
447.27	2719.29
447.48	3189.51
447.69	2838.08
447.90	2774.18
448.11	2439.13
448.32	2929.00
448.53	2764.35
448.74	2912.21
448.95	2679.15
449.16	2838.89
449.37	2954.81
449.58	2599.69
449.79	2537.84
450.00	2545.22
450.21	2761.07
450.42	2783.60
450.63	2658.26
450.84	2711.92
451.05	2678.33
451.26	2735.68
451.47	2793.02
451.68	3005.60
451.89	2802.03
452.10	2664.41
452.30	2981.02
452.51	2888.05
452.72	2590.27
452.93	2694.31
453.14	2751.24
453.35	2806.95
453.56	3097.35
453.77	2736.09
453.98	2626.32
454.19	3074.41
454.40	2762.30
454.61	2688.57
454.82	2765.99
455.03	2518.18
455.24	2690.62
455.45	2768.03
455.66	2967.92
455.87	2834.39
456.07	2707.41
456.28	2607.88
456.49	2452.24
456.70	2968.74
456.91	2797.12
457.12	2525.96
457.33	2553.41
457.54	2927.37
457.75	3042.46
457.96	3006.42
458.17	2774.59
458.38	2749.60
458.59	2592.73
458.79	2528.01
459.00	2421.11
459.21	2752.06
459.42	2628.77
459.63	2578.39
459.84	2458.38
460.05	3538.07
460.26	2872.07
460.47	2732.81
460.68	2533.34
460.89	2984.71
461.09	3023.62
461.30	2766.81
461.51	2636.96
461.72	3105.54
461.93	2887.64
462.14	2695.95
462.35	2432.99
462.56	2963.41
462.77	2539.89
462.98	2913.44
463.18	2699.22
463.39	2844.63
463.60	3033.45
463.81	2700.04
464.02	3079.74
464.23	2898.69
464.44	3391.44
464.65	2698.81
464.86	2470.26
465.06	2529.65
465.27	2709.46
465.48	2480.09
465.69	2630.41
465.90	2948.67
466.11	2752.06
466.32	2502.21
466.53	2498.11
466.74	2985.12
466.94	2829.88
467.15	2747.96
467.36	2513.68
467.57	3008.47
467.78	2891.73
467.99	2714.38
468.20	3068.27
468.40	2721.34
468.61	2611.57
468.82	2625.91
469.03	3021.57
469.24	3003.14
469.45	2743.46
469.66	2743.46
469.86	2628.36
470.07	2969.96
470.28	2793.84
470.49	2488.69
470.70	2624.27
470.91	2725.85
471.12	2912.21
471.32	2648.84
471.53	2620.99
471.74	2888.46
471.95	2793.02
472.16	2623.45
472.37	2702.09
472.58	2961.36
472.78	2660.31
472.99	2669.32
473.20	2645.98
473.41	2770.49
473.62	2607.47
473.83	3156.74
474.03	2867.16
474.24	2764.76
474.45	2848.72
474.66	2589.45
474.87	2748.37
475.08	2727.89
475.28	2996.18
475.49	2985.53
475.70	2583.31
475.91	2927.37
476.12	2864.29
476.32	2599.28
476.53	2701.27
476.74	2935.15
476.95	2833.16
477.16	2583.72
477.37	2788.51
477.57	2890.91
477.78	2772.13
477.99	2624.27
478.20	2637.78
478.41	3108.41
478.61	2932.69
478.82	2927.37
479.03	2622.63
479.24	2904.02
479.45	2779.91
479.65	2653.35
479.86	2804.49
480.07	2963.41
480.28	2740.59
480.49	3783.01
480.69	2622.63
480.90	2884.36
481.11	2804.08
481.32	2403.09
481.53	2749.19
481.73	2947.85
481.94	2831.93
482.15	2664.41
482.36	2711.92
482.57	2740.59
482.77	3178.45
482.98	2909.34
483.19	2678.33
483.40	2665.64
483.60	2795.07
483.81	2793.43
484.02	2799.98
484.23	2725.03
484.44	2604.61
484.64	2710.28
484.85	2658.67
485.06	2842.17
485.27	2796.71
485.47	2822.92
485.68	2761.89
485.89	2951.12
486.10	3140.76
486.31	3013.38
486.51	2725.85
486.72	2838.89
486.93	2798.34
487.14	2645.16
487.34	2563.24
487.55	2808.58
487.76	2961.77
487.97	2813.09
488.17	2649.66
488.38	2831.52
488.59	2779.50
488.80	2938.02
489.00	2848.72
489.21	2997.82
489.42	2752.88
489.63	2944.57
489.83	2800.80
490.04	2782.37
490.25	2658.26
490.46	2691.03
490.66	2894.19
490.87	2848.72
491.08	2693.90
491.29	2579.21
491.49	2661.13
491.70	2854.46
491.91	2832.75
492.11	2776.23
492.32	2790.97
492.53	2523.51
492.74	3079.74
492.94	3038.37
493.15	2818.82
493.36	2857.74
493.57	2763.12
493.77	2757.79
493.98	2887.23
494.19	3037.96
494.39	2868.39
494.60	2555.86
494.81	2551.36
495.02	3074.00
495.22	3019.53
495.43	2543.58
495.64	2449.78
495.84	2628.77
496.05	3219.41
496.26	2831.93
496.47	2924.09
496.67	3206.71
496.88	2894.60
497.09	2790.15
497.29	2495.65
497.50	2596.82
497.71	2978.57
497.91	2493.20
498.12	2887.23
498.33	2763.53
498.54	2895.01
498.74	2697.17
498.95	2555.46
499.16	2936.38
499.36	2746.33
499.57	2602.97
499.78	2570.61
499.98	2741.00
500.19	2712.74
500.40	2677.92
500.60	2935.15
500.81	2837.67
501.02	2948.67
501.22	3256.68
501.43	2560.37
501.64	2806.13
501.85	2999.05
502.05	3363.58
502.26	2574.30
502.47	3212.85
502.67	2779.50
502.88	2736.50
503.09	2891.32
503.29	2571.02
503.50	2776.64
503.71	3096.53
503.91	2659.49
504.12	2754.93
504.33	2673.83
504.53	2788.51
504.74	2747.96
504.95	3069.09
505.15	2806.54
505.36	2933.10
505.56	2719.70
505.77	3261.60
505.98	2602.97
506.18	3060.07
506.39	2568.15
506.60	2664.41
506.80	2975.29
507.01	2778.68
507.22	2776.64
507.42	2988.81
507.63	2654.99
507.84	2868.39
508.04	2405.54
508.25	3078.92
508.45	3276.34
508.66	2729.94
508.87	2563.24
509.07	2890.91
509.28	2854.46
509.49	2657.03
509.69	2986.35
509.90	2840.94
510.11	2691.44
510.31	2686.53
510.52	2655.81
510.72	2770.90
510.93	2800.80
511.14	2592.32
511.34	2511.63
511.55	2715.20
511.76	3348.84
511.96	3170.26
512.17	2768.03
512.37	3008.88
512.58	2765.99
512.79	2632.05
512.99	2695.95
513.20	2881.08
513.40	3033.45
513.61	2783.19
513.82	2659.08
514.02	2594.37
514.23	2726.26
514.43	3174.76
514.64	2759.84
514.85	2962.18
515.05	3010.10
515.26	2789.33
515.46	2903.61
515.67	3013.79
515.88	2692.67
516.08	3181.72
516.29	2751.65
516.49	2829.88
516.70	2799.98
516.91	2790.56
517.11	2840.12
517.32	2834.80
517.52	3024.85
517.73	2623.86
517.93	3024.03
518.14	2982.66
518.35	2642.70
518.55	2533.75
518.76	2979.38
518.96	3064.58
519.17	2566.10
519.38	2803.67
519.58	2972.42
519.79	2802.85
519.99	2863.06
520.20	2752.47
520.40	2698.40
520.61	2777.46
520.82	3217.77
521.02	3021.16
521.23	2831.11
521.43	2998.23
521.64	2643.52
521.84	2711.92
522.05	2691.03
522.25	2607.88
522.46	2677.51
522.67	2752.47
522.87	2992.49
523.08	3133.39
523.28	2815.55
523.49	3162.88
523.69	2806.54
523.90	2828.24
524.10	2933.92
524.31	2700.45
524.51	2982.66
524.72	3034.68
524.93	2963.82
525.13	2688.98
525.34	2731.99
525.54	2852.00
525.75	3093.66
525.95	2512.86
526.16	3008.06
526.36	2899.10
526.57	3023.21
526.77	2411.28
526.98	3191.55
527.18	2754.93
527.39	2722.16
527.59	3054.75
527.80	2796.71
528.00	2989.22
528.21	2930.64
528.42	2800.80
528.62	2804.90
528.83	2748.78
529.03	3335.73
529.24	2938.43
529.44	2644.34
529.65	2951.53
529.85	2824.56
530.06	3177.22
530.26	2801.21
530.47	3003.96
530.67	3119.88
530.88	2605.43
531.08	2858.55
531.29	2754.93
531.49	2750.83
531.70	2870.84
531.90	2548.90
532.11	2777.05
532.31	2878.22
532.52	2859.37
532.72	2502.62
532.93	2936.79
533.13	2620.17
533.34	2602.56
533.54	2894.19
533.75	2619.76
533.95	2665.23
534.16	2695.54
534.36	2797.93
534.57	2851.59
534.77	3164.52
534.97	2904.84
535.18	2636.55
535.38	2797.93
535.59	2661.13
535.79	2717.24
536.00	2667.27
536.20	2782.78
536.41	2486.64
536.61	2774.59
536.82	2646.39
537.02	2686.53
537.23	2862.24
537.43	2969.55
537.64	2637.37
537.84	2958.91
538.05	2865.52
538.25	2958.09
538.45	2688.57
538.66	2922.04
538.86	2734.04
539.07	2647.61
539.27	2744.69
539.48	2745.92
539.68	2949.08
539.89	2722.16
540.09	3243.16
540.29	2994.95
540.50	2453.06
540.70	2938.02
540.91	2725.03
541.11	2992.49
541.32	2652.94
541.52	2821.69
541.73	2722.16
541.93	2636.55
542.13	2965.05
542.34	2654.99
542.54	2737.32
542.75	2863.06
542.95	3472.95
543.16	2787.70
543.36	2879.03
543.56	2819.23
543.77	2956.45
543.97	2998.64
544.18	2761.48
544.38	2890.50
544.59	2742.64
544.79	2679.97
544.99	3178.45
545.20	3314.02
545.40	2722.16
545.61	2777.05
545.81	2963.41
546.01	3215.31
546.22	2919.58
546.42	2832.34
546.63	2652.53
546.83	2995.36
547.04	2801.21
547.24	2870.84
547.44	2633.69
547.65	2902.38
547.85	2615.67
548.06	2594.37
548.26	2744.69
548.46	3430.35
548.67	2859.37
548.87	2839.30
549.08	2675.88
549.28	2719.70
549.48	2837.26
549.69	3055.98
549.89	2561.19
550.09	3146.50
550.30	3136.67
550.50	2548.08
550.71	2677.51
550.91	2863.06
551.11	2536.61
551.32	3062.53
551.52	2669.73
551.73	3038.37
551.93	2649.25
552.13	3040.00
552.34	3107.59
552.54	2627.95
552.74	2904.84
552.95	2713.97
553.15	2820.05
553.35	2956.86
553.56	2960.13
553.76	3057.62
553.97	2820.46
554.17	2948.26
554.37	2742.23
554.58	2976.52
554.78	2797.53
554.98	2873.30
555.19	2768.03
555.39	2834.80
555.59	2590.68
555.80	2835.21
556.00	2822.92
556.20	2909.75
556.41	2747.15
556.61	2725.85
556.82	2673.42
557.02	2946.62
557.22	2750.01
557.43	2605.43
557.63	2887.64
557.83	2807.77
558.04	3245.21
558.24	2774.18
558.44	2922.45
558.65	2663.18
558.85	2527.19
559.05	2785.65
559.26	2735.27
559.46	2637.37
559.66	2635.74
559.87	2710.28
560.07	2945.80
560.27	3181.31
560.48	3157.15
560.68	2927.37
560.88	2675.88
561.08	3017.89
561.29	3082.60
561.49	2661.54
561.69	2738.95
561.90	3161.24
562.10	2772.95
562.30	3300.51
562.51	2913.03
562.71	2818.00
562.91	3213.67
563.12	2714.79
563.32	2722.98
563.52	2968.74
563.72	2799.98
563.93	2790.56
564.13	2730.35
564.33	3246.03
564.54	2903.61
564.74	2789.33
564.94	2893.78
565.15	2707.82
565.35	2775.00
565.55	3126.43
565.75	2624.68
565.96	2881.08
566.16	2948.26
566.36	2750.42
566.57	2741.00
566.77	3254.22
566.97	2964.23
567.17	3131.34
567.38	2703.32
567.58	2908.53
567.78	2930.23
567.99	3336.96
568.19	2838.48
568.39	3000.68
568.59	3115.78
568.80	2951.94
569.00	3062.12
569.20	2930.64
569.40	2746.74
569.61	3091.20
569.81	2952.76
570.01	2819.64
570.21	2716.84
570.42	3245.62
570.62	2716.02
570.82	2656.22
571.02	2646.79
571.23	2728.30
571.43	3123.97
571.63	2707.41
571.84	2579.62
572.04	2636.96
572.24	3069.91
572.44	2971.60
572.64	2819.23
572.85	2808.99
573.05	3006.83
573.25	3258.32
573.45	2452.65
573.66	3395.12
573.86	2726.67
574.06	2879.44
574.26	3015.84
574.47	2843.81
574.67	3039.19
574.87	2583.31
575.07	2857.33
575.28	2811.45
575.48	2900.33
575.68	2933.10
575.88	2734.04
576.08	3146.50
576.29	2892.96
576.49	2941.29
576.69	3048.61
576.89	2746.33
577.10	2853.64
577.30	3094.48
577.50	2884.36
577.70	2654.99
577.90	3173.53
578.11	3062.53
578.31	2638.60
578.51	3003.96
578.71	2645.98
578.91	2974.06
579.12	2986.35
579.32	2957.68
579.52	4695.58
579.72	2814.73
579.92	2844.63
580.13	2992.08
580.33	3244.39
580.53	2940.47
580.73	2733.22
580.93	2958.50
581.14	2859.78
581.34	3083.83
581.54	2705.78
581.74	2978.98
581.94	2804.49
582.15	3157.15
582.35	2632.87
582.55	2917.95
582.75	3416.42
582.95	2847.09
583.15	3198.93
583.36	3094.89
583.56	2970.37
583.76	2775.82
583.96	2973.24
584.16	3021.98
584.37	2865.11
584.57	2963.82
584.77	2609.93
584.97	2888.46
585.17	2831.11
585.37	2992.08
585.57	3028.54
585.78	2609.52
585.98	2816.37
586.18	2813.91
586.38	2779.09
586.58	2644.34
586.78	2787.70
586.99	2763.94
587.19	2955.22
587.39	2824.97
587.59	2670.14
587.79	2853.64
587.99	2933.51
588.19	2886.82
588.40	3023.21
588.60	2691.03
588.80	3298.46
589.00	2686.94
589.20	2970.78
589.40	3182.54
589.60	2657.85
589.81	2896.65
590.01	2784.42
590.21	3242.34
590.41	2674.65
590.61	2913.44
590.81	2698.81
591.01	3174.76
591.22	2813.09
591.42	3375.05
591.62	3010.92
591.82	2908.93
592.02	2978.98
592.22	2897.88
592.42	3543.81
592.62	2943.75
592.82	2897.88
593.03	3094.07
593.23	2860.60
593.43	3110.86
593.63	2827.02
593.83	2834.39
594.03	3189.10
594.23	3069.09
594.43	2713.56
594.63	2658.26
594.84	2843.40
595.04	3198.52
595.24	3034.27
595.44	2728.71
595.64	2969.55
595.84	3029.76
596.04	2987.99
596.24	2821.69
596.44	2869.20
596.64	2705.78
596.84	2820.46
597.05	2884.77
597.25	3077.69
597.45	3071.13
597.65	2722.16
597.85	2838.89
598.05	2930.23
598.25	2732.40
598.45	2747.15
598.65	2890.91
598.85	2806.95
599.05	3302.96
599.25	2847.50
599.46	2541.94
599.66	3049.02
599.86	2725.85
600.06	2965.05
600.26	2823.33
600.46	2796.71
600.66	3087.11
600.86	3050.65
601.06	2816.78
601.26	2736.09
601.46	3131.34
601.66	2840.12
601.86	2725.44
602.06	2924.50
602.26	2704.14
602.46	2605.02
602.66	2721.34
602.87	2814.73
603.07	3061.71
603.27	2912.21
603.47	2801.21
603.67	3453.28
603.87	3216.54
604.07	2851.59
604.27	3071.54
604.47	2807.36
604.67	2699.63
604.87	2863.88
605.07	2836.03
605.27	2890.50
605.47	2699.63
605.67	2929.00
605.87	2887.23
606.07	3208.76
606.27	2793.84
606.47	2769.67
606.67	2677.10
606.87	2645.16
607.07	2947.03
607.27	2686.94
607.47	2933.51
607.67	2940.06
607.87	2735.68
608.07	2955.22
608.27	3029.36
608.47	2649.66
608.67	3185.00
608.87	2829.47
609.07	3083.83
609.27	2763.12
609.47	2982.25
609.67	2893.37
609.87	2976.52
610.07	2870.84
610.27	5332.91
610.47	2787.29
610.67	2997.00
610.87	2775.82
611.07	3317.71
611.27	2813.50
611.47	2973.65
611.67	3056.80
611.87	2838.89
612.07	2784.83
612.27	2835.62
612.47	2688.98
612.67	2913.85
612.87	2949.08
613.07	2705.78
613.27	2811.04
613.47	2990.03
613.67	2872.89
613.87	2912.62
614.07	2793.02
614.27	2711.51
614.47	2872.89
614.67	2924.91
614.87	2748.37
615.07	2830.70
615.27	2741.41
615.47	2803.67
615.67	3019.93
615.87	2664.82
616.07	2926.14
616.27	2953.17
616.47	2765.17
616.67	2731.99
616.87	2889.68
617.07	2661.54
617.27	2936.38
617.47	2836.85
617.66	2915.08
617.86	2849.13
618.06	2704.14
618.26	2656.22
618.46	2901.56
618.66	3187.05
618.86	3087.52
619.06	2876.17
619.26	2959.31
619.46	2832.75
619.66	3125.20
619.86	3004.78
620.06	2932.69
620.26	3094.07
620.46	3870.66
620.66	3391.03
620.85	3070.31
621.05	3251.76
621.25	2937.20
621.45	2809.40
621.65	3110.05
621.85	2864.29
622.05	3061.30
622.25	2757.79
622.45	2754.11
622.65	2828.24
622.85	2679.56
623.05	2911.39
623.25	2955.22
623.44	3185.00
623.64	2623.04
623.84	2835.21
624.04	2647.20
624.24	2960.95
624.44	3002.73
624.64	2935.15
624.84	2878.22
625.04	2793.43
625.24	2750.01
625.43	2776.23
625.63	3141.99
625.83	2847.09
626.03	2709.87
626.23	2914.67
626.43	2875.76
626.63	2755.75
626.83	2929.82
627.03	3019.93
627.22	2769.67
627.42	2853.23
627.62	2577.98
627.82	2874.94
628.02	2733.63
628.22	2701.27
628.42	2842.17
628.62	2591.09
628.82	2736.91
629.01	3364.81
629.21	2673.42
629.41	3123.56
629.61	2958.50
629.81	2809.81
630.01	3044.92
630.21	3185.41
630.40	3024.03
630.60	3003.96
630.80	2971.19
631.00	3058.85
631.20	3011.33
631.40	2890.91
631.60	2925.73
631.79	2743.87
631.99	3006.01
632.19	2992.49
632.39	2850.77
632.59	2992.49
632.79	2894.19
632.99	4900.38
633.18	2887.64
633.38	2869.61
633.58	2939.65
633.78	2791.79
633.98	2736.50
634.18	2835.21
634.37	3553.64
634.57	2992.49
634.77	3912.44
634.97	2845.45
635.17	2976.52
635.37	3308.70
635.56	2779.50
635.76	3110.45
635.96	2808.58
636.16	2918.77
636.36	2839.30
636.56	2761.48
636.75	2844.63
636.95	3017.48
637.15	2816.78
637.35	2841.35
637.55	3127.25
637.74	3079.33
637.94	2780.73
638.14	2951.94
638.34	2940.47
638.54	2531.29
638.73	2902.79
638.93	2984.71
639.13	2962.18
639.33	3001.91
639.53	2738.54
639.73	2797.53
639.92	2886.41
640.12	2691.03
640.32	2753.70
640.52	3002.73
640.71	2645.57
640.91	2897.47
641.11	2818.82
641.31	2806.13
641.51	2798.34
641.70	2988.40
641.90	3036.32
642.10	2898.29
642.30	2964.23
642.50	2954.40
642.69	2922.04
642.89	2756.16
643.09	2868.79
643.29	2985.53
643.48	2980.61
643.68	2957.68
643.88	3164.52
644.08	2464.53
644.28	2966.28
644.47	3057.21
644.67	2669.32
644.87	2693.90
645.07	2914.67
645.26	2767.62
645.46	2722.57
645.66	2828.65
645.86	2975.29
646.05	3199.34
646.25	2964.23
646.45	3025.67
646.65	2991.26
646.84	2972.01
647.04	2774.18
647.24	2934.33
647.44	2923.27
647.63	2862.24
647.83	3080.96
648.03	3002.32
648.23	2842.17
648.42	2885.59
648.62	2603.79
648.82	2584.95
649.02	2785.65
649.21	2857.33
649.41	3130.12
649.61	3151.41
649.80	2598.46
650.00	3295.59
650.20	2799.16
650.40	2842.17
650.59	3177.63
650.79	2734.86
650.99	3341.47
651.18	2858.96
651.38	2710.69
651.58	2946.21
651.78	2958.91
651.97	2950.30
652.17	2808.58
652.37	3057.21
652.56	2944.16
652.76	2995.36
652.96	2691.85
653.16	3110.05
653.35	3042.87
653.55	3078.92
653.75	2670.96
653.94	3108.41
654.14	2823.74
654.34	2947.03
654.54	2694.72
654.73	3110.86
654.93	2897.06
655.13	3074.82
655.32	2915.08
655.52	2882.72
655.72	2919.58
655.91	2781.55
656.11	2618.53
656.31	2994.54
656.50	2932.69
656.70	2804.49
656.90	2645.98
657.09	3038.37
657.29	2866.75
657.49	2790.56
657.68	2537.43
657.88	2872.48
658.08	2814.32
658.27	3187.46
658.47	2940.88
658.67	2980.20
658.86	2879.03
659.06	2938.84
659.26	2809.81
659.45	2764.76
659.65	2876.58
659.85	2897.47
660.04	2870.02
660.24	2748.78
660.44	2826.61
660.63	2882.72
660.83	3019.93
661.03	3108.41
661.22	2719.70
661.42	2974.88
661.62	2857.74
661.81	3028.13
662.01	2659.90
662.21	2646.79
662.40	2738.13
662.60	3266.92
662.79	2658.26
662.99	3123.97
663.19	2834.39
663.38	3055.98
663.58	2946.21
663.78	3100.22
663.97	2845.86
664.17	3013.79
664.36	2736.09
664.56	3064.99
664.76	2586.99
664.95	2894.19
665.15	2972.01
665.35	2925.32
665.54	3200.98
665.74	3064.58
665.93	3307.47
666.13	2838.48
666.33	2837.26
666.52	2831.93
666.72	3006.83
666.91	2709.87
667.11	2717.65
667.31	2972.01
667.50	2765.58
667.70	3074.00
667.89	2941.70
668.09	3198.93
668.29	2890.50
668.48	2802.85
668.68	3499.16
668.87	2846.68
669.07	2642.70
669.27	3060.07
669.46	2593.14
669.66	2736.50
669.85	2574.30
670.05	3005.60
670.25	2776.23
670.44	2747.15
670.64	2942.93
670.83	3157.56
671.03	2857.74
671.22	2981.84
671.42	2976.93
671.62	2643.52
671.81	2781.14
672.01	3008.88
672.20	2761.07
672.40	2936.38
672.59	3229.65
672.79	3064.99
672.99	2718.06
673.18	3087.52
673.38	2977.34
673.57	3128.07
673.77	2962.18
673.96	2797.93
674.16	2838.89
674.36	3113.32
674.55	2900.33
674.75	3012.97
674.94	2769.26
675.14	3044.92
675.33	3021.57
675.53	2951.53
675.72	2702.50
675.92	3314.43
676.11	3035.09
676.31	2769.26
676.50	2825.38
676.70	3105.13
676.90	2831.93
677.09	2967.10
677.29	2851.18
677.48	2942.52
677.68	2928.19
677.87	2762.71
678.07	2827.43
678.26	3058.03
678.46	2850.77
678.65	2835.21
678.85	2788.51
679.04	3087.93
679.24	2682.02
679.43	2720.93
679.63	2582.49
679.82	3289.86
680.02	3396.35
680.21	2914.26
680.41	2526.78
680.60	3097.76
680.80	3367.68
680.99	3029.36
681.19	3078.92
681.38	3117.83
681.58	2860.60
681.77	3268.15
681.97	2742.64
682.16	3207.53
682.36	3148.96
682.55	2906.48
682.75	2706.19
682.94	3027.31
683.14	2934.74
683.33	2529.65
683.53	3169.03
683.72	3107.59
683.92	2921.63
684.11	3130.93
684.31	2738.54
684.50	2875.76
684.70	2811.86
684.89	2754.11
685.09	2494.43
685.28	2743.87
685.48	2759.02
685.67	2784.83
685.87	2624.68
686.06	2989.22
686.26	3039.19
686.45	2759.02
686.64	2616.48
686.84	2843.40
687.03	3035.91
687.23	2745.51
687.42	2884.36
687.62	2842.99
687.81	3052.70
688.01	2875.76
688.20	2885.59
688.40	3268.15
688.59	3076.87
688.78	2983.48
688.98	2940.47
689.17	3166.16
689.37	2806.13
689.56	2841.35
689.76	3008.88
689.95	3163.70
690.15	2794.25
690.34	3142.81
690.53	2754.93
690.73	2802.03
690.92	2722.98
691.12	2859.37
691.31	3024.44
691.51	3163.29
691.70	3072.77
691.89	2750.83
692.09	2600.51
692.28	2997.41
692.48	2953.17
692.67	3081.78
692.87	2841.76
693.06	2811.04
693.25	2797.53
693.45	2823.33
693.64	2934.74
693.84	3076.87
694.03	2862.65
694.22	2811.86
694.42	2693.90
694.61	2831.93
694.81	4489.56
695.00	2818.82
695.19	2757.39
695.39	3129.71
695.58	3006.42
695.78	2885.18
695.97	2769.67
696.16	3363.17
696.36	3176.81
696.55	2904.43
696.75	2674.65
696.94	2725.44
697.13	3346.38
697.33	2746.74
697.52	2883.95
697.71	2930.23
697.91	3081.78
698.10	3431.58
698.30	2709.87
698.49	3144.45
698.68	2708.64
698.88	2767.22
699.07	2828.24
699.26	3499.98
699.46	2865.93
699.65	3056.39
699.85	2908.12
700.04	2781.55
700.23	2601.33
700.43	2917.54
700.62	2769.26
700.81	2957.68
701.01	2722.16
701.20	2872.48
701.39	2823.74
701.59	2946.21
701.78	2790.56
701.98	2761.48
702.17	2700.45
702.36	2915.08
702.56	3102.26
702.75	2835.62
702.94	2877.40
703.14	4541.99
703.33	2949.48
703.52	6579.30
703.72	2642.29
703.91	3054.34
704.10	2775.82
704.30	2752.47
704.49	2624.27
704.68	2876.17
704.88	3282.89
705.07	3202.20
705.26	2788.92
705.46	2765.99
705.65	2846.27
705.84	2655.40
706.03	2789.33
706.23	2884.77
706.42	2796.71
706.61	2822.92
706.81	3122.74
707.00	3132.16
707.19	2817.60
707.39	3055.98
707.58	2637.37
707.77	2850.77
707.97	3302.96
708.16	2922.45
708.35	2935.15
708.55	2818.82
708.74	2846.68
708.93	3209.99
709.12	2858.96
709.32	3025.26
709.51	3126.84
709.70	3054.75
709.90	2966.28
710.09	2895.83
710.28	2941.70
710.47	2671.78
710.67	2836.44
710.86	3240.71
711.05	2670.14
711.25	2709.46
711.44	2530.06
711.63	3015.02
711.82	3073.59
712.02	3538.48
712.21	2784.01
712.40	2975.70
712.59	3212.44
712.79	3180.50
712.98	2787.70
713.17	3171.48
713.37	2906.07
713.56	2739.36
713.75	2663.18
713.94	3022.80
714.14	2833.98
714.33	3037.55
714.52	2672.19
714.71	2903.20
714.91	2935.15
715.10	3125.61
715.29	2692.67
715.48	2869.20
715.68	3146.91
715.87	2759.43
716.06	2959.72
716.25	2938.84
716.45	2964.23
716.64	2902.79
716.83	2921.63
717.02	3282.48
717.21	3041.64
717.41	3318.12
717.60	3148.96
717.79	2748.78
717.98	2782.37
718.18	2860.60
718.37	2715.61
718.56	3421.34
718.75	3252.17
718.94	2903.20
719.14	2607.06
719.33	3026.90
719.52	2966.28
719.71	2730.35
719.91	2668.50
720.10	3394.71
720.29	2938.02
720.48	2729.53
720.67	2917.54
720.87	3422.97
721.06	2688.57
721.25	3119.06
721.44	2617.71
721.63	3063.76
721.83	3202.61
722.02	2607.47
722.21	2821.28
722.40	2956.45
722.59	3037.96
722.79	2894.60
722.98	3013.38
723.17	2723.39
723.36	2777.46
723.55	2659.08
723.74	2585.77
723.94	3000.68
724.13	2773.36
724.32	2778.68
724.51	2821.28
724.70	3002.73
724.90	2820.46
725.09	3188.28
725.28	2985.53
725.47	2958.91
725.66	2957.27
725.85	2816.37
726.05	2959.31
726.24	2982.66
726.43	2949.48
726.62	3087.11
726.81	2691.03
727.00	2871.66
727.20	3059.26
727.39	2881.49
727.58	2721.34
727.77	2784.83
727.96	2849.54
728.15	3172.71
728.34	2866.34
728.54	2926.55
728.73	3126.43
728.92	2824.97
729.11	2827.84
729.30	2825.79
729.49	3050.24
729.68	2996.59
729.88	2823.74
730.07	2553.00
730.26	2710.28
730.45	3272.65
730.64	3357.44
730.83	2784.42
731.02	2423.16
731.21	3110.86
731.41	3030.99
731.60	2442.82
731.79	2808.58
731.98	3325.90
732.17	3185.82
732.36	2466.57
732.55	2459.61
732.74	3336.14
732.93	3068.68
733.13	2693.90
733.32	2668.09
733.51	2957.68
733.70	3458.61
733.89	2806.95
734.08	2730.35
734.27	2849.95
734.46	3199.75
734.65	2604.20
734.85	2779.91
735.04	2940.88
735.23	3206.30
735.42	2749.60
735.61	2245.80
735.80	2959.31
735.99	3271.02
736.18	3428.30
736.37	2424.80
736.56	3250.54
736.75	2912.21
736.94	2615.26
737.14	2437.90
737.33	2987.58
737.52	2854.87
737.71	2791.38
737.90	2772.13
738.09	3175.58
738.28	2979.79
738.47	2852.00
738.66	2847.09
738.85	3188.28
739.04	2979.38
739.23	2865.11
739.42	2326.08
739.61	3034.68
739.80	2877.40
740.00	2592.32
740.19	2538.66
740.38	2888.46
740.57	2847.91
740.76	2563.65
740.95	2651.71
741.14	3352.93
741.33	3524.55
741.52	2726.26
741.71	2541.53
741.90	3153.05
742.09	3305.83
742.28	2550.54
742.47	2338.37
742.66	2978.57
742.85	2820.87
743.04	2478.04
743.23	2747.96
743.42	3044.51
743.61	2956.45
743.80	2512.86
743.99	2377.28
744.18	3114.14
744.37	3021.57
744.56	2624.68
744.75	2399.40
744.94	3270.61
745.13	3071.54
745.32	2274.06
745.51	2573.89
745.71	3099.81
745.90	2998.23
746.09	2673.01
746.28	2623.04
746.47	3094.07
746.66	3165.75
746.85	2767.22
747.04	2538.25
747.23	2980.20
747.42	3380.38
747.61	2396.53
747.80	2940.88
747.99	3101.03
748.18	2808.99
748.36	2478.45
748.55	2991.26
748.74	3374.64
748.93	3203.84
749.12	2610.34
749.31	2665.64
749.50	2947.44
749.69	3236.61
749.88	2573.07
750.07	2402.27
750.26	3353.34
750.45	2867.98
750.64	2332.23
750.83	2550.95
751.02	3046.97
751.21	3175.17
751.40	2730.76
751.59	2761.48
751.78	3286.99
751.97	3229.24
752.16	2910.98
752.35	2785.24
752.54	3175.99
752.73	3173.12
752.92	2664.00
753.11	2954.40
753.30	2912.62
753.49	2762.71
753.68	2823.33
753.87	2670.96
754.05	3261.19
754.24	3030.99
754.43	2886.82
754.62	2520.23
754.81	3740.00
755.00	3382.02
755.19	2666.46
755.38	2916.72
755.57	3278.39
755.76	3314.84
755.95	2891.73
756.14	2455.92
756.33	3267.74
756.52	3119.47
756.70	2736.91
756.89	2758.20
757.08	3372.59
757.27	3169.03
757.46	2739.77
757.65	2541.12
757.84	3341.06
758.03	2920.40
758.22	2693.90
758.41	2727.48
758.60	2880.26
758.79	3094.48
758.97	2922.45
759.16	2982.25
759.35	3183.36
759.54	3120.69
759.73	2634.51
759.92	2641.88
760.11	2916.72
760.30	3110.86
760.49	2706.19
760.67	2710.28
760.86	3281.67
761.05	3532.75
761.24	2666.86
761.43	2480.91
761.62	3250.95
761.81	3193.60
762.00	2822.92
762.19	2614.44
762.37	3357.03
762.56	3438.13
762.75	2445.27
762.94	2850.36
763.13	2937.20
763.32	3170.67
763.51	2556.68
763.70	2558.73
763.88	3555.68
764.07	3193.19
764.26	2710.28
764.45	2564.47
764.64	3314.84
764.83	3549.54
765.02	2839.30
765.20	2874.53
765.39	3325.49
765.58	3649.07
765.77	3026.08
765.96	3384.88
766.15	3241.12
766.33	3186.23
766.52	2985.53
766.71	2750.42
766.90	3669.96
767.09	3180.91
767.28	2548.90
767.46	2813.50
767.65	3131.34
767.84	3307.88
768.03	2806.54
768.22	2655.40
768.41	3015.43
768.59	3194.42
768.78	2776.64
768.97	2881.08
769.16	3594.59
769.35	3168.21
769.54	2873.71
769.72	2851.59
769.91	3262.00
770.10	3745.73
770.29	2691.03
770.48	2972.42
770.66	3419.29
770.85	3373.00
771.04	2970.78
771.23	2709.46
771.42	3610.57
771.60	3540.12
771.79	2910.57
771.98	2920.40
772.17	3434.44
772.36	3632.28
772.54	2746.33
772.73	2940.06
772.92	3535.61
773.11	3158.79
773.30	2971.19
773.48	2713.15
773.67	3330.82
773.86	3301.74
774.05	2857.74
774.23	3143.63
774.42	3597.05
774.61	3655.21
774.80	2922.04
774.99	2811.04
775.17	3483.19
775.36	3428.30
775.55	2992.49
775.74	3030.58
775.92	3559.37
776.11	3326.31
776.30	3350.07
776.49	2862.24
776.67	3366.86
776.86	3153.05
777.05	2938.43
777.24	2841.35
777.42	3496.29
777.61	3295.18
777.80	3296.00
777.99	2936.79
778.17	3457.38
778.36	3495.06
778.55	2961.36
778.74	3149.37
778.92	3447.14
779.11	3787.51
779.30	3159.20
779.49	3047.38
779.67	3591.32
779.86	3524.55
780.05	2933.51
780.24	2886.82
780.42	3664.64
780.61	3566.74
780.80	3173.53
780.98	2921.22
781.17	3508.17
781.36	3461.07
781.55	3281.26
781.73	3018.30
781.92	3764.99
782.11	3620.40
782.29	3117.01
782.48	3124.79
782.67	3931.28
782.86	3776.04
783.04	3214.90
783.23	3232.51
783.42	3774.00
783.60	3801.44
783.79	3205.07
783.98	3102.26
784.16	3802.26
784.35	3700.68
784.54	3332.05
784.73	3087.93
784.91	3731.81
785.10	3499.16
785.29	3300.51
785.47	3509.40
785.66	3955.04
785.85	3578.21
786.03	3240.71
786.22	3148.14
786.41	3986.17
786.59	3857.55
786.78	3144.04
786.97	3210.40
787.15	3932.92
787.34	3785.88
787.53	3334.09
787.71	3430.76
787.90	3843.63
788.09	3871.48
788.27	3657.67
788.46	3405.36
788.65	4015.25
788.83	3881.31
789.02	3195.24
789.21	3285.76
789.39	3747.37
789.58	4082.83
789.77	3414.37
789.95	3347.20
790.14	4292.13
790.33	3892.78
790.51	3270.61
790.70	3762.94
790.88	3935.38
791.07	4013.61
791.26	4077.10
791.44	3536.84
791.63	3931.28
791.82	4204.07
792.00	3425.43
792.19	3679.79
792.38	4478.09
792.56	4090.61
792.75	3873.53
792.93	3823.15
793.12	4304.01
793.31	4139.35
793.49	3930.87
793.68	3711.33
793.86	4159.01
794.05	4577.21
794.24	3826.83
794.42	3921.04
794.61	4298.28
794.80	4222.50
794.98	4171.30
795.17	3921.45
795.35	4543.62
795.54	4462.11
795.73	4052.11
795.91	4646.02
796.10	4573.52
796.28	4604.24
796.47	3848.95
796.66	3860.01
796.84	4983.94
797.03	4482.59
797.21	3875.58
797.40	4183.59
797.58	4875.80
797.77	4553.86
797.96	4448.19
798.14	4729.58
798.33	5019.16
798.51	4847.54
798.70	4059.48
798.88	4389.21
799.07	4672.24
799.26	4921.27
799.44	4473.99
799.63	4399.04
799.81	4620.63
800.00	4865.97
800.18	4820.10
800.37	4602.20
800.56	4836.07
800.74	4959.77
800.93	4521.51
801.11	4616.12
801.30	5110.09
801.48	4952.81
801.67	4765.21
801.85	4766.03
802.04	5223.55
802.22	5050.29
802.41	4809.86
802.60	4935.20
802.78	5383.70
802.97	5024.49
803.15	4949.12
803.34	4953.22
803.52	5423.02
803.71	5448.01
803.89	4707.46
804.08	5334.96
804.26	5646.66
804.45	5366.09
804.63	5148.59
804.82	5045.38
805.00	5467.67
805.19	5908.80
805.37	5101.90
805.56	5129.75
805.74	5992.36
805.93	5531.97
806.11	5458.25
806.30	5164.98
806.48	5735.13
806.67	5853.50
806.85	5522.55
807.04	5414.42
807.22	5747.42
807.41	5921.09
807.59	5877.67
807.78	5429.57
807.96	6267.60
808.15	5967.37
808.33	5811.73
808.52	5993.59
808.70	6310.61
808.89	6333.14
809.07	6331.50
809.26	5790.84
809.44	6159.88
809.63	6417.11
809.81	6262.69
810.00	6039.05
810.18	6451.10
810.37	6385.98
810.55	6267.19
810.74	6139.81
810.92	6804.17
811.11	6817.69
811.29	5865.79
811.48	6163.57
811.66	6456.84
811.84	6465.03
812.03	6435.95
812.21	6544.49
812.40	6706.69
812.58	6495.75
812.77	6663.27
812.95	6440.45
813.14	6858.24
813.32	6766.49
813.51	6564.15
813.69	6647.30
813.87	6899.61
814.06	7062.63
814.24	6784.10
814.43	6517.87
814.61	7297.73
814.80	7283.40
814.98	6787.38
815.16	6901.65
815.35	7621.72
815.53	7877.72
815.72	6990.95
815.90	7034.77
816.09	7476.31
816.27	7534.48
816.45	7310.02
816.64	7285.44
816.82	8057.94
817.01	7471.81
817.19	7246.94
817.37	7538.98
817.56	8041.55
817.74	7612.30
817.93	7869.93
818.11	7617.21
818.30	7943.25
818.48	7753.61
818.66	7774.09
818.85	7819.96
819.03	8150.10
819.21	8051.79
819.40	8038.69
819.58	8460.98
819.77	8365.95
819.95	8322.95
820.13	8487.19
820.32	7854.78
820.50	8798.48
820.69	8775.96
820.87	8180.82
821.05	8191.88
821.24	8723.12
821.42	8816.92
821.60	8364.72
821.79	8736.23
821.97	9004.10
822.16	9184.73
822.34	8556.82
822.52	8747.69
822.71	9385.02
822.89	9266.24
823.07	9038.51
823.26	8721.07
823.44	9173.67
823.62	9139.27
823.81	9082.74
823.99	8821.01
824.18	9623.00
824.36	9448.10
824.54	9448.51
824.73	9446.46
824.91	10077.64
825.09	9899.47
825.28	9747.51
825.46	9755.29
825.64	10095.26
825.83	9901.11
826.01	9763.90
826.19	9620.95
826.38	10034.64
826.56	10124.75
826.74	9745.05
826.93	9922.00
827.11	10249.67
827.29	10380.33
827.48	10064.95
827.66	9990.81
827.84	10590.05
828.03	10463.48
828.21	9946.57
828.39	10028.49
828.57	10966.05
828.76	10951.31
828.94	10333.23
829.12	10804.67
829.31	10936.56
829.49	10830.89
829.67	10519.19
829.86	10666.64
830.04	11047.15
830.22	11216.32
830.40	10679.34
830.59	10885.77
830.77	11280.62
830.95	11340.01
831.14	11333.87
831.32	10900.11
831.50	11394.90
831.69	11484.60
831.87	11394.49
832.05	11168.80
832.23	11498.53
832.42	11790.98
832.60	11176.58
832.78	11056.57
832.96	13174.58
833.15	11836.44
833.33	11336.74
833.51	11589.46
833.70	11930.65
833.88	11761.07
834.06	11609.53
834.24	11409.64
834.43	12157.56
834.61	11718.07
834.79	11690.22
834.97	11987.58
835.16	11951.54
835.34	11787.70
835.52	11822.51
835.70	11335.10
835.89	11757.80
836.07	12073.59
836.25	11668.92
836.43	11161.43
836.62	11783.19
836.80	11902.38
836.98	11210.99
837.16	11179.45
837.34	11613.62
837.53	11834.39
837.71	11244.17
837.89	11518.19
838.07	11611.16
838.26	11601.74
838.44	11182.32
838.62	11612.39
838.80	11348.61
838.99	11414.56
839.17	10680.16
839.35	10921.82
839.53	11132.35
839.71	11285.54
839.90	10576.12
840.08	10639.61
840.26	11061.90
840.44	10891.51
840.62	10647.39
840.81	10055.53
840.99	11098.76
841.17	10544.99
841.35	10244.35
841.53	9983.44
841.72	10565.06
841.90	10255.00
842.08	9828.61
842.26	9667.64
842.44	10105.91
842.63	10216.91
842.81	9897.42
842.99	9581.22
843.17	9839.67
843.35	9677.06
843.53	9532.48
843.72	9162.20
843.90	9613.98
844.08	9246.17
844.26	8883.68
844.44	8865.25
844.62	9482.10
844.81	9223.23
844.99	8942.66
845.17	8461.39
845.35	8791.93
845.53	8682.16
845.71	10433.17
845.90	8085.38
846.08	8410.60
846.26	8177.54
846.44	7639.33
846.62	7783.92
846.80	8096.85
846.98	7850.68
847.17	8693.22
847.35	7929.74
847.53	7852.32
847.71	7752.79
847.89	7660.63
848.07	7064.26
848.25	7488.60
848.44	7122.02
848.62	7163.79
848.80	6874.21
848.98	7081.47
849.16	7058.12
849.34	7009.79
849.52	6592.41
849.70	6918.86
849.89	6965.14
850.07	6575.21
850.25	6550.22
850.43	6655.49
850.61	6672.28
850.79	5993.59
850.97	6052.57
851.15	6588.32
851.33	6262.28
851.52	5808.86
851.70	6226.23
851.88	6254.09
852.06	5930.92
852.24	5602.83
852.42	5916.99
852.60	6162.75
852.78	6126.29
852.96	5531.97
853.14	5502.89
853.33	6000.96
853.51	5662.22
853.69	5481.59
853.87	5328.00
854.05	5458.25
854.23	5124.84
854.41	4994.59
854.59	4975.34
854.77	5408.28
854.95	5260.41
855.13	4792.66
855.31	4981.07
855.49	5004.42
855.68	4965.51
855.86	4676.74
856.04	5051.11
856.22	4787.33
856.40	4834.44
856.58	4490.38
856.76	4591.14
856.94	4591.96
857.12	4777.09
857.30	4117.24
857.48	4331.45
857.66	4711.15
857.84	5144.91
858.02	4286.81
858.20	4539.53
858.38	4446.55
858.56	4486.69
858.74	3997.63
858.92	4029.58
859.10	4441.23
859.29	4477.27
859.47	3900.15
859.65	4333.91
859.83	4313.84
860.01	4302.37
860.19	3863.70
860.37	4000.91
860.55	4354.80
860.73	4131.16
860.91	3747.78
861.09	4224.96
861.27	4105.77
861.45	4232.33
861.63	3716.24
861.81	4013.61
861.99	4029.17
862.17	3913.67
862.35	3567.15
862.53	3676.51
862.71	4295.41
862.89	3888.27
863.07	3532.34
863.25	3763.35
863.43	4025.90
863.61	4140.99
863.79	3891.96
863.97	3787.51
864.15	3902.20
864.33	3688.39
864.51	3428.30
864.69	3296.82
864.87	3915.72
865.05	3661.36
865.23	3520.87
865.41	3395.12
865.59	3963.23
865.77	3709.69
865.95	3521.69
866.13	3164.52
866.30	3665.86
866.48	3417.65
866.66	3413.14
866.84	3386.93
867.02	3576.57
867.20	3476.63
867.38	3222.27
867.56	3257.50
867.74	3840.76
867.92	3584.35
868.10	3262.41
868.28	3119.06
868.46	3635.14
868.64	3748.60
868.82	3218.59
869.00	3134.21
869.18	3382.83
869.36	3831.34
869.54	3487.28
869.72	3411.51
869.89	3494.65
870.07	3404.95
870.25	3135.03
870.43	3251.36
870.61	3295.18
870.79	3492.61
870.97	3076.87
871.15	3267.33
871.33	3911.21
871.51	3364.81
871.69	3281.67
871.87	3117.83
872.05	3556.50
872.22	3615.89
872.40	2906.89
872.58	3215.72
872.76	3580.26
872.94	3465.16
873.12	3127.66
873.30	2829.06
873.48	3444.68
873.66	3404.13
873.84	3139.54
874.01	3017.48
874.19	3320.99
874.37	3200.57
874.55	2913.85
874.73	3000.68
874.91	3622.45
875.09	3135.85
875.27	2891.32
875.45	2956.45
875.62	3382.02
875.80	3225.55
875.98	2907.71
876.16	3146.91
876.34	3445.50
876.52	3029.36
876.70	3374.64
876.88	2821.28
877.05	3445.91
877.23	3359.90
877.41	3041.23
877.59	3490.56
877.77	3384.88
877.95	3028.13
878.13	2774.59
878.30	2834.39
878.48	3287.40
878.66	3310.75
878.84	3154.28
879.02	2846.27
879.20	3295.59
879.37	3332.05
879.55	3026.49
879.73	3072.77
879.91	3225.14
880.09	3180.50
880.27	3395.12
880.45	2878.22
880.62	3155.92
880.80	3075.64
880.98	2973.24
881.16	2943.75
881.34	3100.62
881.51	3036.73
881.69	2907.30
881.87	2806.54
882.05	3166.98
882.23	2954.81
882.41	2754.52
882.58	2937.20
882.76	3191.14
882.94	2973.65
883.12	3215.31
883.30	3040.00
883.47	3375.05
883.65	3205.48
883.83	3015.84
884.01	2821.28
884.19	3143.63
884.36	3075.23
884.54	2586.17
884.72	3124.79
884.90	3051.88
885.08	3307.06
885.25	3762.12
885.43	2805.31
885.61	3026.49
885.79	3089.16
885.97	3095.30
886.14	3055.98
886.32	3049.02
886.50	3508.99
886.68	2869.61
886.85	2784.83
887.03	3349.25
887.21	3242.34
887.39	2987.17
887.56	3144.45
887.74	3064.99
887.92	3106.77
888.10	2962.18
888.27	2980.20
888.45	3392.26
888.63	3373.00
888.81	2824.56
888.99	2829.06
889.16	2992.08
889.34	3006.42
889.52	2603.38
889.69	2818.82
889.87	3341.88
890.05	3082.60
890.23	2969.15
890.40	2731.17
890.58	3110.05
890.76	3202.61
890.94	2823.33
891.11	2833.57
891.29	3141.17
891.47	2953.99
891.65	3101.03
891.82	3094.48
892.00	2889.68
892.18	3171.89
892.35	2893.37
892.53	2900.33
892.71	3384.06
892.89	3306.24
893.06	2939.24
893.24	2863.06
893.42	2802.44
893.59	2988.40
893.77	2688.16
893.95	2818.41
894.13	2820.87
894.30	3303.37
894.48	2808.17
894.66	3373.41
894.83	2953.17
895.01	3173.12
895.19	3079.33
895.36	2842.17
895.54	3316.89
895.72	3155.10
895.89	2737.32
896.07	2758.20
896.25	3257.09
896.43	2978.16
896.60	3133.39
896.78	2924.50
896.96	3309.11
897.13	3187.05
897.31	2736.50
897.49	2916.31
897.66	3345.15
897.84	3058.03
898.02	3067.45
898.19	2984.30
898.37	2986.35
898.55	3203.84
898.72	3047.38
898.90	2932.28
899.07	3093.25
899.25	3143.63
899.43	3057.62
899.60	3513.50
899.78	2992.90
899.96	2804.49
900.13	2716.43
900.31	2996.59
900.49	2991.26
900.66	3353.34
900.84	3095.71
901.02	3071.13
901.19	3213.26
901.37	2991.67
901.54	2955.22
901.72	2736.91
901.90	3046.56
902.07	3122.33
902.25	2824.56
902.43	2823.33
902.60	3341.88
902.78	2823.33
902.95	2877.40
903.13	2815.96
903.31	2949.89
903.48	3040.41
903.66	2929.41
903.83	3044.10
904.01	3158.79
904.19	2981.02
904.36	2845.45
904.54	2674.65
904.71	3198.52
904.89	2914.26
905.07	2872.48
905.24	2789.33
905.42	3147.32
905.59	3341.06
905.77	3037.14
905.95	2907.71
906.12	2897.06
906.30	3073.18
906.47	3007.65
906.65	3273.06
906.82	3316.07
907.00	3343.92
907.18	2608.29
907.35	2759.84
907.53	3219.41
907.70	3143.63
907.88	2815.96
908.05	3926.78
908.23	3191.96
908.41	3168.21
908.58	2888.05
908.76	2508.76
908.93	3345.97
909.11	3126.84
909.28	2845.86
909.46	2752.06
909.63	3204.25
909.81	3122.33
909.99	2915.49
910.16	2688.57
910.34	2931.05
910.51	3121.10
910.69	2964.64
910.86	2600.92
911.04	3104.31
911.21	2683.25
911.39	3430.76
911.56	2683.25
911.74	2973.24
911.91	3085.88
912.09	2839.30
912.26	2750.83
912.44	2776.23
912.62	2855.28
912.79	2804.08
912.97	2935.56
913.14	3377.92
913.32	3208.76
913.49	2816.78
913.67	2891.73
913.84	2686.53
914.02	2872.48
914.19	2786.06
914.37	2896.24
914.54	2952.76
914.72	2681.61
914.89	2732.81
915.07	3156.33
915.24	2893.78
915.42	3012.97
915.59	2811.04
915.77	3100.22
915.94	3403.72
916.12	3383.65
916.29	2812.27
916.46	2927.37
916.64	3083.42
916.81	3286.99
916.99	2965.05
917.16	2784.01
917.34	3397.17
917.51	3186.64
917.69	2657.44
917.86	2651.71
918.04	2970.37
918.21	3300.10
918.39	2979.79
918.56	2839.71
918.74	2818.41
918.91	3385.70
919.08	2579.21
919.26	3089.98
919.43	3116.19
919.61	3078.92
919.78	2816.78
919.96	3189.92
920.13	3309.93
920.31	3073.59
920.48	3008.47
920.65	2861.83
920.83	3289.04
921.00	3144.86
921.18	2783.19
921.35	2980.61
921.53	3013.38
921.70	2945.39
921.88	2759.02
922.05	2677.51
922.22	2838.08
922.40	3031.81
922.57	2784.42
922.75	2490.74
922.92	3055.57
923.09	3017.48
923.27	2768.44
923.44	3233.33
923.62	2915.49
923.79	3274.70
923.96	2829.06
924.14	2651.71
924.31	3263.64
924.49	3040.41
924.66	2816.37
924.83	2914.26
925.01	3022.39
925.18	3377.51
925.36	3154.28
925.53	2648.43
925.70	2981.02
925.88	2781.55
926.05	3055.98
926.23	2987.58
926.40	3122.74
926.57	3091.20
926.75	2895.01
926.92	2632.46
927.09	3098.99
927.27	2826.20
927.44	2974.88
927.62	2724.62
927.79	3268.97
927.96	2837.67
928.14	2706.60
928.31	2928.60
928.48	3317.30
928.66	2975.29
928.83	2626.32
929.00	2856.51
929.18	3017.89
929.35	3021.98
929.52	3073.18
929.70	2750.83
929.87	2906.07
930.05	2881.08
930.22	2826.20
930.39	2904.43
930.57	2913.44
930.74	3399.63
930.91	2746.33
931.09	3032.22
931.26	3062.94
931.43	3124.38
931.61	2535.79
931.78	2873.71
931.95	3030.58
932.12	3351.30
932.30	2668.50
932.47	3047.79
932.64	2782.78
932.82	2808.99
932.99	2870.84
933.16	2750.01
933.34	2968.74
933.51	3111.27
933.68	2777.86
933.86	3042.46
934.03	3020.34
934.20	2873.71
934.38	3178.45
934.55	2672.19
934.72	3490.97
934.89	3192.37
935.07	2797.53
935.24	2920.81
935.41	2953.99
935.59	3051.88
935.76	2828.24
935.93	2829.06
936.10	2948.26
936.28	3043.69
936.45	2838.08
936.62	2853.64
936.79	3275.52
936.97	2927.78
937.14	2836.85
937.31	2957.27
937.49	2829.06
937.66	3098.58
937.83	3143.22
938.00	3045.74
938.18	3281.26
938.35	3157.56
938.52	2825.79
938.69	2841.76
938.87	3030.99
939.04	2972.83
939.21	2820.05
939.38	2788.10
939.56	2948.67
939.73	2704.55
939.90	2853.64
940.07	2779.50
940.25	2978.16
940.42	3062.53
940.59	2951.12
940.76	2745.10
940.94	2853.23
941.11	2929.00
941.28	2892.14
941.45	3024.44
941.62	3074.41
941.80	2854.46
941.97	3021.57
942.14	2645.57
942.31	3303.78
942.48	2843.81
942.66	2833.98
942.83	2979.79
943.00	2640.24
943.17	3253.40
943.35	3077.28
943.52	2906.89
943.69	2784.83
943.86	2870.84
944.03	2643.11
944.21	3253.81
944.38	3010.10
944.55	2916.31
944.72	2859.37
944.89	2706.19
945.06	2938.43
945.24	2876.58
945.41	3271.83
945.58	2953.58
945.75	3122.33
945.92	2816.37
946.10	3171.89
946.27	2579.21
946.44	2896.24
946.61	2894.60
946.78	3163.29
946.95	2637.78
947.13	2819.23
947.30	2897.88
947.47	2806.54
947.64	2976.11
947.81	3143.63
947.98	2924.50
948.16	2912.21
948.33	2801.62
948.50	2883.54
948.67	2891.73
948.84	3086.29
949.01	2776.23
949.18	2961.77
949.36	3132.98
949.53	2872.48
949.70	2850.36
949.87	3049.84
950.04	2801.21
950.21	2971.19
950.38	2778.27
950.56	2969.55
950.73	2979.79
950.90	2836.44
951.07	2960.54
951.24	3051.88
951.41	2939.65
951.58	2851.59
951.75	2948.26
951.92	2848.31
952.10	2915.90
952.27	2644.34
952.44	2991.67
952.61	3657.26
952.78	2944.16
952.95	2653.76
953.12	2989.62
953.29	2971.60
953.46	2865.93
953.64	3038.37
953.81	2719.29
953.98	3115.37
954.15	2829.47
954.32	2830.70
954.49	2657.44
954.66	2961.77
954.83	2906.48
955.00	2736.50
955.17	2921.63
955.34	2888.46
955.51	2894.60
955.69	3537.25
955.86	2884.36
956.03	2919.17
956.20	3051.47
956.37	2920.40
956.54	2682.43
956.71	3030.99
956.88	2878.22
957.05	2864.70
957.22	2731.58
957.39	3132.57
957.56	2822.92
957.73	2720.93
957.90	2704.14
958.07	3166.98
958.24	3108.82
958.41	2714.38
958.59	2886.82
958.76	3151.82
958.93	3228.83
959.10	2908.12
959.27	2718.88
959.44	3180.09
959.61	2859.37
959.78	2970.78
959.95	2845.45
960.12	3230.47
960.29	3044.51
960.46	2775.82
960.63	2521.46
960.80	2988.81
960.97	3067.45
961.14	2630.00
961.31	2914.67
961.48	3236.20
961.65	3121.51
961.82	2897.06
961.99	2931.87
962.16	2880.26
962.33	3022.80
962.50	2978.16
962.67	2686.94
962.84	3004.37
963.01	2826.20
963.18	2708.64
963.35	2731.99
963.52	3124.38
963.69	2983.48
963.86	3139.95
964.03	2954.81
964.20	3352.93
964.37	3125.61
964.54	3089.57
964.71	2860.19
964.88	2975.70
965.05	3030.58
965.22	2782.37
965.39	2945.39
965.56	2873.30
965.73	2864.70
965.90	3058.03
966.07	2707.01
966.24	3012.56
966.41	2897.47
966.58	2863.47
966.74	3154.69
966.91	3351.30
967.08	3259.55
967.25	2710.28
967.42	2787.29
967.59	3214.08
967.76	2782.37
967.93	3021.57
968.10	2882.31
968.27	3034.27
968.44	2993.31
968.61	2789.33
968.78	2657.85
968.95	2911.39
969.12	2946.21
969.29	2971.60
969.46	2658.67
969.62	3237.84
969.79	2839.30
969.96	2691.03
970.13	2638.19
970.30	3083.01
970.47	3067.04
970.64	3000.68
970.81	2901.15
970.98	3045.33
971.15	3009.29
971.32	2491.15
971.49	3074.82
971.65	3236.20
971.82	3042.05
971.99	2931.05
972.16	3101.44
972.33	2919.17
972.50	2967.10
972.67	2930.23
972.84	2935.15
973.01	2860.60
973.17	3103.08
973.34	3045.33
973.51	2996.59
973.68	3020.34
973.85	2865.93
974.02	2930.64
974.19	2803.67
974.36	3069.50
974.53	3160.02
974.69	2975.29
974.86	2723.39
975.03	3309.93
975.20	2855.69
975.37	2943.34
975.54	2944.16
975.71	3095.71
975.87	2983.48
976.04	3056.80
976.21	2891.32
976.38	3081.78
976.55	2944.98
976.72	2765.99
976.89	3092.02
977.05	3156.74
977.22	3319.35
977.39	2618.94
977.56	2975.29
977.73	2985.94
977.90	2773.36
978.06	2939.65
978.23	2946.21
978.40	2867.16
978.57	3216.13
978.74	3071.54
978.91	3008.06
979.07	2906.48
979.24	3121.51
979.41	2838.89
979.58	2881.49
979.75	3238.25
979.91	2790.56
980.08	2526.37
980.25	2943.75
980.42	3094.89
980.59	2966.69
980.75	2725.03
980.92	2851.59
981.09	2962.59
981.26	3107.18
981.43	3064.17
981.59	2837.26
981.76	2895.01
981.93	2867.98
982.10	2762.71
982.27	2774.59
982.43	3107.59
982.60	2864.70
982.77	2739.36
982.94	2843.81
983.11	2856.92
983.27	2717.24
983.44	2867.57
983.61	2878.62
983.78	3313.20
983.94	3207.94
984.11	2772.13
984.28	2962.59
984.45	3242.34
984.61	2719.29
984.78	2773.36
984.95	2697.99
985.12	3038.37
985.28	3191.14
985.45	2754.93
985.62	2733.22
985.79	2917.13
985.95	2827.02
986.12	2620.58
986.29	2835.62
986.46	3298.87
986.62	3225.96
986.79	2888.05
986.96	2650.89
987.13	3041.64
987.29	3311.16
987.46	2830.70
987.63	2832.34
987.80	2779.91
987.96	3394.71
988.13	2759.02
988.30	2804.08
988.46	2936.79
988.63	3130.93
988.80	2289.63
988.97	2262.60
989.13	3102.26
989.30	3111.27
989.47	2205.66
989.63	2228.19
989.80	3293.13
989.97	3041.64
990.13	2459.61
990.30	2859.37
990.47	2915.08
990.64	2938.84
990.80	2251.54
990.97	2450.60
991.14	2831.52
991.30	2992.08
991.47	2344.51
991.64	2356.80
991.80	2996.18
991.97	2981.84
992.14	2331.41
992.30	2938.43
992.47	2820.05
992.64	3059.67
992.80	2305.60
992.97	2301.51
993.14	3361.13
993.30	3907.11
993.47	2329.77
993.64	2404.72
993.80	3282.07
993.97	3008.88
994.14	2493.61
994.30	2830.70
994.47	3154.69
994.64	2989.22
994.80	2578.80
994.97	2412.10
995.14	3180.91
995.30	3024.03
995.47	2480.50
995.63	2584.95
995.80	3024.03
995.97	3481.14
996.13	2377.28
996.30	2410.46
996.47	2940.47
996.63	3572.07
996.80	2895.01
996.97	2589.04
997.13	3110.45
997.30	3306.24
997.46	2334.27
997.63	2670.14
997.80	3275.93
997.96	3153.05
998.13	2364.58
998.29	2449.37
998.46	3006.01
998.63	2876.17
998.79	2289.22
998.96	2571.84
999.12	3243.98
999.29	2983.07
999.46	2474.77
999.62	2777.86
999.79	3159.61
999.95	3030.99
1000.12	2404.72
1000.29	2504.67
1000.45	3128.07
1000.62	3190.33
1000.78	2499.75
1000.95	2434.22
1001.11	3112.50
1001.28	3136.67
1001.45	2386.70
1001.61	2768.03
1001.78	3109.64
1001.94	3231.29
1002.11	2500.57
1002.27	2737.32
1002.44	3224.73
1002.61	3142.81
1002.77	2388.34
1002.94	2287.17
1003.10	3146.91
1003.27	3153.05
1003.43	2428.89
1003.60	2513.68
1003.76	2992.08
1003.93	3055.98
1004.10	2555.86
1004.26	2710.69
1004.43	3195.24
1004.59	3480.32
1004.76	2408.82
1004.92	2509.58
1005.09	3430.76
1005.25	3228.83
1005.42	2441.18
1005.58	2696.77
1005.75	3237.84
1005.91	3089.57
1006.08	2766.81
1006.24	2328.54
1006.41	3020.75
1006.57	3003.96
1006.74	2389.16
1006.90	2573.48
1007.07	2967.51
1007.23	3417.24
1007.40	2470.26
1007.56	2370.73
1007.73	2854.05
1007.89	3154.69
1008.06	2711.10
1008.22	2583.31
1008.39	3069.50
1008.55	2984.71
1008.72	2503.03
1008.88	2410.05
1009.05	2892.55
1009.21	3240.30
1009.38	2222.05
1009.54	2506.71
1009.71	3373.00
1009.87	3465.16
1010.04	2186.00
1010.20	2675.88
1010.37	2760.25
1010.53	3254.22
1010.70	2531.29
1010.86	2307.24
1011.03	2924.09
1011.19	2866.34
1011.35	2652.53
1011.52	2497.70
1011.68	2958.09
1011.85	2926.14
1012.01	2748.78
1012.18	2621.81
1012.34	2958.91
1012.51	2961.77
1012.67	2498.93
1012.83	2561.60
1013.00	3194.01
1013.16	2891.32
1013.33	2422.34
1013.49	2962.59
1013.66	3146.50
1013.82	3523.33
1013.99	2521.46
1014.15	2571.43
1014.31	3169.85
1014.48	3113.73
1014.64	2610.34
1014.81	2543.17
1014.97	2854.05
1015.13	3275.93
1015.30	2520.64
1015.46	2601.74
1015.63	2856.10
1015.79	2985.12
1015.95	2307.24
1016.12	2403.91
1016.28	2987.99
1016.45	3019.93
1016.61	2533.34
1016.77	2538.66
1016.94	2944.16
1017.10	3148.55
1017.27	2485.41
1017.43	2388.34
1017.59	2947.85
1017.76	3186.64
1017.92	2337.14
1018.09	2310.11
1018.25	3340.24
1018.41	3187.87
1018.58	2575.53
1018.74	2599.28
1018.90	3022.80
1019.07	3055.57
1019.23	2361.31
1019.40	2401.45
1019.56	3135.85
1019.72	2827.84
1019.89	2622.63
1020.05	2984.71
1020.21	3189.51
1020.38	3009.69
1020.54	2299.46
1020.70	2530.88
1020.87	3020.75
1021.03	3188.28
1021.19	2465.34
1021.36	2243.34
1021.52	3282.07
1021.68	3439.36
1021.85	3063.35
1022.01	2607.88
1022.17	3064.99
1022.34	3061.71
1022.50	2409.23
1022.66	2625.91
1022.83	3246.85
1022.99	3119.06
1023.15	2390.39
1023.32	2629.59
1023.48	3129.71
1023.64	2995.36
1023.81	2289.63
1023.97	2662.77
1024.13	3005.60
1024.30	2965.87
1024.46	2686.53
1024.62	2553.41
1024.79	3114.96
1024.95	3252.17
1025.11	2274.88
1025.27	2547.67
1025.44	2857.74
1025.60	2972.42
1025.76	2582.08
1025.93	2376.05
1026.09	2998.23
1026.25	3004.78
1026.41	2547.67
1026.58	2365.81
1026.74	2933.92
1026.90	3249.72
1027.07	2646.79
1027.23	2394.08
1027.39	3047.79
1027.55	3273.47
1027.72	2532.52
1027.88	2586.58
1028.04	3034.27
1028.20	3189.10
1028.37	2156.51
1028.53	2628.36
1028.69	2847.91
1028.85	3153.46
1029.02	2718.06
1029.18	2395.30
1029.34	2880.26
1029.50	3149.78
1029.67	2689.39
1029.83	2418.65
1029.99	3117.83
1030.15	2992.90
1030.32	2379.74
1030.48	2604.20
1030.64	2983.89
1030.80	3364.40
1030.97	2741.82
1031.13	2492.38
1031.29	3302.14
1031.45	3180.50
1031.61	2425.20
1031.78	2462.89
1031.94	3423.79
1032.10	3149.37
1032.26	2632.87
1032.42	2562.83
1032.59	3314.43
1032.75	2960.54
1032.91	2523.51
1033.07	2510.81
1033.24	2913.44
1033.40	3619.99
1033.56	2582.49
1033.72	2383.43
1033.88	3139.13
1034.04	3483.59
1034.21	2618.94
1034.37	2601.74
1034.53	3047.38
1034.69	2856.10
1034.85	2428.89
1035.02	2491.56
1035.18	2906.89
1035.34	3223.09
1035.50	2317.48
1035.66	2653.76
1035.82	3054.75
1035.99	3302.55
1036.15	2472.31
1036.31	2773.77
1036.47	3201.38
1036.63	3664.64
1036.79	2978.98
1036.96	2750.01
1037.12	3278.39
1037.28	2950.30
1037.44	2203.61
1037.60	2445.27
1037.76	3070.31
1037.92	3048.61
1038.09	2227.78
1038.25	2764.35
1038.41	3280.85
1038.57	3212.44
1038.73	2456.33
1038.89	2397.35
1039.05	3205.48
1039.22	3114.14
1039.38	2440.36
1039.54	2891.73
1039.70	3153.46
1039.86	3231.69
1040.02	2468.21
1040.18	2527.19
1040.34	3047.79
1040.51	3207.12
1040.67	3362.36
1040.83	2868.79
1040.99	3243.57
1041.15	3402.09
1041.31	2402.68
1041.47	2715.20
1041.63	3018.71
