345.74	1367.02
345.96	1367.02
346.17	1367.02
346.39	1347.56
346.60	1394.67
346.81	3904.45
347.03	3880.90
347.24	5039.03
347.46	5461.93
347.67	4672.44
347.89	3432.40
348.10	4437.95
348.32	4253.63
348.53	3728.33
348.75	3875.78
348.96	3481.55
349.18	5134.26
349.39	3535.82
349.61	3504.07
349.82	4563.90
350.04	4261.82
350.25	3665.86
350.47	3977.16
350.68	5224.37
350.90	5307.31
351.11	3545.03
351.32	3911.62
351.54	5521.32
351.75	5128.11
351.97	3585.99
352.18	3061.71
352.40	3814.34
352.61	4799.41
352.83	4718.52
353.04	3594.19
353.26	5408.69
353.47	4218.82
353.69	4334.53
353.90	3946.44
354.11	3963.84
354.33	6242.21
354.54	2695.13
354.76	4024.26
354.97	4095.94
355.19	4751.29
355.40	3933.12
355.62	5414.83
355.83	4051.91
356.04	4517.82
356.26	3309.52
356.47	4070.34
356.69	3546.06
356.90	6444.96
357.12	3138.51
357.33	2993.11
357.55	4316.09
357.76	4298.69
357.97	3259.34
358.19	4254.66
358.40	3536.84
358.62	6039.46
358.83	3483.59
359.05	4676.54
359.26	3830.73
359.47	4534.20
359.69	4172.74
359.90	5172.15
360.12	3515.34
360.33	4726.71
360.55	3528.65
360.76	5038.00
360.97	5435.31
361.19	5476.27
361.40	3601.35
361.62	3597.26
361.83	5263.28
362.04	5844.90
362.26	4125.63
362.47	4001.73
362.69	4125.63
362.90	4037.57
363.12	3168.21
363.33	3537.87
363.54	4817.85
363.76	5304.24
363.97	3509.19
364.19	3906.50
364.40	5513.13
364.61	3818.44
364.83	2826.20
365.04	4472.76
365.26	3989.44
365.47	5279.66
365.68	3637.19
365.90	3551.18
366.11	4159.42
366.33	5525.42
366.54	3277.77
366.75	3498.95
366.97	3441.61
367.18	3863.49
367.40	4972.47
367.61	3809.22
367.82	4244.42
368.04	5207.98
368.25	4512.70
368.46	4224.96
368.68	3790.79
368.89	6196.13
369.11	3954.63
369.32	4368.32
369.53	6160.29
369.75	4516.80
369.96	5851.05
370.18	3931.08
370.39	3775.43
370.60	4414.40
370.82	3459.02
371.03	3737.54
371.24	6842.26
371.46	4044.74
371.67	4087.75
371.88	3336.14
372.10	3584.97
372.31	3505.10
372.53	2869.20
372.74	3759.05
372.95	3962.82
373.17	3877.83
373.38	4848.57
373.59	4099.01
373.81	4037.57
374.02	5146.55
374.23	3254.22
374.45	5557.16
374.66	4842.42
374.88	4356.03
375.09	3425.23
375.30	5179.31
375.52	4501.44
375.73	5995.43
375.94	3000.27
376.16	4603.83
376.37	4942.77
376.58	5417.90
376.80	4797.37
377.01	4698.04
377.22	7430.03
377.44	4712.38
377.65	4293.57
377.86	3000.27
378.08	4755.38
378.29	4107.20
378.50	4394.94
378.72	3128.27
378.93	6635.42
379.14	5339.05
379.36	5714.86
379.57	3963.84
379.78	3812.29
380.00	4620.22
380.21	3093.46
380.42	2806.74
380.64	3284.94
380.85	3392.46
381.06	4627.39
381.28	3222.48
381.49	6470.56
381.70	3687.37
381.92	4131.78
382.13	4509.63
382.34	6556.57
382.56	5794.73
382.77	3677.13
382.98	4304.83
383.19	4901.81
383.41	4471.74
383.62	4107.20
383.83	4661.18
384.05	4775.86
384.26	4762.55
384.47	4492.22
384.69	3834.82
384.90	4405.18
385.11	5719.98
385.33	4077.51
385.54	4457.40
385.75	4138.94
385.96	4880.31
386.18	6593.44
386.39	4217.79
386.60	4244.42
386.82	6161.31
387.03	4796.34
387.24	3906.50
387.45	4189.12
387.67	3502.03
387.88	5078.96
388.09	4164.54
388.31	4093.89
388.52	4072.39
388.73	6376.35
388.94	4044.74
389.16	5061.55
389.37	3699.66
389.58	4615.10
389.80	4123.59
390.01	3819.46
390.22	4641.72
390.43	4976.56
390.65	4320.19
390.86	4951.99
391.07	4896.69
391.29	4252.61
391.50	2854.87
391.71	5496.75
391.92	6159.27
392.14	3999.68
392.35	4252.61
392.56	3953.60
392.77	4986.80
392.99	4380.61
393.20	3095.50
393.41	3792.84
393.62	3936.20
393.84	3882.95
394.05	4362.17
394.26	4797.37
394.47	5453.74
394.69	5742.50
394.90	4986.80
395.11	3975.11
395.32	3726.28
395.54	3689.42
395.75	3687.37
395.96	3666.89
396.17	6194.08
396.39	5547.95
396.60	3376.08
396.81	4623.29
397.02	3909.57
397.24	4979.64
397.45	5443.50
397.66	3435.47
397.87	5145.52
398.09	4787.13
398.30	4084.67
398.51	4556.73
398.72	4001.73
398.94	4615.10
399.15	5831.59
399.36	5199.79
399.57	4814.77
399.79	4925.36
400.00	6239.14
400.21	3293.13
400.42	5101.49
400.63	4440.00
400.85	5205.94
401.06	4420.54
401.27	4605.88
401.48	7193.49
401.70	3950.53
401.91	6411.17
402.12	5320.62
402.33	5525.42
402.54	3813.32
402.76	4271.04
402.97	6090.66
403.18	4679.61
403.39	3966.92
403.60	5101.49
403.82	4104.13
404.03	2553.82
404.24	3600.33
404.45	4920.24
404.66	5599.15
404.88	3066.83
405.09	6004.64
405.30	4564.92
405.51	4207.55
405.73	4384.70
405.94	3452.88
406.15	4088.77
406.36	4299.71
406.57	4286.40
406.78	4042.69
407.00	4546.49
407.21	5594.03
407.42	3691.46
407.63	6183.84
407.84	4557.75
408.06	4279.23
408.27	3158.99
408.48	3907.52
408.69	4451.26
408.90	4077.51
409.12	3326.93
409.33	4318.14
409.54	3226.57
409.75	4531.13
409.96	4319.17
410.17	4778.94
410.39	4202.43
410.60	6162.34
410.81	3325.90
411.02	4913.08
411.23	12036.94
411.44	3936.20
411.66	4416.44
411.87	5579.69
412.08	6153.12
412.29	3366.86
412.50	4175.81
412.71	3703.75
412.93	3423.18
413.14	4056.00
413.35	5010.36
413.56	3635.14
413.77	4645.82
413.98	4627.39
414.20	3809.22
414.41	4894.65
414.62	3690.44
414.83	3213.26
415.04	4036.55
415.25	4790.20
415.46	5226.42
415.68	4053.95
415.89	3237.84
416.10	4156.35
416.31	3327.95
416.52	5061.55
416.73	4623.29
416.94	3807.17
417.16	4959.16
417.37	4601.79
417.58	4802.49
417.79	3437.52
418.00	4368.32
418.21	4360.13
418.42	4629.43
418.64	3582.92
418.85	3584.97
419.06	4234.18
419.27	4050.88
419.48	4770.74
419.69	4418.49
419.90	3215.31
420.11	3726.28
420.33	3518.41
420.54	5869.48
420.75	5685.16
420.96	3474.38
421.17	4867.00
421.38	4303.81
421.59	3734.47
421.80	3592.14
422.02	4533.18
422.23	4510.65
422.44	5186.48
422.65	4107.20
422.86	4134.85
423.07	3370.96
423.28	4590.52
423.49	2526.17
423.70	3926.98
423.92	3481.55
424.13	5300.14
424.34	3259.34
424.55	3721.16
424.76	5220.27
424.97	5799.85
425.18	3724.23
425.39	4457.40
425.60	3490.76
425.81	4219.84
426.03	4278.21
426.24	4037.57
426.45	3885.00
426.66	6593.44
426.87	3976.13
427.08	5309.36
427.29	4096.96
427.50	4681.66
427.71	3882.95
427.92	3743.69
428.13	3489.74
428.34	4239.30
428.56	5132.21
428.77	5365.68
428.98	6667.16
429.19	4400.06
429.40	5050.29
429.61	4233.15
429.82	4513.72
430.03	4079.55
430.24	4951.99
430.45	2966.48
430.66	4540.35
430.87	4084.67
431.08	4350.91
431.30	3086.29
431.51	4465.60
431.72	4222.91
431.93	5015.48
432.14	3051.47
432.35	4372.41
432.56	5825.45
432.77	3881.92
432.98	4369.34
433.19	4019.14
433.40	4366.27
433.61	3283.92
433.82	4437.95
434.03	3384.27
434.24	3659.72
434.45	6589.34
434.66	5781.42
434.87	4851.64
435.09	4131.78
435.30	4509.63
435.51	4667.32
435.72	4563.90
435.93	3764.17
436.14	4822.97
436.35	4159.42
436.56	4797.37
436.77	4057.03
436.98	3225.55
437.19	5052.34
437.40	5804.97
437.61	4883.38
437.82	4093.89
438.03	4111.30
438.24	4494.27
438.45	4600.76
438.66	3384.27
438.87	3213.26
439.08	4520.89
439.29	3896.26
439.50	5290.93
439.71	6543.26
439.92	3826.63
440.13	3830.73
440.34	3858.37
440.55	4366.27
440.76	3882.95
440.97	5742.50
441.18	4420.54
441.39	3368.91
441.60	4337.60
441.81	4260.80
442.02	3815.37
442.23	4018.11
442.44	4907.96
442.65	4337.60
442.86	4851.64
443.07	4278.21
443.28	4625.34
443.49	5069.75
443.70	4086.72
443.91	3165.14
444.12	4257.73
444.33	4206.53
444.54	4469.69
444.75	3615.69
444.96	5054.39
445.17	6182.82
445.38	5652.39
445.59	4068.29
445.80	4010.95
446.01	3979.20
446.22	5941.16
446.43	3731.40
446.64	3861.45
446.85	4242.37
447.06	3691.46
447.27	4310.97
447.48	6224.80
447.69	4267.97
447.90	4237.25
448.11	2797.53
448.32	4537.27
448.53	4461.50
448.74	4282.30
448.95	3962.82
449.16	3607.50
449.37	4546.49
449.58	3087.31
449.79	3525.58
450.00	3168.21
450.21	3845.06
450.42	3608.52
450.63	3232.72
450.84	3317.71
451.05	3784.65
451.26	4026.31
451.47	4410.30
451.68	4611.00
451.89	4074.43
452.10	4591.55
452.30	5207.98
452.51	4720.57
452.72	3279.82
452.93	4140.99
453.14	3746.76
453.35	4209.60
453.56	5247.92
453.77	3794.89
453.98	3859.40
454.19	5489.58
454.40	3954.63
454.61	3994.56
454.82	4340.67
455.03	3044.31
455.24	3169.23
455.45	4207.55
455.66	5135.28
455.87	3874.76
456.07	3448.78
456.28	3019.73
456.49	3157.97
456.70	4496.32
456.91	4087.75
457.12	3305.42
457.33	3307.47
457.54	4496.32
457.75	5127.09
457.96	5300.14
458.17	4495.29
458.38	4008.90
458.59	3378.12
458.79	2738.13
459.00	2841.56
459.21	3019.73
459.42	3149.78
459.63	3834.82
459.84	2690.01
460.05	7820.17
460.26	4318.14
460.47	3726.28
460.68	3629.00
460.89	4936.63
461.09	5300.14
461.30	5177.26
461.51	3705.80
461.72	5166.00
461.93	4661.18
462.14	3563.47
462.35	2986.96
462.56	4678.58
462.77	2896.85
462.98	5434.29
463.18	3728.33
463.39	4390.84
463.60	5122.99
463.81	4495.29
464.02	5495.72
464.23	4303.81
464.44	6940.57
464.65	4090.82
464.86	3548.11
465.06	2747.35
465.27	4062.15
465.48	3015.63
465.69	3917.76
465.90	4540.35
466.11	4309.95
466.32	3460.04
466.53	2828.24
466.74	4607.93
466.94	4128.70
467.15	4441.02
467.36	3370.96
467.57	5315.50
467.78	4428.73
467.99	4091.84
468.20	6084.52
468.40	3561.42
468.61	3298.25
468.82	3802.05
469.03	5593.00
469.24	5240.75
469.45	4078.53
469.66	4099.01
469.86	3908.55
470.07	4822.97
470.28	3893.19
470.49	3633.10
470.70	3733.45
470.91	3752.90
471.12	4611.00
471.32	3898.31
471.53	3541.96
471.74	4932.53
471.95	4279.23
472.16	3378.12
472.37	4342.72
472.58	5145.52
472.78	3480.52
472.99	3445.71
473.20	4046.79
473.41	3845.06
473.62	3170.26
473.83	5552.04
474.03	4581.31
474.24	4453.31
474.45	4393.92
474.66	3637.19
474.87	4063.17
475.08	3622.86
475.28	5292.98
475.49	5350.32
475.70	3832.77
475.91	4465.60
476.12	3718.09
476.32	3789.77
476.53	4025.28
476.74	4474.81
476.95	4541.37
477.16	3510.22
477.37	4905.91
477.57	4588.47
477.78	3777.48
477.99	3280.85
478.20	4243.39
478.41	4947.89
478.61	5217.20
478.82	5172.15
479.03	4050.88
479.24	4573.11
479.45	3637.19
479.65	3216.33
479.86	4434.88
480.07	4646.84
480.28	3969.99
480.49	9249.65
480.69	3931.08
480.90	4417.47
481.11	3580.87
481.32	2770.90
481.53	4028.35
481.73	4257.73
481.94	4494.27
482.15	4337.60
482.36	3879.88
482.57	3742.66
482.77	5801.90
482.98	5233.58
483.19	4445.12
483.40	3395.53
483.60	3975.11
483.81	4682.68
484.02	4798.39
484.23	3623.88
484.44	2970.58
484.64	3795.91
484.85	3794.89
485.06	4136.90
485.27	3921.86
485.47	4102.08
485.68	4613.05
485.89	4832.18
486.10	6229.92
486.31	5598.12
486.51	4782.01
486.72	3616.71
486.93	3934.15
487.14	3984.32
487.34	3338.19
487.55	3800.01
487.76	4825.01
487.97	4621.24
488.17	3881.92
488.38	3739.59
488.59	3793.86
488.80	4812.73
489.00	4835.25
489.21	4975.54
489.42	3797.96
489.63	4988.85
489.83	4691.90
490.04	3517.39
490.25	3683.27
490.46	3957.70
490.66	4993.97
490.87	3907.52
491.08	3424.20
491.29	3998.66
491.49	3966.92
491.70	3592.14
491.91	4052.93
492.11	4230.08
492.32	3719.11
492.53	2692.05
492.74	5413.81
492.94	5481.39
493.15	4759.48
493.36	3994.56
493.57	4319.17
493.77	3889.09
493.98	4796.34
494.19	5155.76
494.39	4495.29
494.60	3188.69
494.81	3595.21
495.02	5258.16
495.22	5314.48
495.43	3038.16
495.64	3044.31
495.84	3215.31
496.05	5439.41
496.26	4852.66
496.47	4848.57
496.67	5314.48
496.88	4260.80
497.09	4855.73
497.29	2794.45
497.50	2847.70
497.71	4057.03
497.91	3051.47
498.12	5076.91
498.33	3748.81
498.54	4813.75
498.74	4385.73
498.95	3299.28
499.16	4475.84
499.36	4332.48
499.57	3610.57
499.78	3915.72
499.98	3889.09
500.19	3231.69
500.40	3974.08
500.60	5463.98
500.81	3747.78
501.02	4792.25
501.22	6543.26
501.43	3729.35
501.64	3836.87
501.85	4747.19
502.05	6641.56
502.26	3152.85
502.47	5231.54
502.67	4000.71
502.88	4259.78
503.09	5358.51
503.29	2928.60
503.50	4153.28
503.71	6158.24
503.91	4246.46
504.12	3620.81
504.33	4196.29
504.53	4172.74
504.74	4737.98
504.95	5128.11
505.15	4259.78
505.36	5270.45
505.56	4057.03
505.77	6306.72
505.98	3280.85
506.18	5757.86
506.39	3790.79
506.60	3870.66
506.80	4900.79
507.01	4117.44
507.22	3943.36
507.42	4898.74
507.63	3548.11
507.84	4421.56
508.04	2570.20
508.25	4732.86
508.45	6085.54
508.66	3866.56
508.87	3535.82
509.07	4823.99
509.28	4796.34
509.49	3419.08
509.69	4551.61
509.90	4562.87
510.11	3425.23
510.31	4247.49
510.52	4112.32
510.72	3975.11
510.93	4252.61
511.14	3658.70
511.34	3140.56
511.55	3594.19
511.76	6426.53
511.96	6027.17
512.17	4322.24
512.37	4943.80
512.58	3958.72
512.79	3081.17
512.99	4331.45
513.20	4313.02
513.40	4946.87
513.61	4309.95
513.82	3813.32
514.02	2957.27
514.23	3867.59
514.43	5845.93
514.64	4083.65
514.85	4542.39
515.05	4983.73
515.26	4747.19
515.46	5367.73
515.67	5043.12
515.88	3768.26
516.08	5699.50
516.29	4083.65
516.49	3504.07
516.70	3608.52
516.91	3863.49
517.11	5147.57
517.32	4042.69
517.52	4731.83
517.73	3424.20
517.93	5301.17
518.14	5232.56
518.35	3491.79
518.55	3016.66
518.76	4998.07
518.96	5414.83
519.17	3539.91
519.38	4130.75
519.58	4940.72
519.79	3967.94
519.99	4120.51
520.20	4016.07
520.40	3766.21
520.61	4154.30
520.82	5950.37
521.02	5450.67
521.23	4732.86
521.43	4543.42
521.64	3057.62
521.84	3633.10
522.05	3427.28
522.25	3473.36
522.46	3528.65
522.67	4293.57
522.87	5733.29
523.08	4817.85
523.28	3713.99
523.49	5340.08
523.69	4323.26
523.90	3888.07
524.10	4770.74
524.31	3762.12
524.51	5378.99
524.72	4939.70
524.93	5432.24
525.13	3904.45
525.34	4222.91
525.54	4140.99
525.75	4788.15
525.95	2844.63
526.16	5691.31
526.36	3860.42
526.57	5291.95
526.77	3084.24
526.98	6521.76
527.18	3504.07
527.39	3697.61
527.59	5618.60
527.80	4170.69
528.00	4435.90
528.21	4583.35
528.42	3831.75
528.62	4628.41
528.83	4315.07
529.03	6359.97
529.24	4623.29
529.44	4102.08
529.65	4476.86
529.85	4220.86
530.06	5499.82
530.26	4008.90
530.47	5082.03
530.67	5542.83
530.88	3369.93
531.08	4331.45
531.29	3944.39
531.49	3762.12
531.70	4842.42
531.90	3529.67
532.11	4403.13
532.31	4532.15
532.52	4586.43
532.72	2958.29
532.93	4590.52
533.13	3594.19
533.34	3741.64
533.54	4760.50
533.75	3198.93
533.95	3837.89
534.16	3836.87
534.36	4113.35
534.57	3556.30
534.77	5198.77
534.97	4755.38
535.18	3775.43
535.38	3520.46
535.59	2972.63
535.79	3779.53
536.00	3333.07
536.20	3643.34
536.41	2710.49
536.61	4587.45
536.82	3494.86
537.02	3271.63
537.23	4730.81
537.43	4943.80
537.64	3526.60
537.84	4217.79
538.05	4248.51
538.25	5021.62
538.45	3424.20
538.66	4486.08
538.86	3753.93
539.07	3305.42
539.27	4006.85
539.48	3772.36
539.68	4792.25
539.89	4042.69
540.09	5511.08
540.29	4812.73
540.50	2766.81
540.70	4754.36
540.91	3414.99
541.11	5104.56
541.32	4111.30
541.52	4461.50
541.73	4406.20
541.93	3359.69
542.13	4852.66
542.34	3793.86
542.54	3672.01
542.75	4171.71
542.95	7321.49
543.16	3995.59
543.36	3913.67
543.56	4471.74
543.77	4908.98
543.97	5075.89
544.18	4416.44
544.38	4160.45
544.59	3428.30
544.79	3710.92
544.99	6107.04
545.20	6217.63
545.40	3733.45
545.61	4194.24
545.81	4646.84
546.01	5141.43
546.22	4305.85
546.42	4121.54
546.63	3893.19
546.83	5046.20
547.04	3673.03
547.24	4232.13
547.44	3104.72
547.65	4669.37
547.85	3365.84
548.06	3350.48
548.26	3945.41
548.46	6991.77
548.67	4087.75
548.87	4033.47
549.08	3470.28
549.28	4131.78
549.48	4549.56
549.69	5376.94
549.89	3423.18
550.09	5755.82
550.30	5284.78
550.50	3335.12
550.71	3348.43
550.91	4375.49
551.11	3098.58
551.32	4922.29
551.52	3846.09
551.73	4524.99
551.93	3613.64
552.13	4754.36
552.34	5705.64
552.54	3102.67
552.74	4963.25
552.95	3496.91
553.15	4613.05
553.35	3907.52
553.56	4697.02
553.76	4697.02
553.97	3918.79
554.17	4359.10
554.37	3252.17
554.58	5172.15
554.78	4069.31
554.98	3941.32
555.19	3823.56
555.39	4683.70
555.59	3395.53
555.80	4490.17
556.00	3898.31
556.20	4720.57
556.41	3731.40
556.61	3730.38
556.82	3179.47
557.02	4701.11
557.22	3639.24
557.43	3269.58
557.63	4229.06
557.83	4708.28
558.04	5923.75
558.24	3504.07
558.44	4216.77
558.65	3591.11
558.85	2826.20
559.05	3247.05
559.26	3629.00
559.46	3680.20
559.66	3249.10
559.87	3481.55
560.07	4590.52
560.27	5944.23
560.48	5167.03
560.68	4820.92
560.88	3404.75
561.08	4688.82
561.29	5450.67
561.49	3347.40
561.69	3458.00
561.90	6257.57
562.10	3830.73
562.30	6133.67
562.51	4341.69
562.71	3816.39
562.91	5815.21
563.12	3913.67
563.32	3548.11
563.52	4065.22
563.72	4016.07
563.93	4161.47
564.13	3613.64
564.33	5941.16
564.54	3913.67
564.74	4412.35
564.94	4503.48
565.15	3486.67
565.35	3327.95
565.55	5628.84
565.75	2787.29
565.96	4466.62
566.16	3916.74
566.36	3579.85
566.57	3906.50
566.77	6305.70
566.97	4827.06
567.17	5555.12
567.38	3696.58
567.58	4319.17
567.78	4204.48
567.99	6499.23
568.19	4291.52
568.39	4611.00
568.59	5605.29
568.80	4572.09
569.00	4893.62
569.20	4092.87
569.40	3916.74
569.61	5438.38
569.81	5024.69
570.01	3625.93
570.21	4090.82
570.42	5738.41
570.62	3826.63
570.82	3652.55
571.02	3342.28
571.23	3519.43
571.43	5644.20
571.63	3570.63
571.84	3158.99
572.04	3251.15
572.24	4956.08
572.44	4215.74
572.64	4095.94
572.85	4254.66
573.05	5508.01
573.25	5843.88
573.45	3110.86
573.66	6676.38
573.86	3461.07
574.06	3975.11
574.26	5066.67
574.47	3790.79
574.67	4931.51
574.87	2956.24
575.07	3855.30
575.28	3521.48
575.48	4531.13
575.68	4109.25
575.88	4265.92
576.08	5644.20
576.29	4361.15
576.49	4888.50
576.69	4459.45
576.89	3647.43
577.10	3889.09
577.30	4825.01
577.50	3808.20
577.70	3302.35
577.90	5688.23
578.11	4844.47
578.31	3458.00
578.51	4675.51
578.71	3414.99
578.91	4454.33
579.12	4409.28
579.32	4827.06
579.52	12940.09
579.72	3897.28
579.92	4684.73
580.13	4623.29
580.33	6128.55
580.53	4619.19
580.73	4513.72
580.93	4914.10
581.14	4255.68
581.34	5115.83
581.54	3289.04
581.74	4782.01
581.94	4180.93
582.15	5449.64
582.35	3018.71
582.55	3808.20
582.75	7081.88
582.95	3870.66
583.15	6075.30
583.36	5009.33
583.56	4639.67
583.76	3458.00
583.96	4319.17
584.16	4297.66
584.37	4271.04
584.57	4394.94
584.77	3181.52
584.97	4117.44
585.17	4553.66
585.37	4949.94
585.57	4707.26
585.78	3446.73
585.98	4043.71
586.18	3907.52
586.38	3931.08
586.58	3401.68
586.78	3426.25
586.99	3645.38
587.19	4349.89
587.39	3963.84
587.59	3800.01
587.79	4155.33
587.99	4616.12
588.19	3897.28
588.40	5104.56
588.60	3565.51
588.80	6436.77
589.00	3294.16
589.20	4545.47
589.40	5519.28
589.60	3406.80
589.81	4539.32
590.01	3638.22
590.21	5975.97
590.41	3498.95
590.61	4190.14
590.81	3188.69
591.01	5761.96
591.22	3444.68
591.42	6420.38
591.62	4782.01
591.82	3824.58
592.02	4878.26
592.22	4130.75
592.42	7109.52
592.62	4841.40
592.82	4458.43
593.03	4400.06
593.23	4149.18
593.43	5471.15
593.63	3399.63
593.83	4137.92
594.03	6090.66
594.23	5533.61
594.43	3722.18
594.63	2793.43
594.84	3912.64
595.04	5690.28
595.24	4546.49
595.44	3742.66
595.64	4753.34
595.84	4315.07
596.04	4948.92
596.24	3899.33
596.44	4478.91
596.64	3406.80
596.84	3429.32
597.05	4159.42
597.25	5393.33
597.45	4505.53
597.65	3589.07
597.85	3806.15
598.05	4225.98
598.25	3604.42
598.45	4067.27
598.65	3750.85
598.85	4435.90
599.05	5793.70
599.25	4425.66
599.46	3005.39
599.66	5141.43
599.86	3771.33
600.06	4227.01
600.26	3664.84
600.46	3597.26
600.66	4369.34
600.86	4920.24
601.06	3440.59
601.26	3662.79
601.46	5424.05
601.66	3622.86
601.86	3534.79
602.06	4582.33
602.26	3608.52
602.46	3164.11
602.66	3512.27
602.87	3916.74
603.07	4628.41
603.27	4358.08
603.47	3755.97
603.67	6808.47
603.87	5385.13
604.07	4150.21
604.27	4848.57
604.47	4363.20
604.67	3622.86
604.87	3995.59
605.07	3761.09
605.27	4205.50
605.47	3279.82
605.67	4255.68
605.87	4556.73
606.07	5666.73
606.27	3759.05
606.47	3793.86
606.67	3083.22
606.87	3376.08
607.07	4641.72
607.27	3189.71
607.47	4204.48
607.67	4413.37
607.87	3409.87
608.07	4428.73
608.27	4810.68
608.47	3248.08
608.67	5176.24
608.87	4006.85
609.07	4843.45
609.27	4884.41
609.47	4124.61
609.67	4463.55
609.87	4533.18
610.07	3915.72
610.27	15167.26
610.47	3139.54
610.67	4238.27
610.87	4099.01
611.07	6244.26
611.27	3876.80
611.47	4881.33
611.67	5148.59
611.87	4127.68
612.07	4218.82
612.27	3964.87
612.47	3016.66
612.67	4160.45
612.87	4317.12
613.07	3303.37
613.27	4289.47
613.47	4541.37
613.67	3296.21
613.87	4369.34
614.07	4046.79
614.27	3726.28
614.47	4300.73
614.67	4777.91
614.87	3960.77
615.07	4273.09
615.27	3617.74
615.47	4058.05
615.67	5253.04
615.87	2990.03
616.07	3923.91
616.27	4716.47
616.47	3866.56
616.67	3354.57
616.87	3788.74
617.07	3358.67
617.27	3957.70
617.47	3850.18
617.66	4276.16
617.86	4293.57
618.06	3625.93
618.26	3281.87
618.46	4345.79
618.66	5286.83
618.86	5359.53
619.06	3858.37
619.26	4227.01
619.46	3813.32
619.66	5771.18
619.86	4019.14
620.06	4290.49
620.26	5683.11
620.46	8332.16
620.66	6196.13
620.85	4499.39
621.05	5743.53
621.25	4868.02
621.45	3659.72
621.65	5443.50
621.85	4110.27
622.05	5033.91
622.25	3592.14
622.45	3814.34
622.65	3708.87
622.85	3289.04
623.05	4303.81
623.25	3980.23
623.44	5266.35
623.64	2823.12
623.84	3442.64
624.04	3063.76
624.24	4003.78
624.44	4430.78
624.64	4179.90
624.84	3802.05
625.04	3278.80
625.24	3173.33
625.43	3569.61
625.63	4846.52
625.83	3345.36
626.03	3650.50
626.23	4505.53
626.43	4417.47
626.63	3443.66
626.83	4582.33
627.03	4585.40
627.22	3726.28
627.42	4209.60
627.62	2862.04
627.82	4451.26
628.02	3765.19
628.22	3208.14
628.42	4329.41
628.62	2915.28
628.82	3487.69
629.01	5933.99
629.21	3061.71
629.41	5328.81
629.61	4626.36
629.81	3598.28
630.01	5178.29
630.21	5317.55
630.40	4099.01
630.60	4398.01
630.80	4583.35
631.00	4815.80
631.20	4885.43
631.40	4072.39
631.60	4581.31
631.79	3177.42
631.99	4940.72
632.19	4171.71
632.39	3977.16
632.59	4716.47
632.79	3931.08
632.99	13988.65
633.18	4301.76
633.38	3693.51
633.58	4690.87
633.78	3776.45
633.98	3849.16
634.18	3587.02
634.37	6691.74
634.57	4683.70
634.77	9241.46
634.97	3497.93
635.17	4373.44
635.37	5670.83
635.56	3451.85
635.76	5624.75
635.96	3233.74
636.16	3905.48
636.36	3655.62
636.56	3462.09
636.75	4025.28
636.95	5121.97
637.15	4339.65
637.35	3791.81
637.55	5271.47
637.74	5084.08
637.94	4195.26
638.14	4351.93
638.34	4298.69
638.54	2722.77
638.73	4108.23
638.93	4219.84
639.13	4667.32
639.33	4556.73
639.53	3736.52
639.73	3858.37
639.92	4027.33
640.12	3362.76
640.32	3936.20
640.52	4857.78
640.71	2998.23
640.91	4020.16
641.11	3930.05
641.31	3615.69
641.51	3418.06
641.70	4437.95
641.90	4566.97
642.10	4119.49
642.30	4326.33
642.50	4423.61
642.69	4026.31
642.89	3375.05
643.09	3333.07
643.29	4227.01
643.48	4897.72
643.68	3547.08
643.88	5653.42
644.08	2686.94
644.28	4455.36
644.47	4790.20
644.67	3195.86
644.87	3068.88
645.07	3986.37
645.26	3693.51
645.46	3377.10
645.66	3988.42
645.86	4958.13
646.05	5300.14
646.25	4718.52
646.45	4855.73
646.65	5048.24
646.84	4729.78
647.04	3723.21
647.24	4517.82
647.44	4365.25
647.63	4212.67
647.83	4838.33
648.03	4083.65
648.23	4328.38
648.42	3379.15
648.62	2799.57
648.82	2821.08
649.02	4046.79
649.21	3451.85
649.41	5265.33
649.61	5541.80
649.80	3095.50
650.00	5447.60
650.20	3429.32
650.40	4710.33
650.59	5607.34
650.79	3240.91
650.99	5420.97
651.18	4063.17
651.38	3262.41
651.58	4242.37
651.78	4436.92
651.97	4586.43
652.17	3934.15
652.37	4360.13
652.56	4265.92
652.76	4871.09
652.96	3605.45
653.16	4467.64
653.35	4619.19
653.55	4983.73
653.75	4007.87
653.94	5048.24
654.14	3695.56
654.34	3996.61
654.54	3637.19
654.73	4941.75
654.93	3975.11
655.13	5380.01
655.32	4860.85
655.52	3397.58
655.72	4318.14
655.91	3693.51
656.11	2826.20
656.31	4386.75
656.50	4004.80
656.70	3981.25
656.90	3537.87
657.09	4126.66
657.29	3736.52
657.49	4004.80
657.68	2982.87
657.88	4396.99
658.08	3512.27
658.27	5579.69
658.47	5254.06
658.67	3880.90
658.86	4026.31
659.06	4727.74
659.26	3919.81
659.45	3667.91
659.65	3915.72
659.85	4214.72
660.04	4686.78
660.24	3578.83
660.44	3937.22
660.63	4007.87
660.83	5506.99
661.03	4852.66
661.22	3561.42
661.42	4370.37
661.62	4290.49
661.81	4101.06
662.01	3581.90
662.21	3068.88
662.40	3336.14
662.60	5586.86
662.79	2975.70
662.99	5011.38
663.19	4185.02
663.38	4119.49
663.58	4006.85
663.78	4892.60
663.97	4487.10
664.17	4256.70
664.36	3221.45
664.56	4930.48
664.76	3022.80
664.95	3989.44
665.15	3960.77
665.35	4270.01
665.54	5700.52
665.74	4415.42
665.93	5750.70
666.13	4207.55
666.33	3760.07
666.52	3463.12
666.72	4235.20
666.91	3763.14
667.11	3252.17
667.31	4034.50
667.50	3328.97
667.70	4765.62
667.89	5489.58
668.09	5642.15
668.29	4152.26
668.48	4111.30
668.68	7207.83
668.87	3759.05
669.07	2822.10
669.27	5098.42
669.46	3068.88
669.66	3705.80
669.85	2871.25
670.05	4464.57
670.25	3855.30
670.44	4034.50
670.64	3793.86
670.83	5777.32
671.03	4732.86
671.22	4746.17
671.42	4358.08
671.62	3156.94
671.81	4078.53
672.01	4119.49
672.20	3614.66
672.40	4681.66
672.59	5866.41
672.79	4812.73
672.99	3572.68
673.18	5193.65
673.38	5133.23
673.57	5168.05
673.77	4146.11
673.96	3836.87
674.16	3958.72
674.36	5158.83
674.55	4027.33
674.75	4591.55
674.94	4125.63
675.14	4346.81
675.33	4460.48
675.53	4343.74
675.72	3575.75
675.92	6482.85
676.11	4586.43
676.31	3969.99
676.50	4406.20
676.70	4670.39
676.90	3956.68
677.09	4051.91
677.29	4502.46
677.48	3972.04
677.68	4389.82
677.87	3427.28
678.07	3600.33
678.26	4626.36
678.46	4296.64
678.65	3837.89
678.85	4257.73
679.04	3888.07
679.24	3278.80
679.43	3386.32
679.63	3313.61
679.82	6228.90
680.02	6451.10
680.21	3951.56
680.41	2851.80
680.60	4614.07
680.80	5999.52
680.99	4989.88
681.19	5456.81
681.38	4092.87
681.58	3583.95
681.77	6914.97
681.97	3692.49
682.16	5021.62
682.36	4805.56
682.55	4595.64
682.75	3687.37
682.94	4858.81
683.14	4660.15
683.33	2767.83
683.53	5362.61
683.72	5451.69
683.92	4092.87
684.11	5668.78
684.31	4088.77
684.50	3479.50
684.70	3629.00
684.89	3956.68
685.09	3139.54
685.28	3755.97
685.48	3877.83
685.67	4012.99
685.87	3864.52
686.06	4215.74
686.26	4973.49
686.45	3607.50
686.64	3607.50
686.84	3226.57
687.03	4187.07
687.23	4035.52
687.42	4360.13
687.62	4021.19
687.81	5034.93
688.01	4207.55
688.20	4395.96
688.40	5461.93
688.59	5166.00
688.78	4613.05
688.98	4556.73
689.17	4925.36
689.37	3863.49
689.56	4376.51
689.76	4595.64
689.95	5345.20
690.15	3886.02
690.34	5874.60
690.53	4285.37
690.73	3716.04
690.92	3342.28
691.12	3624.90
691.31	5629.87
691.51	4901.81
691.70	5057.46
691.89	3693.51
692.09	3276.75
692.28	4250.56
692.48	4752.31
692.67	5142.45
692.87	4071.36
693.06	3607.50
693.25	4061.12
693.45	3817.41
693.64	4500.41
693.84	3751.88
694.03	3410.89
694.22	3886.02
694.42	3835.85
694.61	3803.08
694.81	12085.06
695.00	3525.58
695.19	4143.04
695.39	4870.07
695.58	4947.89
695.78	4353.98
695.97	4120.51
696.16	5743.53
696.36	4878.26
696.55	4286.40
696.75	3812.29
696.94	3211.22
697.13	6103.97
697.33	3360.72
697.52	4514.75
697.71	4179.90
697.91	4917.17
698.10	6725.53
698.30	3975.11
698.49	3923.91
698.68	3295.18
698.88	3147.73
699.07	3977.16
699.26	7041.94
699.46	3951.56
699.65	4876.21
699.85	4602.81
700.04	3624.90
700.23	3337.17
700.43	4313.02
700.62	3982.28
700.81	3954.63
701.01	3120.08
701.20	3879.88
701.39	4163.52
701.59	4002.75
701.78	3113.94
701.98	3497.93
702.17	3871.68
702.36	4317.12
702.56	4679.61
702.75	3548.11
702.94	4592.57
703.14	12073.80
703.33	4112.32
703.52	22368.94
703.72	3560.39
703.91	4601.79
704.10	3823.56
704.30	4094.91
704.49	3437.52
704.68	3236.81
704.88	5359.53
705.07	5759.91
705.26	3897.28
705.46	3486.67
705.65	3687.37
705.84	3660.74
706.03	3763.14
706.23	3786.69
706.42	4376.51
706.61	4073.41
706.81	6068.13
707.00	4942.77
707.19	3467.21
707.39	4766.65
707.58	3494.86
707.77	3646.41
707.97	5291.95
708.16	3819.46
708.35	4830.13
708.55	3765.19
708.74	3762.12
708.93	5886.89
709.12	4560.83
709.32	3952.58
709.51	4965.30
709.70	5196.72
709.90	4452.28
710.09	3804.10
710.28	4701.11
710.47	3672.01
710.67	4729.78
710.86	5622.70
711.05	3401.68
711.25	3941.32
711.44	3301.33
711.63	4805.56
711.82	4573.11
712.02	7557.00
712.21	4537.27
712.40	4380.61
712.59	5372.85
712.79	5944.23
712.98	4191.17
713.17	5262.26
713.37	3455.95
713.56	3313.61
713.75	3573.71
713.94	4344.77
714.14	3889.09
714.33	5023.67
714.52	3740.61
714.71	3507.15
714.91	4410.30
715.10	5512.11
715.29	3808.20
715.48	3634.12
715.68	4963.25
715.87	3495.88
716.06	4984.76
716.25	3673.03
716.45	4530.11
716.64	4164.54
716.83	4176.83
717.02	4872.12
717.21	4284.35
717.41	5627.82
717.60	5564.33
717.79	3444.68
717.98	3837.89
718.18	3678.15
718.37	3348.43
718.56	6308.77
718.75	5201.84
718.94	4429.76
719.14	2739.16
719.33	4516.80
719.52	4421.56
719.71	4085.70
719.91	3648.46
720.10	6145.95
720.29	3673.03
720.48	3305.42
720.67	4513.72
720.87	5875.62
721.06	2985.94
721.25	4517.82
721.44	3656.65
721.63	3972.04
721.83	5157.81
722.02	2863.06
722.21	4958.13
722.40	4353.98
722.59	4377.53
722.79	3988.42
722.98	5214.13
723.17	3038.16
723.36	3654.60
723.55	3043.28
723.74	3216.33
723.94	4235.20
724.13	3560.39
724.32	3849.16
724.51	4170.69
724.70	3898.31
724.90	3773.38
725.09	5190.58
725.28	4682.68
725.47	4341.69
725.66	4152.26
725.85	3725.26
726.05	5196.72
726.24	4399.04
726.43	4376.51
726.62	5056.43
726.81	3679.18
727.00	3552.20
727.20	4634.55
727.39	4244.42
727.58	3898.31
727.77	3356.62
727.96	3807.17
728.15	5741.48
728.34	4345.79
728.54	3947.46
728.73	4785.08
728.92	4372.41
729.11	4156.35
729.30	3963.84
729.49	5065.65
729.68	4012.99
729.88	3761.09
730.07	4143.04
730.26	4091.84
730.45	4978.61
730.64	5542.83
730.83	4432.83
731.02	3204.05
731.21	3993.54
731.41	4508.60
731.60	3324.88
731.79	4821.94
731.98	5130.16
732.17	4566.97
732.36	3320.78
732.55	3557.32
732.74	5196.72
732.93	4869.05
733.13	4063.17
733.32	4722.62
733.51	3343.31
733.70	5779.37
733.89	4867.00
734.08	4719.54
734.27	3246.03
734.46	5230.51
734.65	3459.02
734.85	4561.85
735.04	3947.46
735.23	5487.53
735.42	4372.41
735.61	2583.51
735.80	3716.04
735.99	5415.85
736.18	7490.45
736.37	3318.73
736.56	5174.19
736.75	4053.95
736.94	4228.03
737.14	3293.13
737.33	3520.46
737.52	3270.61
737.71	4181.95
737.90	4386.75
738.09	5103.54
738.28	4660.15
738.47	4726.71
738.66	4933.56
738.85	4920.24
739.04	4714.42
739.23	4735.93
739.42	2991.06
739.61	3522.51
739.80	3309.52
740.00	4115.39
740.19	3581.90
740.38	3471.31
740.57	3798.98
740.76	3284.94
740.95	4144.06
741.14	4701.11
741.33	6472.61
741.52	4091.84
741.71	3036.11
741.90	5100.47
742.09	4908.98
742.28	4437.95
742.47	3174.35
742.66	3928.00
742.85	3482.57
743.04	3134.42
743.23	4633.53
743.42	4308.93
743.61	3988.42
743.80	3223.50
743.99	2532.31
744.18	4172.74
744.37	3809.22
744.56	3524.55
744.75	3005.39
744.94	4433.85
745.13	3981.25
745.32	2566.10
745.51	4080.58
745.71	5070.77
745.90	4147.14
746.09	3653.58
746.28	4182.98
746.47	4737.98
746.66	4099.01
746.85	4804.53
747.04	3686.34
747.23	4267.97
747.42	6015.91
747.61	2652.12
747.80	5710.76
747.99	3623.88
748.18	3241.93
748.36	3406.80
748.55	6002.60
748.74	5087.15
748.93	4802.49
749.12	3812.29
749.31	4287.42
749.50	3445.71
749.69	5229.49
749.88	4136.90
750.07	2773.97
750.26	5458.86
750.45	3100.62
750.64	2661.34
750.83	3874.76
751.02	3630.02
751.21	4531.13
751.40	4492.22
751.59	4382.65
751.78	5099.44
751.97	4387.77
752.16	4276.16
752.35	3877.83
752.54	4633.53
752.73	4894.65
752.92	3880.90
753.11	4767.67
753.30	3530.70
753.49	3345.36
753.68	5098.42
753.87	3726.28
754.05	4164.54
754.24	4039.62
754.43	5156.79
754.62	3275.73
754.81	6802.33
755.00	5543.85
755.19	3731.40
755.38	4589.50
755.57	5239.73
755.76	5805.99
755.95	4690.87
756.14	2997.20
756.33	4791.22
756.52	4747.19
756.70	4435.90
756.89	4293.57
757.08	4567.99
757.27	4318.14
757.46	3616.71
757.65	3190.74
757.84	3839.94
758.03	3950.53
758.22	3465.16
758.41	4001.73
758.60	3290.06
758.79	4015.04
758.97	4850.61
759.16	5214.13
759.35	4122.56
759.54	4875.19
759.73	3636.17
759.92	3228.62
760.11	3526.60
760.30	4497.34
760.49	4072.39
760.67	3853.25
760.86	4545.47
761.05	6315.94
761.24	3393.48
761.43	3013.59
761.62	4067.27
761.81	4223.94
762.00	4977.59
762.19	3591.11
762.37	4429.76
762.56	5472.17
762.75	2928.60
762.94	4160.45
763.13	3706.82
763.32	4483.00
763.51	3034.07
763.70	3437.52
763.88	5425.07
764.07	4888.50
764.26	4095.94
764.45	3030.99
764.64	4348.86
764.83	5705.64
765.02	3834.82
765.20	4277.18
765.39	5275.57
765.58	5951.40
765.77	4937.65
765.96	6350.75
766.15	4240.32
766.33	4329.41
766.52	5262.26
766.71	4137.92
766.90	5633.96
767.09	4084.67
767.28	2729.94
767.46	3674.06
767.65	3755.97
767.84	4716.47
768.03	3446.73
768.22	3187.66
768.41	3196.88
768.59	3933.12
768.78	3592.14
768.97	4429.76
769.16	5401.52
769.35	3250.13
769.54	4518.84
769.72	4383.68
769.91	4446.14
770.10	6417.31
770.29	3581.90
770.48	4725.69
770.66	4813.75
770.85	4854.71
771.04	4733.88
771.23	3322.83
771.42	5552.04
771.60	5479.34
771.79	3972.04
771.98	4463.55
772.17	5002.16
772.36	5811.11
772.54	3403.72
772.73	3909.57
772.92	4727.74
773.11	4047.81
773.30	3829.70
773.48	3385.29
773.67	3997.64
773.86	4370.37
774.05	3484.62
774.23	5104.56
774.42	5214.13
774.61	5706.66
774.80	3950.53
774.99	3410.89
775.17	4766.65
775.36	5255.09
775.55	3964.87
775.74	4083.65
775.92	5576.62
776.11	4677.56
776.30	5789.61
776.49	3778.50
776.67	4491.20
776.86	3424.20
777.05	3956.68
777.24	3817.41
777.42	4431.80
777.61	3568.59
777.80	5522.35
777.99	4102.08
778.17	4101.06
778.36	4905.91
778.55	3991.49
778.74	4838.33
778.92	4413.37
779.11	5217.20
779.30	4372.41
779.49	4314.05
779.67	4967.35
779.86	4558.78
780.05	3551.18
780.24	3544.01
780.42	5278.64
780.61	4701.11
780.80	4759.48
780.98	3488.71
781.17	4298.69
781.36	4358.08
781.55	5232.56
781.73	3728.33
781.92	5514.16
782.11	4815.80
782.29	4364.22
782.48	4281.28
782.67	5476.27
782.86	5705.64
783.04	4365.25
783.23	4154.30
783.42	5053.36
783.60	6174.63
783.79	4825.01
783.98	4430.78
784.16	4978.61
784.35	4981.68
784.54	5373.87
784.73	4207.55
784.91	4644.79
785.10	4515.77
785.29	4470.72
785.47	5791.66
785.66	5843.88
785.85	4532.15
786.03	4747.19
786.22	3835.85
786.41	5428.14
786.59	5795.75
786.78	4063.17
786.97	4448.19
787.15	5871.53
787.34	5799.85
787.53	4668.34
787.71	5528.49
787.90	5335.98
788.09	5619.63
788.27	5561.26
788.46	5042.10
788.65	5460.91
788.83	5799.85
789.02	4004.80
789.21	4094.91
789.39	4373.44
789.58	6346.66
789.77	4679.61
789.95	4229.06
790.14	6757.27
790.33	5608.36
790.51	4469.69
790.70	6362.01
790.88	5375.92
791.07	5481.39
791.26	7344.02
791.44	5444.52
791.63	4990.90
791.82	6320.03
792.00	4747.19
792.19	5679.02
792.38	7068.56
792.56	6092.71
792.75	6178.72
792.93	6774.68
793.12	6634.39
793.31	6313.89
793.49	6721.43
793.68	5366.70
793.86	5745.58
794.05	7651.21
794.24	5462.96
794.42	5946.28
794.61	5904.29
794.80	6249.38
794.98	6301.60
795.17	5666.73
795.35	6671.26
795.54	6629.27
795.73	6609.82
795.91	8612.73
796.10	7143.32
796.28	7863.18
796.47	5318.57
796.66	5645.23
796.84	8865.66
797.03	6477.73
797.21	5244.85
797.40	6589.34
797.58	7402.38
797.77	6746.01
797.96	6886.29
798.14	8627.07
798.33	8409.98
798.51	7283.60
798.70	5748.65
798.88	6774.68
799.07	6795.16
799.26	6770.58
799.44	7174.03
799.63	7108.50
799.81	6506.40
800.00	7211.92
800.18	7773.07
800.37	6913.94
800.56	6865.82
800.74	7389.07
800.93	6860.70
801.11	6901.65
801.30	8071.04
801.48	7281.55
801.67	7692.17
801.85	7920.52
802.04	8077.19
802.22	7251.86
802.41	7875.46
802.60	7989.13
802.78	7252.88
802.97	7267.22
803.15	8025.99
803.34	8083.33
803.52	8333.18
803.71	8328.06
803.89	6900.63
804.08	9554.80
804.26	8972.15
804.45	8377.22
804.63	7834.50
804.82	8315.78
805.00	7739.27
805.19	9957.22
805.37	7607.18
805.56	7958.41
805.74	10066.79
805.93	8571.77
806.11	8777.59
806.30	7921.54
806.48	8563.58
806.67	9155.44
806.85	8615.80
807.04	8510.33
807.22	9088.89
807.41	8981.37
807.59	9673.58
807.78	8342.40
807.96	9885.55
808.15	8775.55
808.33	9675.63
808.52	10701.66
808.70	9352.05
808.89	10266.47
809.07	10912.60
809.26	9150.32
809.44	8978.30
809.63	10294.11
809.81	9214.84
810.00	10013.54
810.18	9893.74
810.37	9358.19
810.55	10011.50
810.74	9929.58
810.92	11126.61
811.11	11451.22
811.29	8630.14
811.48	9506.67
811.66	10161.00
811.84	9249.65
812.03	10489.70
812.21	10363.75
812.40	10124.13
812.58	9451.38
812.77	11064.15
812.95	9847.66
813.14	10348.39
813.32	10198.88
813.51	10755.93
813.69	10756.96
813.87	10313.57
814.06	10952.54
814.24	10729.31
814.43	10050.41
814.61	11135.83
814.80	12116.81
814.98	10338.15
815.16	11307.86
815.35	12489.54
815.53	13824.81
815.72	11414.35
815.90	10895.19
816.09	11562.83
816.27	12070.73
816.45	11944.78
816.64	11603.79
816.82	13634.35
817.01	11445.07
817.19	11001.69
817.37	12290.88
817.56	13096.76
817.74	11292.50
817.93	13259.57
818.11	11819.85
818.30	12246.85
818.48	11979.59
818.66	12969.79
818.85	12318.53
819.03	13052.73
819.21	12981.05
819.40	13447.99
819.58	15409.94
819.77	12904.25
819.95	13205.30
820.13	14916.38
820.32	12368.71
820.50	14588.71
820.69	14741.28
820.87	13312.82
821.05	12859.20
821.24	13588.27
821.42	14084.91
821.60	13105.98
821.79	15231.77
821.97	14553.89
822.16	15469.33
822.34	13524.79
822.52	14471.97
822.71	15523.60
822.89	15275.80
823.07	14392.10
823.26	13625.14
823.44	14140.20
823.62	14106.41
823.81	14936.86
823.99	13716.27
824.18	15306.52
824.36	14875.42
824.54	15355.67
824.73	15902.48
824.91	16874.24
825.09	15943.44
825.28	16633.60
825.46	16717.57
825.64	16301.83
825.83	15760.14
826.01	15878.93
826.19	15629.07
826.38	15851.28
826.56	16202.50
826.74	15188.76
826.93	16045.84
827.11	16166.67
827.29	16680.71
827.48	16090.89
827.66	16699.14
827.84	16442.12
828.03	16502.53
828.21	15657.75
828.39	15704.85
828.57	18374.38
828.76	17851.12
828.94	16208.65
829.12	18721.51
829.31	17220.35
829.49	17104.64
829.67	16465.67
829.86	17279.74
830.04	17677.04
830.22	17819.38
830.40	16480.00
830.59	17913.58
830.77	17737.46
830.95	18538.21
831.14	19732.18
831.32	17359.61
831.50	17966.83
831.69	18700.00
831.87	19418.84
832.05	17856.24
832.23	18369.26
832.42	19320.54
832.60	18238.19
832.78	18025.20
832.96	25956.98
833.15	19590.87
833.33	17946.35
833.51	20586.18
833.70	18957.02
833.88	19234.52
834.06	19310.30
834.24	18960.09
834.43	20616.90
834.61	19503.83
834.79	19947.22
834.97	21440.18
835.16	19961.55
835.34	20062.93
835.52	20390.60
835.70	19690.20
835.89	19783.38
836.07	21028.54
836.25	20597.45
836.43	19112.67
836.62	20181.71
836.80	21040.83
836.98	19845.84
837.16	19921.62
837.34	20406.98
837.53	21618.36
837.71	20561.61
837.89	22343.34
838.07	20821.70
838.26	21755.57
838.44	21310.14
838.62	23380.64
838.80	21179.07
838.99	21710.52
839.17	20918.98
839.35	21930.67
839.53	21651.13
839.71	22849.19
839.90	21186.24
840.08	21988.02
840.26	22896.29
840.44	22260.40
840.62	22853.28
840.81	20717.25
840.99	24400.52
841.17	21880.50
841.35	22589.10
841.53	21797.56
841.72	23997.07
841.90	23157.41
842.08	21876.40
842.26	21882.55
842.44	23283.36
842.63	24285.84
842.81	24303.25
842.99	23562.90
843.17	24271.50
843.35	23816.85
843.53	24694.41
843.72	23735.96
843.90	23959.19
844.08	23197.34
844.26	23674.52
844.44	24041.11
844.62	25679.48
844.81	25369.21
844.99	25920.12
845.17	23929.49
845.35	25105.02
845.53	25001.60
845.71	34944.49
845.90	24911.49
846.08	24906.37
846.26	25031.30
846.44	24417.93
846.62	25633.40
846.80	25621.11
846.98	26036.85
847.17	30849.58
847.35	28089.94
847.53	26792.55
847.71	27106.91
847.89	28302.93
848.07	25827.96
848.25	26904.17
848.44	26310.25
848.62	27726.42
848.80	26862.18
848.98	27814.49
849.16	27880.02
849.34	28674.63
849.52	27876.95
849.70	28368.46
849.89	28894.79
850.07	28918.34
850.25	29166.15
850.43	28814.92
850.61	29078.08
850.79	28901.96
850.97	28720.71
851.15	30255.67
851.33	29407.81
851.52	29363.78
851.70	31236.64
851.88	31058.47
852.06	29500.99
852.24	29762.11
852.42	31347.23
852.60	32005.66
852.78	32460.30
852.96	30975.53
853.14	30601.77
853.33	32716.30
853.51	31079.97
853.69	31383.07
853.87	31633.95
854.05	31723.04
854.23	30414.38
854.41	30920.23
854.59	31437.34
854.77	32462.35
854.95	31841.82
855.13	31998.49
855.31	32430.61
855.49	31984.15
855.68	32046.61
855.86	31621.66
856.04	34350.58
856.22	32414.23
856.40	32732.68
856.58	32205.33
856.76	33596.93
856.94	32310.80
857.12	33295.88
857.30	31546.91
857.48	32691.73
857.66	32965.13
857.84	36007.39
858.02	32237.08
858.20	34180.60
858.38	32867.85
858.56	32520.72
858.74	31988.25
858.92	31904.28
859.10	33039.88
859.29	33128.97
859.47	31923.74
859.65	33565.18
859.83	32169.49
860.01	32354.83
860.19	31260.20
860.37	32369.17
860.55	32456.21
860.73	30983.72
860.91	31139.36
861.09	32802.32
861.27	31844.89
861.45	32079.38
861.63	30942.76
861.81	31803.93
861.99	30616.11
862.17	30162.48
862.35	30126.64
862.53	29831.74
862.71	30998.06
862.89	29414.98
863.07	29486.65
863.25	29936.18
863.43	29528.64
863.61	30091.83
863.79	29661.76
863.97	28984.90
864.15	28832.33
864.33	27611.74
864.51	26788.46
864.69	26362.48
864.87	27556.44
865.05	26375.79
865.23	26832.49
865.41	25567.87
865.59	27029.09
865.77	25260.67
865.95	25238.14
866.13	23727.77
866.30	24417.93
866.48	23555.74
866.66	24007.31
866.84	23107.23
867.02	22923.94
867.20	22578.86
867.38	22067.89
867.56	21813.94
867.74	23104.16
867.92	21938.87
868.10	20864.71
868.28	20220.62
868.46	21080.77
868.64	20981.44
868.82	19531.48
869.00	19565.27
869.18	18684.64
869.36	20733.64
869.54	19142.36
869.72	18908.90
869.89	18132.72
870.07	17671.92
870.25	17359.61
870.43	17704.69
870.61	15844.11
870.79	16774.91
870.97	15237.91
871.15	16515.84
871.33	17867.50
871.51	15161.11
871.69	16150.28
871.87	15246.10
872.05	15752.98
872.22	15019.80
872.40	12969.79
872.58	13715.25
872.76	14611.23
872.94	14179.11
873.12	12529.47
873.30	11402.07
873.48	13116.22
873.66	12490.56
873.84	12453.70
874.01	12456.77
874.19	11755.34
874.37	11459.41
874.55	11004.76
874.73	11433.81
874.91	12848.96
875.09	10597.21
875.27	9674.60
875.45	10365.79
875.62	10751.84
875.80	10063.72
875.98	9497.46
876.16	9955.18
876.34	10836.83
876.52	9092.98
876.70	11294.55
876.88	8674.17
877.05	9634.67
877.23	9352.05
877.41	8674.17
877.59	11084.63
877.77	9445.23
877.95	7989.13
878.13	7676.81
878.30	7820.17
878.48	8720.25
878.66	8658.81
878.84	8479.61
879.02	7131.03
879.20	8533.89
879.37	8208.26
879.55	7883.66
879.73	8440.70
879.91	7508.88
880.09	7948.17
880.27	9260.91
880.45	7242.64
880.62	7260.05
880.80	7426.96
880.98	6880.15
881.16	6833.05
881.34	6631.32
881.51	6523.80
881.69	6305.70
881.87	6524.83
882.05	6654.87
882.23	6003.62
882.41	6307.74
882.58	6391.71
882.76	6662.04
882.94	6145.95
883.12	7350.16
883.30	6734.75
883.47	7196.56
883.65	6550.43
883.83	6529.95
884.01	5618.60
884.19	6012.84
884.36	5998.50
884.54	4966.32
884.72	6332.32
884.90	5426.09
885.08	7188.37
885.25	9931.62
885.43	6059.94
885.61	5783.46
885.79	5830.57
885.97	7252.88
886.14	6850.46
886.32	5623.72
886.50	7240.59
886.68	5864.36
886.85	5043.12
887.03	6866.84
887.21	5952.42
887.39	5445.55
887.56	6603.68
887.74	5189.55
887.92	5677.99
888.10	5431.21
888.27	5715.88
888.45	6277.02
888.63	6494.11
888.81	5255.09
888.99	4855.73
889.16	4770.74
889.34	4716.47
889.52	4429.76
889.69	5518.25
889.87	6152.10
890.05	5175.22
890.23	4570.04
890.40	4410.30
890.58	5198.77
890.76	5356.46
890.94	4617.15
891.11	4469.69
891.29	5813.16
891.47	4489.15
891.65	5967.78
891.82	6328.22
892.00	4243.39
892.18	5614.51
892.35	5180.34
892.53	5066.67
892.71	6075.30
892.89	5769.13
893.06	5467.05
893.24	4933.56
893.42	3985.35
893.59	4661.18
893.77	3924.93
893.95	4798.39
894.13	3817.41
894.30	5851.05
894.48	4478.91
894.66	7156.63
894.83	4532.15
895.01	5315.50
895.19	6138.79
895.36	4535.23
895.54	6251.42
895.72	4821.94
895.89	4472.76
896.07	4459.45
896.25	5312.43
896.43	4422.59
896.60	5668.78
896.78	4511.68
896.96	5225.39
897.13	5453.74
897.31	3916.74
897.49	4847.54
897.66	5790.63
897.84	4697.02
898.02	5628.84
898.19	4832.18
898.37	4003.78
898.55	5063.60
898.72	5166.00
898.90	5533.61
899.07	4835.25
899.25	5120.95
899.43	5812.14
899.60	7016.34
899.78	3913.67
899.96	3375.05
900.13	4310.97
900.31	5109.68
900.49	4092.87
900.66	6282.14
900.84	5502.89
901.02	5773.22
901.19	5384.11
901.37	4169.66
901.54	5415.85
901.72	3582.92
901.90	4648.89
902.07	4652.99
902.25	4704.18
902.43	4253.63
902.60	5999.52
902.78	3779.53
902.95	4703.16
903.13	4478.91
903.31	4277.18
903.48	4550.59
903.66	4617.15
903.83	4988.85
904.01	4502.46
904.19	4295.61
904.36	4742.07
904.54	3685.32
904.71	5082.03
904.89	4058.05
905.07	4777.91
905.24	4378.56
905.42	4688.82
905.59	5709.74
905.77	4882.36
905.95	5197.74
906.12	4165.57
906.30	4700.09
906.47	5441.45
906.65	6286.24
906.82	5192.62
907.00	5669.80
907.18	3255.25
907.35	3964.87
907.53	4772.79
907.70	4896.69
907.88	4383.68
908.05	9835.37
908.23	5007.28
908.41	5215.15
908.58	4301.76
908.76	3379.15
908.93	5779.37
909.11	5223.34
909.28	4285.37
909.46	4531.13
909.63	5050.29
909.81	5551.02
909.99	4813.75
910.16	3726.28
910.34	3783.62
910.51	5328.81
910.69	5152.69
910.86	3728.33
911.04	4518.84
911.21	3408.84
911.39	6300.58
911.56	3734.47
911.74	4480.96
911.91	4975.54
912.09	4437.95
912.26	3668.94
912.44	3216.33
912.62	4162.50
912.79	4007.87
912.97	5021.62
913.14	6076.32
913.32	5157.81
913.49	4017.09
913.67	4874.17
913.84	3037.14
914.02	4231.10
914.19	4184.00
914.37	4541.37
914.54	4050.88
914.72	3360.72
914.89	3541.96
915.07	5842.85
915.24	3757.00
915.42	3866.56
915.59	3667.91
915.77	5737.38
915.94	6241.18
916.12	6676.38
916.29	4265.92
916.46	4575.16
916.64	3852.23
916.81	5991.33
916.99	4973.49
917.16	3787.72
917.34	5766.06
917.51	5414.83
917.69	3858.37
917.86	3194.83
918.04	4044.74
918.21	6135.71
918.39	4849.59
918.56	4389.82
918.74	3538.89
918.91	6088.61
919.08	3321.81
919.26	5309.36
919.43	4446.14
919.61	4490.17
919.78	4147.14
919.96	5665.71
920.13	5544.88
920.31	4498.36
920.48	4571.07
920.65	4033.47
920.83	5992.36
921.00	4846.52
921.18	3729.35
921.35	4906.93
921.53	4267.97
921.70	3754.95
921.88	3949.51
922.05	4159.42
922.22	3493.83
922.40	4373.44
922.57	4273.09
922.75	3110.86
922.92	4470.72
923.09	4672.44
923.27	3804.10
923.44	5902.25
923.62	3582.92
923.79	5667.75
923.96	4027.33
924.14	3124.18
924.31	5070.77
924.49	4483.00
924.66	3874.76
924.83	4725.69
925.01	3599.31
925.18	6552.48
925.36	5322.67
925.53	4012.99
925.70	3723.21
925.88	3680.20
926.05	5378.99
926.23	4905.91
926.40	4757.43
926.57	4356.03
926.75	4362.17
926.92	3620.81
927.09	4976.56
927.27	3285.97
927.44	5278.64
927.62	4101.06
927.79	5344.17
927.96	3794.89
928.14	3171.28
928.31	4812.73
928.48	5744.55
928.66	4133.82
928.83	3199.95
929.00	3916.74
929.18	4122.56
929.35	4289.47
929.52	5335.98
929.70	4701.11
929.87	3827.65
930.05	3746.76
930.22	3736.52
930.39	4673.46
930.57	3432.40
930.74	6056.87
930.91	3704.78
931.09	5718.95
931.26	4859.83
931.43	5229.49
931.61	2777.05
931.78	4357.05
931.95	4841.40
932.12	5652.39
932.30	3529.67
932.47	5440.43
932.64	3585.99
932.82	3105.74
932.99	4192.19
933.16	4158.40
933.34	4144.06
933.51	4912.05
933.68	4100.03
933.86	4428.73
934.03	4148.16
934.20	3900.36
934.38	4826.04
934.55	3585.99
934.72	5957.54
934.89	5548.97
935.07	3443.66
935.24	4611.00
935.41	4304.83
935.59	4258.75
935.76	4052.93
935.93	4280.25
936.10	3890.12
936.28	4516.80
936.45	3935.17
936.62	4282.30
936.79	5505.96
936.97	4438.97
937.14	4058.05
937.31	4850.61
937.49	3693.51
937.66	5176.24
937.83	5539.76
938.00	5049.27
938.18	5764.01
938.35	5378.99
938.52	4089.79
938.69	4169.66
938.87	4509.63
939.04	4925.36
939.21	4401.08
939.38	4200.38
939.56	4154.30
939.73	3111.89
939.90	3958.72
940.07	3621.83
940.25	4258.75
940.42	4464.57
940.59	4481.98
940.76	4044.74
940.94	3894.21
941.11	3934.15
941.28	4362.17
941.45	4985.78
941.62	4405.18
941.80	3672.01
941.97	4814.77
942.14	3942.34
942.31	5741.48
942.48	3796.93
942.66	4321.21
942.83	5184.43
943.00	3072.98
943.17	5279.66
943.35	5043.12
943.52	4252.61
943.69	3309.52
943.86	4089.79
944.03	3339.21
944.21	6367.13
944.38	3893.19
944.55	4723.64
944.72	4394.94
944.89	3990.47
945.06	3753.93
945.24	3960.77
945.41	6570.91
945.58	5027.76
945.75	5104.56
945.92	4197.31
946.10	5671.85
946.27	3203.02
946.44	4382.65
946.61	3636.17
946.78	5213.10
946.95	3311.57
947.13	3127.25
947.30	4530.11
947.47	4190.14
947.64	4688.82
947.81	5682.09
947.98	4775.86
948.16	4699.06
948.33	3898.31
948.50	4043.71
948.67	4487.10
948.84	5004.21
949.01	3891.14
949.18	4522.94
949.36	5704.62
949.53	4039.62
949.70	4671.42
949.87	5028.79
950.04	3940.29
950.21	4462.52
950.38	3535.82
950.56	4238.27
950.73	4474.81
950.90	4293.57
951.07	4892.60
951.24	4601.79
951.41	4191.17
951.58	4124.61
951.75	4889.53
951.92	3521.48
952.10	4216.77
952.27	3256.27
952.44	5024.69
952.61	7680.91
952.78	4386.75
952.95	3308.49
953.12	5234.61
953.29	4488.12
953.46	4442.04
953.64	5111.73
953.81	3839.94
953.98	4469.69
954.15	4552.63
954.32	4163.52
954.49	3520.46
954.66	4637.63
954.83	4495.29
955.00	3680.20
955.17	4835.25
955.34	3868.61
955.51	4184.00
955.69	7697.29
955.86	4689.85
956.03	3519.43
956.20	4944.82
956.37	4891.57
956.54	3548.11
956.71	4558.78
956.88	4302.78
957.05	4358.08
957.22	3834.82
957.39	4887.48
957.56	4383.68
957.73	3647.43
957.90	3660.74
958.07	5470.12
958.24	4948.92
958.41	3967.94
958.59	4911.03
958.76	5132.21
958.93	6151.07
959.10	3900.36
959.27	3912.64
959.44	5385.13
959.61	3891.14
959.78	4471.74
959.95	3829.70
960.12	5351.34
960.29	5367.73
960.46	4018.11
960.63	2942.93
960.80	4017.09
960.97	4689.85
961.14	3447.76
961.31	4458.43
961.48	5473.20
961.65	5298.10
961.82	4531.13
961.99	4447.16
962.16	3749.83
962.33	4255.68
962.50	4474.81
962.67	3951.56
962.84	4905.91
963.01	3655.62
963.18	3534.79
963.35	3621.83
963.52	4972.47
963.69	4023.23
963.86	5476.27
964.03	5271.47
964.20	5839.78
964.37	5170.10
964.54	4964.28
964.71	4242.37
964.88	4341.69
965.05	4221.89
965.22	4064.19
965.39	4987.83
965.56	3394.51
965.73	4353.98
965.90	5085.11
966.07	3823.56
966.24	4001.73
966.41	4461.50
966.58	3996.61
966.74	5409.71
966.91	5889.96
967.08	6596.51
967.25	3538.89
967.42	3938.24
967.59	5925.80
967.76	4003.78
967.93	4529.08
968.10	3785.67
968.27	4570.04
968.44	4418.49
968.61	4177.86
968.78	3474.38
968.95	4022.21
969.12	4802.49
969.29	4754.36
969.46	3650.50
969.62	4856.76
969.79	3752.90
969.96	3074.00
970.13	3767.24
970.30	5079.99
970.47	4701.11
970.64	5188.53
970.81	4891.57
970.98	4149.18
971.15	4690.87
971.32	3350.48
971.49	5074.87
971.65	4971.44
971.82	4877.24
971.99	4432.83
972.16	4982.71
972.33	3932.10
972.50	3887.04
972.67	4594.62
972.84	4224.96
973.01	3795.91
973.17	5044.15
973.34	5124.02
973.51	5333.93
973.68	3873.73
973.85	4220.86
974.02	4039.62
974.19	3937.22
974.36	4818.87
974.53	5124.02
974.69	4847.54
974.86	3837.89
975.03	5243.82
975.20	4043.71
975.37	4816.82
975.54	4949.94
975.71	5122.99
975.87	4905.91
976.04	5382.06
976.21	4649.91
976.38	4468.67
976.55	4020.16
976.72	3725.26
976.89	5055.41
977.05	4590.52
977.22	6063.01
977.39	3480.52
977.56	5236.66
977.73	4502.46
977.90	3380.17
978.06	4577.21
978.23	4314.05
978.40	3759.05
978.57	5619.63
978.74	4704.18
978.91	5347.25
979.07	3845.06
979.24	5528.49
979.41	4518.84
979.58	4853.69
979.75	4951.99
979.91	3271.63
980.08	3022.80
980.25	4578.23
980.42	4739.00
980.59	4192.19
980.75	3981.25
980.92	4182.98
981.09	4262.85
981.26	5072.82
981.43	5525.42
981.59	4587.45
981.76	4519.87
981.93	4565.95
982.10	4087.75
982.27	3870.66
982.43	3924.93
982.60	3722.18
982.77	3668.94
982.94	4069.31
983.11	3675.08
983.27	3542.99
983.44	4168.64
983.61	4410.30
983.78	6006.69
983.94	5771.18
984.11	3960.77
984.28	4488.12
984.45	5422.00
984.61	3363.79
984.78	3878.85
984.95	3955.65
985.12	4488.12
985.28	5526.44
985.45	3479.50
985.62	3424.20
985.79	3889.09
985.95	4064.19
986.12	3168.21
986.29	4194.24
986.46	5248.94
986.62	5021.62
986.79	4494.27
986.96	3743.69
987.13	4693.94
987.29	5940.13
987.46	4128.70
987.63	4703.16
987.80	3473.35
987.96	6250.40
988.13	4159.42
988.30	3737.54
988.46	3946.44
988.63	5122.99
988.80	3074.00
988.97	3061.71
989.13	4242.37
989.30	4850.61
989.47	2852.82
989.63	2527.19
989.80	5213.10
989.97	4726.71
990.13	3188.69
990.30	5640.11
990.47	4037.57
990.64	3776.45
990.80	3027.92
990.97	3848.13
991.14	3531.72
991.30	4314.05
991.47	3582.92
991.64	3696.58
991.80	4130.75
991.97	4135.87
992.14	2873.30
992.30	6215.59
992.47	4061.12
992.64	3966.92
992.80	3576.78
992.97	2957.27
993.14	5969.83
993.30	8738.68
993.47	3321.81
993.64	3524.55
993.80	5294.00
993.97	3691.46
994.14	3989.44
994.30	5173.17
994.47	4752.31
994.64	3978.18
994.80	4537.27
994.97	3069.91
995.14	5230.51
995.30	4393.92
995.47	4258.75
995.63	4337.60
995.80	4664.25
995.97	6760.34
996.13	3580.87
996.30	3192.78
996.47	4113.35
996.63	6786.97
996.80	6055.84
996.97	4232.13
997.13	3792.84
997.30	5134.26
997.46	3506.12
997.63	4427.71
997.80	5147.57
997.96	4883.38
998.13	3531.72
998.29	3468.24
998.46	4235.20
998.63	3823.56
998.79	3097.55
998.96	4505.53
999.12	5628.84
999.29	4201.41
999.46	3868.61
999.62	5196.72
999.79	4428.73
999.95	4085.70
1000.12	3882.95
1000.29	3220.43
1000.45	4848.57
1000.62	4469.69
1000.78	4003.78
1000.95	3434.44
1001.11	4528.06
1001.28	4351.93
1001.45	3023.83
1001.61	4875.19
1001.78	5001.14
1001.94	5020.60
1002.11	4038.59
1002.27	4889.53
1002.44	5399.47
1002.61	4264.89
1002.77	3652.55
1002.94	3124.18
1003.10	4105.15
1003.27	5096.37
1003.43	3745.73
1003.60	4105.15
1003.76	3731.40
1003.93	5840.81
1004.10	4432.83
1004.26	4699.06
1004.43	4496.32
1004.59	6355.87
1004.76	3293.13
1004.92	3735.50
1005.09	6483.87
1005.25	4819.89
1005.42	3743.69
1005.58	5427.12
1005.75	5092.27
1005.91	4417.47
1006.08	5348.27
1006.24	3056.59
1006.41	3814.34
1006.57	4507.58
1006.74	3739.59
1006.90	3919.81
1007.07	3920.84
1007.23	6196.13
1007.40	3778.50
1007.56	3471.31
1007.73	4236.22
1007.89	4984.76
1008.06	5188.53
1008.22	3912.64
1008.39	4506.56
1008.55	3808.20
1008.72	4258.75
1008.88	3154.90
1009.05	4067.27
1009.21	5070.77
1009.38	2929.62
1009.54	3716.04
1009.71	5675.95
1009.87	5733.29
1010.04	2712.53
1010.20	4113.35
1010.37	3338.19
1010.53	5595.05
1010.70	4164.54
1010.86	2900.95
1011.03	3554.25
1011.19	3433.42
1011.35	4694.97
1011.52	3929.03
1011.68	4111.30
1011.85	3933.12
1012.01	4583.35
1012.18	4343.74
1012.34	3548.11
1012.51	3963.84
1012.67	3860.42
1012.83	4105.15
1013.00	4647.87
1013.16	3387.34
1013.33	3787.72
1013.49	5960.61
1013.66	4665.27
1013.82	6293.41
1013.99	4042.69
1014.15	4460.48
1014.31	5113.78
1014.48	5008.31
1014.64	4579.26
1014.81	4085.70
1014.97	3286.99
1015.13	4936.63
1015.30	4114.37
1015.46	4193.22
1015.63	3672.01
1015.79	3685.32
1015.95	3285.97
1016.12	3356.62
1016.28	4358.08
1016.45	3804.10
1016.61	4051.91
1016.77	3568.59
1016.94	4243.39
1017.10	4666.30
1017.27	4136.90
1017.43	3263.44
1017.59	4452.28
1017.76	5349.29
1017.92	3416.01
1018.09	3360.72
1018.25	5522.35
1018.41	5277.62
1018.58	4070.34
1018.74	3631.05
1018.90	4036.55
1019.07	4899.77
1019.23	3505.10
1019.40	3386.32
1019.56	4878.26
1019.72	3647.43
1019.89	4572.09
1020.05	6367.13
1020.21	5024.69
1020.38	4252.61
1020.54	3419.08
1020.70	4350.91
1020.87	4262.85
1021.03	4898.74
1021.19	3873.73
1021.36	2680.79
1021.52	4910.01
1021.68	6094.76
1021.85	6707.10
1022.01	4441.02
1022.17	4363.20
1022.34	4016.07
1022.50	3894.21
1022.66	4381.63
1022.83	5395.37
1022.99	4715.45
1023.15	3517.39
1023.32	5128.11
1023.48	4577.21
1023.64	4127.68
1023.81	2830.29
1023.97	4524.99
1024.13	4928.44
1024.30	3718.09
1024.46	5001.14
1024.62	4108.23
1024.79	4489.15
1024.95	5342.13
1025.11	3570.63
1025.27	4314.05
1025.44	3707.85
1025.60	4069.31
1025.76	4521.92
1025.93	3616.71
1026.09	4130.75
1026.25	3915.72
1026.41	4392.89
1026.58	2941.91
1026.74	4262.85
1026.90	4942.77
1027.07	4861.88
1027.23	3293.13
1027.39	4566.97
1027.55	4984.76
1027.72	3947.46
1027.88	4962.23
1028.04	4901.81
1028.20	4345.79
1028.37	2498.52
1028.53	4504.51
1028.69	3734.47
1028.85	4956.08
1029.02	4922.29
1029.18	3454.92
1029.34	3591.11
1029.50	4365.25
1029.67	5067.70
1029.83	3592.14
1029.99	4546.49
1030.15	4085.70
1030.32	3665.86
1030.48	4494.27
1030.64	4002.75
1030.80	5120.95
1030.97	4822.97
1031.13	3831.75
1031.29	4998.07
1031.45	5429.17
1031.61	3517.39
1031.78	3526.60
1031.94	5714.86
1032.10	4390.84
1032.26	4628.41
1032.42	4189.12
1032.59	5445.55
1032.75	4218.82
1032.91	3340.24
1033.07	3643.34
1033.24	3604.42
1033.40	6478.75
1033.56	4659.13
1033.72	3453.90
1033.88	4810.68
1034.04	6349.73
1034.21	4680.63
1034.37	4312.00
1034.53	4558.78
1034.69	3979.20
1034.85	3721.16
1035.02	3509.19
1035.18	3477.45
1035.34	4800.44
1035.50	3203.02
1035.66	4368.32
1035.82	4068.29
1035.99	4938.68
1036.15	4175.81
1036.31	5220.27
1036.47	4730.81
1036.63	7331.73
1036.79	6045.60
1036.96	4760.50
1037.12	5335.98
1037.28	3554.25
1037.44	2655.19
1037.60	3590.09
1037.76	4579.26
1037.92	3942.34
1038.09	2698.20
1038.25	5382.06
1038.41	4643.77
1038.57	5184.43
1038.73	4100.03
1038.89	3701.70
1039.05	5315.50
1039.22	4160.45
1039.38	4007.87
1039.54	5781.42
1039.70	5149.62
1039.86	5075.89
1040.02	3306.45
1040.18	3647.43
1040.34	4400.06
1040.51	4279.23
1040.67	8073.09
1040.83	5512.11
1040.99	5495.72
1041.15	5742.50
1041.31	3779.53
1041.47	4938.68
1041.63	4848.57
