345.74	1373.16
345.96	1373.16
346.17	1373.16
346.39	1383.40
346.60	1402.86
346.81	2511.83
347.03	2502.62
347.24	3158.99
347.46	3221.45
347.67	2658.26
347.89	2460.63
348.10	3020.75
348.32	2916.31
348.53	2456.54
348.75	2542.55
348.96	2850.77
349.18	3166.16
349.39	2496.47
349.61	2465.75
349.82	3043.28
350.04	3028.95
350.25	2531.29
350.47	2587.61
350.68	3122.13
350.90	3245.01
351.11	2372.57
351.32	2543.58
351.54	3174.35
351.75	3238.86
351.97	2464.73
352.18	2548.70
352.40	2856.92
352.61	3165.14
352.83	2677.72
353.04	2401.24
353.26	3145.68
353.47	2956.24
353.69	2520.03
353.90	2504.67
354.11	2765.78
354.33	3363.79
354.54	2261.98
354.76	2555.86
354.97	2806.74
355.19	3138.51
355.40	2391.00
355.62	2907.09
355.83	3002.32
356.04	3056.59
356.26	2395.10
356.47	2625.50
356.69	2809.81
356.90	3479.50
357.12	2541.53
357.33	2339.80
357.55	2950.10
357.76	2942.93
357.97	2294.75
358.19	2552.79
358.40	2809.81
358.62	3268.56
358.83	2423.77
359.05	2715.61
359.26	2910.16
359.47	2974.67
359.69	2654.17
359.90	2796.50
360.12	2768.85
360.33	2916.31
360.55	2418.65
360.76	2701.27
360.97	3098.58
361.19	3258.32
361.40	2414.56
361.62	2614.23
361.83	3272.65
362.04	3317.71
362.26	2488.28
362.47	2596.82
362.69	2896.85
362.90	3070.93
363.12	2395.10
363.33	2541.53
363.54	3051.47
363.76	3136.46
363.97	2541.53
364.19	2506.71
364.40	3284.94
364.61	2926.55
364.83	2301.92
365.04	2636.76
365.26	2941.91
365.47	3294.16
365.68	2451.42
365.90	2568.15
366.11	2975.70
366.33	3269.58
366.54	2449.37
366.75	2371.55
366.97	2790.36
367.18	2864.08
367.40	2656.22
367.61	2545.63
367.82	2958.29
368.04	3096.53
368.25	2575.32
368.46	2550.75
368.68	2915.28
368.89	3326.93
369.11	2548.70
369.32	2605.02
369.53	3321.81
369.75	3044.31
369.96	2854.87
370.18	2696.15
370.39	2878.42
370.60	3017.68
370.82	2439.13
371.03	2439.13
371.24	3395.53
371.46	2853.84
371.67	2580.44
371.88	2450.39
372.10	2694.10
372.31	2773.97
372.53	2337.76
372.74	2448.35
372.95	2808.79
373.17	2770.90
373.38	2761.69
373.59	2693.08
373.81	2989.01
374.02	3260.37
374.23	2403.29
374.45	2862.04
374.66	3051.47
374.88	3035.09
375.09	2440.15
375.30	2858.96
375.52	2990.03
375.73	3212.24
375.94	2437.08
376.16	2769.88
376.37	3136.46
376.58	3122.13
376.80	2699.22
377.01	2720.73
377.22	3540.94
377.44	3163.09
377.65	2618.33
377.86	2298.84
378.08	3043.28
378.29	2820.05
378.50	2647.00
378.72	2403.29
378.93	3433.42
379.14	3212.24
379.36	2934.74
379.57	2577.37
379.78	2686.94
380.00	3107.79
380.21	2296.80
380.42	2339.80
380.64	2739.16
380.85	2773.97
381.06	2671.58
381.28	2506.71
381.49	3411.92
381.70	2878.42
381.92	2420.70
382.13	2602.97
382.34	3416.01
382.56	3263.44
382.77	2533.34
382.98	2544.60
383.19	3102.67
383.41	3058.64
383.62	2527.19
383.83	2668.50
384.05	3001.30
384.26	3114.96
384.47	2624.47
384.69	2526.17
384.90	2976.72
385.11	3261.39
385.33	2501.59
385.54	2741.21
385.75	2849.75
385.96	3222.48
386.18	3018.71
386.39	2642.90
386.60	2847.70
386.82	3275.73
387.03	2578.39
387.24	2562.01
387.45	2820.05
387.67	2820.05
387.88	2693.08
388.09	2660.31
388.31	2876.37
388.52	2939.86
388.73	2973.65
388.94	2526.17
389.16	3214.29
389.37	2786.26
389.58	2621.40
389.80	2494.43
390.01	2863.06
390.22	3150.80
390.43	2728.92
390.65	2712.53
390.86	2979.79
391.07	3130.32
391.29	2586.58
391.50	2321.37
391.71	3184.59
391.92	3142.61
392.14	2660.31
392.35	2695.13
392.56	2819.03
392.77	3130.32
392.99	2558.94
393.20	2424.80
393.41	2878.42
393.62	2959.31
393.84	2460.63
394.05	2617.30
394.26	3033.04
394.47	3311.57
394.69	2759.64
394.90	2828.24
395.11	2942.93
395.32	2955.22
395.54	2535.39
395.75	2419.68
395.96	2850.77
396.17	3319.76
396.39	2908.12
396.60	2465.75
396.81	3023.83
397.02	2918.36
397.24	2776.02
397.45	2877.40
397.66	2858.96
397.87	3189.71
398.09	2695.13
398.30	2454.49
398.51	3193.81
398.72	2836.44
398.94	2554.84
399.15	3027.92
399.36	3153.87
399.57	3131.34
399.79	2736.09
400.00	2908.12
400.21	2752.47
400.42	3065.81
400.63	2572.25
400.85	2788.31
401.06	2956.24
401.27	2985.94
401.48	3117.01
401.70	2573.27
401.91	3364.81
402.12	3125.20
402.33	2828.24
402.54	2526.17
402.76	2980.82
402.97	3317.71
403.18	2513.88
403.39	2536.41
403.60	3079.12
403.82	2919.38
404.03	2290.65
404.24	2557.91
404.45	3113.94
404.66	3298.25
404.88	2344.92
405.09	2991.06
405.30	3071.95
405.51	2912.21
405.73	2511.83
405.94	2481.11
406.15	2926.55
406.36	2932.69
406.57	2540.51
406.78	2501.59
407.00	2976.72
407.21	3164.11
407.42	2437.08
407.63	2936.79
407.84	3113.94
408.06	3001.30
408.27	2370.52
408.48	2598.87
408.69	3019.73
408.90	2850.77
409.12	2385.88
409.33	2505.69
409.54	2710.49
409.75	2875.35
409.96	2511.83
410.17	2747.35
410.39	2772.95
410.60	3358.67
410.81	2617.30
411.02	2778.07
411.23	4605.88
411.44	2760.66
411.66	2599.90
411.87	2861.01
412.08	3328.97
412.29	2714.58
412.50	2506.71
412.71	2470.87
412.93	2852.82
413.14	2863.06
413.35	2675.67
413.56	2546.65
413.77	2954.19
413.98	2959.31
414.20	2475.99
414.41	2704.34
414.62	2943.96
414.83	2743.25
415.04	2501.59
415.25	2641.88
415.46	3234.77
415.68	2893.78
415.89	2386.91
416.10	2675.67
416.31	2698.20
416.52	3044.31
416.73	2559.96
416.94	2576.34
417.16	2954.19
417.37	2996.18
417.58	2767.83
417.79	2423.77
418.00	2931.67
418.21	2843.60
418.42	2692.05
418.64	2497.50
418.85	2673.62
419.06	2971.60
419.27	2542.55
419.48	2645.98
419.69	3021.78
419.90	2752.47
420.11	2448.35
420.33	2453.47
420.54	3337.17
420.75	3132.37
420.96	2360.28
421.17	2615.26
421.38	2938.84
421.59	2796.50
421.80	2413.53
422.02	2574.30
422.23	2938.84
422.44	3169.23
422.65	2424.80
422.86	2558.94
423.07	2703.32
423.28	2970.58
423.49	2209.76
423.70	2623.45
423.92	2680.79
424.13	3161.04
424.34	2398.17
424.55	2386.91
424.76	3196.88
424.97	3210.19
425.18	2353.12
425.39	2677.72
425.60	2710.49
425.81	2837.46
426.03	2642.90
426.24	2499.55
426.45	2926.55
426.66	3439.56
426.87	2553.82
427.08	2819.03
427.29	3034.07
427.50	2894.80
427.71	2456.54
427.92	2523.10
428.13	2766.81
428.34	2826.20
428.56	2750.42
428.77	2662.36
428.98	3424.20
429.19	3099.60
429.40	2658.26
429.61	2625.50
429.82	3060.69
430.03	2839.51
430.24	2672.60
430.45	2311.13
430.66	3125.20
430.87	2950.10
431.08	2588.63
431.30	2445.27
431.51	3008.47
431.72	3058.64
431.93	2716.63
432.14	2500.57
432.35	2984.91
432.56	3269.58
432.77	2555.86
432.98	2622.42
433.19	2923.48
433.40	2975.70
433.61	2415.58
433.82	2553.82
434.03	2718.68
434.24	2876.37
434.45	3045.33
434.66	2978.77
434.87	3035.09
435.09	2996.18
435.30	2660.31
435.51	2790.36
435.72	3026.90
435.93	2745.30
436.14	2601.94
436.35	2540.51
436.56	3089.36
436.77	2957.27
436.98	2422.75
437.19	2710.49
437.40	3318.73
437.61	2965.46
437.82	2588.63
438.03	2546.65
438.24	2924.50
438.45	2995.15
438.66	2429.91
438.87	2427.87
439.08	2850.77
439.29	2821.08
439.50	2763.73
439.71	3007.44
439.92	2664.41
440.13	2667.48
440.34	2565.08
440.55	2729.94
440.76	2734.04
440.97	3061.71
441.18	2753.49
441.39	2550.75
441.60	2818.00
441.81	2771.93
442.02	2570.20
442.23	2566.10
442.44	3043.28
442.65	2743.25
442.86	2712.53
443.07	2768.85
443.28	2899.92
443.49	2861.01
443.70	2754.52
443.91	2506.71
444.12	2749.40
444.33	2840.53
444.54	2736.09
444.75	2624.47
444.96	3068.88
445.17	3131.34
445.38	2920.40
445.59	2627.54
445.80	2869.20
446.01	2611.16
446.22	3015.63
446.43	2482.14
446.64	2721.75
446.85	2824.15
447.06	2625.50
447.27	2674.65
447.48	3154.90
447.69	2762.71
447.90	2729.94
448.11	2351.07
448.32	2849.75
448.53	2741.21
448.74	2794.45
448.95	2663.38
449.16	2738.13
449.37	2879.44
449.58	2560.98
449.79	2504.67
450.00	2543.58
450.21	2714.58
450.42	2686.94
450.63	2630.62
450.84	2663.38
451.05	2648.02
451.26	2678.74
451.47	2739.16
451.68	2993.11
451.89	2786.26
452.10	2597.85
452.30	2994.13
452.51	2803.67
452.72	2530.27
452.93	2616.28
453.14	2716.63
453.35	2775.00
453.56	2966.48
453.77	2700.25
453.98	2563.03
454.19	2935.76
454.40	2748.37
454.61	2625.50
454.82	2712.53
455.03	2504.67
455.24	2653.14
455.45	2681.82
455.66	2879.44
455.87	2740.18
456.07	2649.05
456.28	2517.98
456.49	2308.06
456.70	2934.74
456.91	2753.49
457.12	2450.39
457.33	2545.63
457.54	2903.00
457.75	2972.63
457.96	2881.49
458.17	2782.17
458.38	2701.27
458.59	2589.66
458.79	2450.39
459.00	2406.36
459.21	2669.53
459.42	2582.49
459.63	2481.11
459.84	2413.53
460.05	3471.31
460.26	2795.48
460.47	2633.69
460.68	2516.95
460.89	2917.33
461.09	2962.39
461.30	2701.27
461.51	2580.44
461.72	3039.19
461.93	2859.99
462.14	2636.76
462.35	2368.48
462.56	2845.65
462.77	2497.50
462.98	2841.56
463.18	2660.31
463.39	2761.69
463.60	2971.60
463.81	2588.63
464.02	2980.82
464.23	2854.87
464.44	3296.21
464.65	2595.80
464.86	2463.71
465.06	2451.42
465.27	2616.28
465.48	2454.49
465.69	2589.66
465.90	2865.11
466.11	2726.87
466.32	2442.20
466.53	2485.21
466.74	2892.76
466.94	2769.88
467.15	2609.11
467.36	2501.59
467.57	2955.22
467.78	2844.63
467.99	2698.20
468.20	3046.35
468.40	2618.33
468.61	2675.67
468.82	2553.82
469.03	2934.74
469.24	2984.91
469.45	2688.98
469.66	2696.15
469.86	2524.12
470.07	2891.73
470.28	2699.22
470.49	2465.75
470.70	2571.22
470.91	2705.37
471.12	2831.32
471.32	2592.73
471.53	2515.93
471.74	2845.65
471.95	2758.61
472.16	2544.60
472.37	2647.00
472.58	2911.19
472.78	2642.90
472.99	2609.11
473.20	2624.47
473.41	2758.61
473.62	2568.15
473.83	3032.02
474.03	2827.22
474.24	2760.66
474.45	2776.02
474.66	2579.42
474.87	2637.78
475.08	2652.12
475.28	2853.84
475.49	2956.24
475.70	2600.92
475.91	2853.84
476.12	2797.53
476.32	2562.01
476.53	2747.35
476.74	2861.01
476.95	2719.70
477.16	2563.03
477.37	2750.42
477.57	2837.46
477.78	2713.56
477.99	2576.34
478.20	2635.74
478.41	3113.94
478.61	2829.27
478.82	2883.54
479.03	2585.56
479.24	2871.25
479.45	2723.80
479.65	2630.62
479.86	2725.85
480.07	2933.72
480.28	2678.74
480.49	3640.26
480.69	2573.27
480.90	2858.96
481.11	2743.25
481.32	2377.69
481.53	2656.22
481.73	2865.11
481.94	2797.53
482.15	2617.30
482.36	2572.25
482.57	2690.01
482.77	3120.08
482.98	2767.83
483.19	2674.65
483.40	2589.66
483.60	2684.89
483.81	2697.17
484.02	2779.09
484.23	2743.25
484.44	2553.82
484.64	2714.58
484.85	2613.21
485.06	2761.69
485.27	2698.20
485.47	2784.21
485.68	2707.41
485.89	2866.13
486.10	3042.26
486.31	2943.96
486.51	2658.26
486.72	2767.83
486.93	2758.61
487.14	2618.33
487.34	2496.47
487.55	2735.06
487.76	2921.43
487.97	2758.61
488.17	2573.27
488.38	2803.67
488.59	2756.57
488.80	2831.32
489.00	2777.05
489.21	2938.84
489.42	2706.39
489.63	2901.97
489.83	2797.53
490.04	2687.96
490.25	2622.42
490.46	2699.22
490.66	2866.13
490.87	2712.53
491.08	2639.83
491.29	2606.04
491.49	2608.09
491.70	2750.42
491.91	2791.38
492.11	2783.19
492.32	2755.54
492.53	2525.15
492.74	3014.61
492.94	2959.31
493.15	2803.67
493.36	2786.26
493.57	2760.66
493.77	2697.17
493.98	2832.34
494.19	3025.87
494.39	2819.03
494.60	2494.43
494.81	2505.69
495.02	2992.08
495.22	3003.35
495.43	2457.56
495.64	2431.96
495.84	2533.34
496.05	3123.15
496.26	2748.37
496.47	2855.89
496.67	3161.04
496.88	2809.81
497.09	2749.40
497.29	2422.75
497.50	2550.75
497.71	2883.54
497.91	2435.03
498.12	2839.51
498.33	2697.17
498.54	2868.18
498.74	2660.31
498.95	2475.99
499.16	2877.40
499.36	2709.46
499.57	2581.46
499.78	2578.39
499.98	2666.46
500.19	2652.12
500.40	2591.70
500.60	2885.59
500.81	2776.02
501.02	2962.39
501.22	3120.08
501.43	2481.11
501.64	2763.73
501.85	2870.23
502.05	3291.09
502.26	2529.24
502.47	3145.68
502.67	2719.70
502.88	2681.82
503.09	2807.77
503.29	2551.77
503.50	2752.47
503.71	3007.44
503.91	2697.17
504.12	2669.53
504.33	2664.41
504.53	2755.54
504.74	2704.34
504.95	2910.16
505.15	2733.01
505.36	2881.49
505.56	2569.18
505.77	3176.40
505.98	2564.06
506.18	2992.08
506.39	2514.91
506.60	2611.16
506.80	2957.27
507.01	2673.62
507.22	2739.16
507.42	2913.24
507.63	2637.78
507.84	2781.14
508.04	2366.43
508.25	2986.96
508.45	3222.48
508.66	2622.42
508.87	2563.03
509.07	2825.17
509.28	2805.72
509.49	2570.20
509.69	2910.16
509.90	2785.24
510.11	2586.58
510.31	2635.74
510.52	2569.18
510.72	2706.39
510.93	2726.87
511.14	2494.43
511.34	2424.80
511.55	2650.07
511.76	3178.45
511.96	3146.70
512.17	2666.46
512.37	2912.21
512.58	2773.97
512.79	2576.34
512.99	2636.76
513.20	2868.18
513.40	2947.03
513.61	2751.45
513.82	2571.22
514.02	2522.07
514.23	2737.11
514.43	3134.42
514.64	2778.07
514.85	2876.37
515.05	2933.72
515.26	2775.00
515.46	2843.60
515.67	2967.51
515.88	2685.91
516.08	3107.79
516.29	2724.82
516.49	2799.57
516.70	2746.33
516.91	2678.74
517.11	2787.29
517.32	2809.81
517.52	2906.07
517.73	2591.70
517.93	2886.61
518.14	2863.06
518.35	2663.38
518.55	2446.30
518.76	2873.30
518.96	3018.71
519.17	2445.27
519.38	2697.17
519.58	2904.02
519.79	2803.67
519.99	2833.36
520.20	2668.50
520.40	2623.45
520.61	2960.34
520.82	3123.15
521.02	2948.05
521.23	2849.75
521.43	2985.94
521.64	2583.51
521.84	2667.48
522.05	2630.62
522.25	2567.13
522.46	2557.91
522.67	2674.65
522.87	3000.27
523.08	3084.24
523.28	2742.23
523.49	3084.24
523.69	2744.28
523.90	2799.57
524.10	2884.56
524.31	2667.48
524.51	2904.02
524.72	2939.86
524.93	2921.43
525.13	2686.94
525.34	2643.93
525.54	2769.88
525.75	3001.30
525.95	2471.90
526.16	2950.10
526.36	2886.61
526.57	3045.33
526.77	2351.07
526.98	3131.34
527.18	2699.22
527.39	2711.51
527.59	2886.61
527.80	2696.15
528.00	2989.01
528.21	2849.75
528.42	2771.93
528.62	2733.01
528.83	2744.28
529.03	3270.61
529.24	2871.25
529.44	2550.75
529.65	2997.20
529.85	2737.11
530.06	3097.55
530.26	2715.61
530.47	2944.98
530.67	3067.86
530.88	2607.06
531.08	2769.88
531.29	2735.06
531.49	2693.08
531.70	2833.36
531.90	2497.50
532.11	2703.32
532.31	2790.36
532.52	2842.58
532.72	2465.75
532.93	2856.92
533.13	2618.33
533.34	2598.87
533.54	2832.34
533.75	2566.10
533.95	2610.14
534.16	2673.62
534.36	2717.65
534.57	2843.60
534.77	3009.49
534.97	2924.50
535.18	2619.35
535.38	2707.41
535.59	2629.59
535.79	2643.93
536.00	2623.45
536.20	2737.11
536.41	2436.06
536.61	2743.25
536.82	2563.03
537.02	2677.72
537.23	2841.56
537.43	2920.40
537.64	2579.42
537.84	2909.14
538.05	2811.86
538.25	2912.21
538.45	2615.26
538.66	2858.96
538.86	2699.22
539.07	2585.56
539.27	2635.74
539.48	2702.29
539.68	2932.69
539.89	2715.61
540.09	3171.28
540.29	2947.03
540.50	2456.54
540.70	2915.28
540.91	2724.82
541.11	2939.86
541.32	2650.07
541.52	2753.49
541.73	2698.20
541.93	2616.28
542.13	2925.52
542.34	2523.10
542.54	2748.37
542.75	2788.31
542.95	3356.62
543.16	2737.11
543.36	2810.84
543.56	2746.33
543.77	2799.57
543.97	2908.12
544.18	2768.85
544.38	2877.40
544.59	2715.61
544.79	2612.18
544.99	3045.33
545.20	3275.73
545.40	2693.08
545.61	2729.94
545.81	2870.23
546.01	3122.13
546.22	2803.67
546.42	2766.81
546.63	2577.37
546.83	2879.44
547.04	2766.81
547.24	2834.39
547.44	2580.44
547.65	2953.17
547.85	2468.83
548.06	2573.27
548.26	2690.01
548.46	3473.35
548.67	2840.53
548.87	2794.45
549.08	2659.29
549.28	2681.82
549.48	2778.07
549.69	3013.59
549.89	2527.19
550.09	3094.48
550.30	3044.31
550.50	2469.85
550.71	2610.14
550.91	2799.57
551.11	2545.63
551.32	3032.02
551.52	2569.18
551.73	2987.99
551.93	2563.03
552.13	2981.84
552.34	2986.96
552.54	2621.40
552.74	2871.25
552.95	2680.79
553.15	2758.61
553.35	2847.70
553.56	2802.65
553.76	3001.30
553.97	2733.01
554.17	2843.60
554.37	2694.10
554.58	2811.86
554.78	2821.08
554.98	2770.90
555.19	2674.65
555.39	2742.23
555.59	2559.96
555.80	2801.62
556.00	2784.21
556.20	2842.58
556.41	2712.53
556.61	2700.25
556.82	2567.13
557.02	2887.64
557.22	2686.94
557.43	2506.71
557.63	2786.26
557.83	2735.06
558.04	3164.11
558.24	2668.50
558.44	2891.73
558.65	2627.54
558.85	2458.59
559.05	2747.35
559.26	2653.14
559.46	2538.46
559.66	2591.70
559.87	2691.03
560.07	2901.97
560.27	3140.56
560.48	3060.69
560.68	2856.92
560.88	2642.90
561.08	2916.31
561.29	2973.65
561.49	2676.70
561.69	2633.69
561.90	3128.27
562.10	2708.44
562.30	3169.23
562.51	2805.72
562.71	2801.62
562.91	3085.26
563.12	2661.34
563.32	2650.07
563.52	2943.96
563.72	2775.00
563.93	2736.09
564.13	2745.30
564.33	3151.82
564.54	2763.73
564.74	2714.58
564.94	2821.08
565.15	2701.27
565.35	2741.21
565.55	3087.31
565.75	2530.27
565.96	2834.39
566.16	2873.30
566.36	2665.43
566.57	2688.98
566.77	3169.23
566.97	2911.19
567.17	3021.78
567.38	2645.98
567.58	2826.20
567.78	2905.04
567.99	3275.73
568.19	2769.88
568.39	2924.50
568.59	3067.86
568.80	2894.80
569.00	3036.11
569.20	2835.41
569.40	2734.04
569.61	3069.91
569.81	2835.41
570.01	2790.36
570.21	2700.25
570.42	3198.93
570.62	2640.86
570.82	2592.73
571.02	2602.97
571.23	2701.27
571.43	3035.09
571.63	2659.29
571.84	2489.31
572.04	2581.46
572.24	3018.71
572.44	2910.16
572.64	2731.99
572.85	2760.66
573.05	2917.33
573.25	3195.86
573.45	2388.96
573.66	3305.42
573.86	2682.84
574.06	2752.47
574.26	2936.79
574.47	2735.06
574.67	2972.63
574.87	2598.87
575.07	2763.73
575.28	2710.49
575.48	2787.29
575.68	2874.32
575.88	2690.01
576.08	3043.28
576.29	2812.89
576.49	2831.32
576.69	3024.85
576.89	2731.99
577.10	2829.27
577.30	3049.43
577.50	2823.12
577.70	2565.08
577.90	3083.22
578.11	3008.47
578.31	2652.12
578.51	2883.54
578.71	2595.80
578.91	2929.62
579.12	2952.15
579.32	2925.52
579.52	4532.15
579.72	2734.04
579.92	2738.13
580.13	2948.05
580.33	3202.00
580.53	2875.35
580.73	2683.86
580.93	2966.48
581.14	2779.09
581.34	3012.56
581.54	2652.12
581.74	2944.98
581.94	2723.80
582.15	3060.69
582.35	2593.75
582.55	2856.92
582.75	3275.73
582.95	2855.89
583.15	3121.10
583.36	3088.34
583.56	2885.59
583.76	2714.58
583.96	2911.19
584.16	2997.20
584.37	2808.79
584.57	2919.38
584.77	2576.34
584.97	2812.89
585.17	2917.33
585.37	2922.45
585.57	2970.58
585.78	2573.27
585.98	2744.28
586.18	2678.74
586.38	2726.87
586.58	2556.89
586.78	2662.36
586.99	2685.91
587.19	2901.97
587.39	2773.97
587.59	2666.46
587.79	2759.64
587.99	2892.76
588.19	2842.58
588.40	2973.65
588.60	2639.83
588.80	3243.98
589.00	2630.62
589.20	2911.19
589.40	3048.40
589.60	2594.78
589.81	2793.43
590.01	2724.82
590.21	3203.02
590.41	2626.52
590.61	2840.53
590.81	2575.32
591.01	3149.78
591.22	2697.17
591.42	3267.53
591.62	2965.46
591.82	2824.15
592.02	2877.40
592.22	2865.11
592.42	3468.24
592.62	2874.32
592.82	2843.60
593.03	3026.90
593.23	2833.36
593.43	2986.96
593.63	2725.85
593.83	2751.45
594.03	3144.66
594.23	2944.98
594.43	2655.19
594.63	2611.16
594.84	2792.41
595.04	3100.62
595.24	2928.60
595.44	2669.53
595.64	2904.02
595.84	3003.35
596.04	2870.23
596.24	2778.07
596.44	2840.53
596.64	2658.26
596.84	2804.69
597.05	2815.96
597.25	2975.70
597.45	2931.67
597.65	2634.71
597.85	2869.20
598.05	2863.06
598.25	2650.07
598.45	2722.77
598.65	2833.36
598.85	2740.18
599.05	3238.86
599.25	2908.12
599.46	2484.19
599.66	2995.15
599.86	2700.25
600.06	2920.40
600.26	2781.14
600.46	2811.86
600.66	3047.38
600.86	3002.32
601.06	2783.19
601.26	2696.15
601.46	3092.43
601.66	2822.10
601.86	2688.98
602.06	2856.92
602.26	2667.48
602.46	2608.09
602.66	2659.29
602.87	2719.70
603.07	2936.79
603.27	2821.08
603.47	2749.40
603.67	3341.26
603.87	3146.70
604.07	2795.48
604.27	3023.83
604.47	2781.14
604.67	2602.97
604.87	2840.53
605.07	2798.55
605.27	2777.05
605.47	2641.88
605.67	2823.12
605.87	2871.25
606.07	3180.50
606.27	2702.29
606.47	2699.22
606.67	2579.42
606.87	2633.69
607.07	2834.39
607.27	2654.17
607.47	2870.23
607.67	2954.19
607.87	2706.39
608.07	2934.74
608.27	2956.24
608.47	2571.22
608.67	3067.86
608.87	2796.50
609.07	2989.01
609.27	2784.21
609.47	2898.90
609.67	2853.84
609.87	2898.90
610.07	2865.11
610.27	5109.68
610.47	2777.05
610.67	2851.80
610.87	2710.49
611.07	3228.62
611.27	2748.37
611.47	2940.88
611.67	3054.55
611.87	2763.73
612.07	2698.20
612.27	2779.09
612.47	2667.48
612.67	2813.91
612.87	2884.56
613.07	2656.22
613.27	2761.69
613.47	2885.59
613.67	2782.17
613.87	2868.18
614.07	2676.70
614.27	2696.15
614.47	2803.67
614.67	2812.89
614.87	2715.61
615.07	2748.37
615.27	2679.77
615.47	2758.61
615.67	2935.76
615.87	2612.18
616.07	2872.28
616.27	2879.44
616.47	2699.22
616.67	2644.95
616.87	2856.92
617.07	2656.22
617.27	2839.51
617.47	2819.03
617.66	2787.29
617.86	2799.57
618.06	2687.96
618.26	2634.71
618.46	2873.30
618.66	3108.82
618.86	2998.23
619.06	2824.15
619.26	2912.21
619.46	2735.06
619.66	3047.38
619.86	2977.75
620.06	2914.26
620.26	3074.00
620.46	3806.15
620.66	3373.00
620.85	3041.23
621.05	3194.83
621.25	2859.99
621.45	2744.28
621.65	3046.35
621.85	2783.19
622.05	3013.59
622.25	2723.80
622.45	2702.29
622.65	2791.38
622.85	2661.34
623.05	2932.69
623.25	2857.94
623.44	3091.41
623.64	2554.84
623.84	2802.65
624.04	2576.34
624.24	2908.12
624.44	2916.31
624.64	2854.87
624.84	2782.17
625.04	2776.02
625.24	2714.58
625.43	2718.68
625.63	3103.70
625.83	2826.20
626.03	2631.64
626.23	2828.24
626.43	2779.09
626.63	2667.48
626.83	2866.13
627.03	3001.30
627.22	2630.62
627.42	2819.03
627.62	2579.42
627.82	2850.77
628.02	2780.12
628.22	2668.50
628.42	2745.30
628.62	2494.43
628.82	2627.54
629.01	3297.23
629.21	2665.43
629.41	3066.83
629.61	2967.51
629.81	2734.04
630.01	3000.27
630.21	3114.96
630.40	2992.08
630.60	2894.80
630.80	2905.04
631.00	3015.63
631.20	2992.08
631.40	2834.39
631.60	2849.75
631.79	2668.50
631.99	2880.47
632.19	2925.52
632.39	2832.34
632.59	2960.34
632.79	2833.36
632.99	4773.82
633.18	2787.29
633.38	2809.81
633.58	2882.52
633.78	2779.09
633.98	2691.03
634.18	2750.42
634.37	3447.76
634.57	2947.03
634.77	3806.15
634.97	2755.54
635.17	2888.66
635.37	3208.14
635.56	2779.09
635.76	3047.38
635.96	2787.29
636.16	2821.08
636.36	2775.00
636.56	2621.40
636.75	2770.90
636.95	2903.00
637.15	2751.45
637.35	2747.35
637.55	3095.50
637.74	2975.70
637.94	2748.37
638.14	2948.05
638.34	2839.51
638.54	2487.26
638.73	2884.56
638.93	2958.29
639.13	2880.47
639.33	2916.31
639.53	2648.02
639.73	2715.61
639.92	2789.33
640.12	2665.43
640.32	2693.08
640.52	2996.18
640.71	2639.83
640.91	2838.48
641.11	2738.13
641.31	2719.70
641.51	2733.01
641.70	2911.19
641.90	2889.68
642.10	2831.32
642.30	2917.33
642.50	2877.40
642.69	2903.00
642.89	2663.38
643.09	2824.15
643.29	2954.19
643.48	2898.90
643.68	2925.52
643.88	3098.58
644.08	2471.90
644.28	2925.52
644.47	2953.17
644.67	2548.70
644.87	2612.18
645.07	2888.66
645.26	2740.18
645.46	2643.93
645.66	2714.58
645.86	2938.84
646.05	3131.34
646.25	2886.61
646.45	2983.89
646.65	2882.52
646.84	2954.19
647.04	2762.71
647.24	2875.35
647.44	2873.30
647.63	2780.12
647.83	2958.29
648.03	3000.27
648.23	2759.64
648.42	2894.80
648.62	2533.34
648.82	2510.81
649.02	2742.23
649.21	2804.69
649.41	3077.07
649.61	3010.51
649.80	2507.74
650.00	3224.53
650.20	2757.59
650.40	2770.90
650.59	3067.86
650.79	2693.08
650.99	3247.05
651.18	2725.85
651.38	2667.48
651.58	2896.85
651.78	2930.64
651.97	2858.96
652.17	2707.41
652.37	2965.46
652.56	2896.85
652.76	2934.74
652.96	2675.67
653.16	3035.09
653.35	3018.71
653.55	3029.97
653.75	2575.32
653.94	3034.07
654.14	2737.11
654.34	2836.44
654.54	2617.30
654.73	3093.46
654.93	2780.12
655.13	3012.56
655.32	2775.00
655.52	2866.13
655.72	2859.99
655.91	2719.70
656.11	2596.82
656.31	2909.14
656.50	2864.08
656.70	2770.90
656.90	2612.18
657.09	3053.52
657.29	2826.20
657.49	2627.54
657.68	2467.80
657.88	2819.03
658.08	2760.66
658.27	3138.51
658.47	2870.23
658.67	2953.17
658.86	2798.55
659.06	2837.46
659.26	2750.42
659.45	2734.04
659.65	2810.84
659.85	2868.18
660.04	2799.57
660.24	2683.86
660.44	2790.36
660.63	2846.68
660.83	2954.19
661.03	3026.90
661.22	2645.98
661.42	2929.62
661.62	2787.29
661.81	2964.43
662.01	2624.47
662.21	2577.37
662.40	2648.02
662.60	3215.31
662.79	2553.82
662.99	3120.08
663.19	2791.38
663.38	2921.43
663.58	2852.82
663.78	2990.03
663.97	2775.00
664.17	3063.76
664.36	2703.32
664.56	2990.03
664.76	2551.77
664.95	2869.20
665.15	2935.76
665.35	2874.32
665.54	3145.68
665.74	3001.30
665.93	3179.47
666.13	2812.89
666.33	2805.72
666.52	2823.12
666.72	2884.56
666.91	2655.19
667.11	2658.26
667.31	2954.19
667.50	2716.63
667.70	2977.75
667.89	2878.42
668.09	3106.77
668.29	2821.08
668.48	2761.69
668.68	3413.96
668.87	2792.41
669.07	2555.86
669.27	3002.32
669.46	2500.57
669.66	2694.10
669.85	2542.55
670.05	2931.67
670.25	2767.83
670.44	2719.70
670.64	2909.14
670.83	3085.26
671.03	2857.94
671.22	2913.24
671.42	2965.46
671.62	2619.35
671.81	2706.39
672.01	2977.75
672.20	2670.55
672.40	2881.49
672.59	3144.66
672.79	2994.13
672.99	2725.85
673.18	2996.18
673.38	2871.25
673.57	3071.95
673.77	2849.75
673.96	2723.80
674.16	2781.14
674.36	3090.38
674.55	2863.06
674.75	2962.39
674.94	2704.34
675.14	3011.54
675.33	2987.99
675.53	2861.01
675.72	2653.14
675.92	3168.21
676.11	2960.34
676.31	2682.84
676.50	2716.63
676.70	3045.33
676.90	2753.49
677.09	2981.84
677.29	2707.41
677.48	2886.61
677.68	2868.18
677.87	2666.46
678.07	2766.81
678.26	2967.51
678.46	2813.91
678.65	2754.52
678.85	2695.13
679.04	3003.35
679.24	2674.65
679.43	2667.48
679.63	2511.83
679.82	3222.48
680.02	3337.17
680.21	2899.92
680.41	2486.23
680.60	3078.10
680.80	3291.09
680.99	3030.99
681.19	2990.03
681.38	3004.37
681.58	2784.21
681.77	3160.02
681.97	2654.17
682.16	3085.26
682.36	3118.03
682.55	2857.94
682.75	2594.78
682.94	2998.23
683.14	2884.56
683.33	2525.15
683.53	3077.07
683.72	3054.55
683.92	2843.60
684.11	3061.71
684.31	2660.31
684.50	2792.41
684.70	2714.58
684.89	2725.85
685.09	2468.83
685.28	2695.13
685.48	2698.20
685.67	2765.78
685.87	2611.16
686.06	2952.15
686.26	2922.45
686.45	2672.60
686.64	2560.98
686.84	2670.55
687.03	2914.26
687.23	2687.96
687.42	2788.31
687.62	2751.45
687.81	2976.72
688.01	2841.56
688.20	2854.87
688.40	3250.13
688.59	3020.75
688.78	2915.28
688.98	2766.81
689.17	3136.46
689.37	2772.95
689.56	2749.40
689.76	2926.55
689.95	3078.10
690.15	2687.96
690.34	3114.96
690.53	2788.31
690.73	2790.36
690.92	2673.62
691.12	2804.69
691.31	2958.29
691.51	3060.69
691.70	3045.33
691.89	2655.19
692.09	2573.27
692.28	3015.63
692.48	2928.60
692.67	3037.14
692.87	2758.61
693.06	2788.31
693.25	2760.66
693.45	2770.90
693.64	2880.47
693.84	3011.54
694.03	2815.96
694.22	2711.51
694.42	2658.26
694.61	2748.37
694.81	4254.66
695.00	2803.67
695.19	2700.25
695.39	3042.26
695.58	2898.90
695.78	2778.07
695.97	2708.44
696.16	3251.15
696.36	3062.74
696.55	2797.53
696.75	2618.33
696.94	2705.37
697.13	3299.28
697.33	2702.29
697.52	2836.44
697.71	2858.96
697.91	3089.36
698.10	3311.57
698.30	2662.36
698.49	3000.27
698.68	2608.09
698.88	2672.60
699.07	2771.93
699.26	3439.56
699.46	2846.68
699.65	3046.35
699.85	2898.90
700.04	2745.30
700.23	2479.07
700.43	2884.56
700.62	2725.85
700.81	2999.25
701.01	2673.62
701.20	2818.00
701.39	2742.23
701.59	2863.06
701.78	2739.16
701.98	2671.58
702.17	2625.50
702.36	2908.12
702.56	3016.66
702.75	2796.50
702.94	2805.72
703.14	4393.92
703.33	2897.88
703.52	6302.62
703.72	2615.26
703.91	2918.36
704.10	2722.77
704.30	2671.58
704.49	2568.15
704.68	2835.41
704.88	3225.55
705.07	3158.99
705.26	2705.37
705.46	2767.83
705.65	2785.24
705.84	2613.21
706.03	2703.32
706.23	2822.10
706.42	2744.28
706.61	2811.86
706.81	3105.74
707.00	3108.82
707.19	2777.05
707.39	3052.50
707.58	2535.39
707.77	2809.81
707.97	3271.63
708.16	2901.97
708.35	2839.51
708.55	2771.93
708.74	2848.72
708.93	3143.63
709.12	2802.65
709.32	2915.28
709.51	3048.40
709.70	3012.56
709.90	2906.07
710.09	2856.92
710.28	2891.73
710.47	2574.30
710.67	2711.51
710.86	3139.54
711.05	2692.05
711.25	2691.03
711.44	2509.79
711.63	2949.08
711.82	3008.47
712.02	3416.01
712.21	2714.58
712.40	2875.35
712.59	3102.67
712.79	3107.79
712.98	2660.31
713.17	3140.56
713.37	2839.51
713.56	2602.97
713.75	2665.43
713.94	2932.69
714.14	2786.26
714.33	2965.46
714.52	2515.93
714.71	2803.67
714.91	2846.68
715.10	3088.34
715.29	2708.44
715.48	2782.17
715.68	3121.10
715.87	2705.37
716.06	2839.51
716.25	2809.81
716.45	2910.16
716.64	2851.80
716.83	2820.05
717.02	3245.01
717.21	2905.04
717.41	3200.98
717.60	3049.43
717.79	2699.22
717.98	2686.94
718.18	2831.32
718.37	2702.29
718.56	3345.36
718.75	3160.02
718.94	2778.07
719.14	2567.13
719.33	2970.58
719.52	2900.95
719.71	2630.62
719.91	2610.14
720.10	3379.15
720.29	2977.75
720.48	2692.05
720.67	2927.57
720.87	3338.19
721.06	2598.87
721.25	2965.46
721.44	2531.29
721.63	2965.46
721.83	3119.06
722.02	2596.82
722.21	2800.60
722.40	2852.82
722.59	2912.21
722.79	2816.98
722.98	2913.24
723.17	2676.70
723.36	2730.97
723.55	2615.26
723.74	2420.70
723.94	2981.84
724.13	2733.01
724.32	2652.12
724.51	2737.11
724.70	2904.02
724.90	2793.43
725.09	3014.61
725.28	2904.02
725.47	2871.25
725.66	2942.93
725.85	2749.40
726.05	2926.55
726.24	2903.00
726.43	2883.54
726.62	3046.35
726.81	2611.16
727.00	2795.48
727.20	3011.54
727.39	2834.39
727.58	2571.22
727.77	2764.76
727.96	2729.94
728.15	3107.79
728.34	2709.46
728.54	2957.27
728.73	3020.75
728.92	2741.21
729.11	2812.89
729.30	2778.07
729.49	2999.25
729.68	2960.34
729.88	2736.09
730.07	2564.06
730.26	2638.81
730.45	3214.29
730.64	3378.12
730.83	2603.99
731.02	2372.57
731.21	2990.03
731.41	2952.15
731.60	2437.08
731.79	2757.59
731.98	3235.79
732.17	3080.14
732.36	2455.51
732.55	2381.79
732.74	3243.98
732.93	2959.31
733.13	2651.10
733.32	2605.02
733.51	2880.47
733.70	3370.96
733.89	2696.15
734.08	2640.86
734.27	2737.11
734.46	3134.42
734.65	2568.15
734.85	2680.79
735.04	2881.49
735.23	3200.98
735.42	2653.14
735.61	2179.04
735.80	2886.61
735.99	3211.22
736.18	3345.36
736.37	2393.05
736.56	3130.32
736.75	2802.65
736.94	2557.91
737.14	2463.71
737.33	2887.64
737.52	2795.48
737.71	2708.44
737.90	2664.41
738.09	3114.96
738.28	2957.27
738.47	2773.97
738.66	2727.89
738.85	3168.21
739.04	2850.77
739.23	2801.62
739.42	2254.81
739.61	2989.01
739.80	2834.39
740.00	2490.33
740.19	2537.43
740.38	2829.27
740.57	2771.93
740.76	2444.25
740.95	2551.77
741.14	3252.17
741.33	3408.84
741.52	2675.67
741.71	2524.12
741.90	3118.03
742.09	3171.28
742.28	2514.91
742.47	2298.84
742.66	2885.59
742.85	2717.65
743.04	2403.29
743.23	2700.25
743.42	3008.47
743.61	2882.52
743.80	2503.64
743.99	2319.32
744.18	3044.31
744.37	2999.25
744.56	2546.65
744.75	2346.97
744.94	3186.64
745.13	2990.03
745.32	2216.93
745.51	2446.30
745.71	2993.11
745.90	2871.25
746.09	2572.25
746.28	2505.69
746.47	2911.19
746.66	3090.38
746.85	2723.80
747.04	2466.78
747.23	2834.39
747.42	3237.84
747.61	2320.35
747.80	2841.56
747.99	3036.11
748.18	2752.47
748.36	2367.45
748.55	2876.37
748.74	3283.92
748.93	3128.27
749.12	2417.63
749.31	2572.25
749.50	2856.92
749.69	3136.46
749.88	2448.35
750.07	2309.08
750.26	3239.89
750.45	2776.02
750.64	2251.74
750.83	2403.29
751.02	2938.84
751.21	3039.19
751.40	2555.86
751.59	2607.06
751.78	3110.86
751.97	3153.87
752.16	2812.89
752.35	2679.77
752.54	3068.88
752.73	3038.16
752.92	2547.67
753.11	2830.29
753.30	2763.73
753.49	2634.71
753.68	2652.12
753.87	2509.79
754.05	3187.66
754.24	2854.87
754.43	2794.45
754.62	2387.93
754.81	3593.16
755.00	3247.05
755.19	2525.15
755.38	2769.88
755.57	3129.30
755.76	3208.14
755.95	2739.16
756.14	2314.20
756.33	3156.94
756.52	2953.17
756.70	2571.22
756.89	2588.63
757.08	3202.00
757.27	3074.00
757.46	2522.07
757.65	2376.67
757.84	3141.58
758.03	2724.82
758.22	2479.07
758.41	2541.53
758.60	2759.64
758.79	2924.50
758.97	2723.80
759.16	2843.60
759.35	2969.55
759.54	2959.31
759.73	2446.30
759.92	2525.15
760.11	2740.18
760.30	2935.76
760.49	2523.10
760.67	2494.43
760.86	3145.68
761.05	3346.38
761.24	2557.91
761.43	2328.54
761.62	3070.93
761.81	2994.13
762.00	2574.30
762.19	2389.98
762.37	3122.13
762.56	3241.93
762.75	2205.66
762.94	2578.39
763.13	2720.73
763.32	2931.67
763.51	2340.83
763.70	2380.76
763.88	3328.97
764.07	3036.11
764.26	2473.95
764.45	2386.91
764.64	3142.61
764.83	3278.80
765.02	2632.66
765.20	2663.38
765.39	3056.59
765.58	3381.20
765.77	2714.58
765.96	3024.85
766.15	2959.31
766.33	2918.36
766.52	2745.30
766.71	2482.14
766.90	3339.21
767.09	2915.28
767.28	2264.03
767.46	2478.04
767.65	2873.30
767.84	3006.42
768.03	2569.18
768.22	2327.52
768.41	2761.69
768.59	2879.44
768.78	2531.29
768.97	2579.42
769.16	3261.39
769.35	2819.03
769.54	2582.49
769.72	2547.67
769.91	3011.54
770.10	3436.49
770.29	2386.91
770.48	2677.72
770.66	3100.62
770.85	3087.31
771.04	2696.15
771.23	2418.65
771.42	3332.05
771.60	3233.74
771.79	2591.70
771.98	2619.35
772.17	3166.16
772.36	3266.51
772.54	2450.39
772.73	2609.11
772.92	3218.38
773.11	2773.97
773.30	2693.08
773.48	2381.79
773.67	2992.08
773.86	2951.12
774.05	2487.26
774.23	2753.49
774.42	3260.37
774.61	3302.35
774.80	2556.89
774.99	2434.01
775.17	3151.82
775.36	2970.58
775.55	2624.47
775.74	2583.51
775.92	3094.48
776.11	2924.50
776.30	2971.60
776.49	2412.51
776.67	2999.25
776.86	2728.92
777.05	2573.27
777.24	2470.87
777.42	3090.38
777.61	2851.80
777.80	2879.44
777.99	2519.00
778.17	2980.82
778.36	2990.03
778.55	2538.46
778.74	2764.76
778.92	2991.06
779.11	3196.88
779.30	2676.70
779.49	2569.18
779.67	3123.15
779.86	3021.78
780.05	2507.74
780.24	2407.39
780.42	3156.94
780.61	3138.51
780.80	2709.46
780.98	2391.00
781.17	2982.87
781.36	3028.95
781.55	2818.00
781.73	2533.34
781.92	3143.63
782.11	3096.53
782.29	2570.20
782.48	2590.68
782.67	3365.84
782.86	3238.86
783.04	2660.31
783.23	2668.50
783.42	3224.53
783.60	3275.73
783.79	2665.43
783.98	2540.51
784.16	3269.58
784.35	3193.81
784.54	2760.66
784.73	2549.72
784.91	3186.64
785.10	2913.24
785.29	2667.48
785.47	2873.30
785.66	3285.97
785.85	2923.48
786.03	2641.88
786.22	2531.29
786.41	3334.09
786.59	3142.61
786.78	2520.03
786.97	2657.24
787.15	3255.25
787.34	3111.89
787.53	2697.17
787.71	2737.11
787.90	3153.87
788.09	3200.98
788.27	2997.20
788.46	2727.89
788.65	3310.54
788.83	3191.76
789.02	2491.35
789.21	2621.40
789.39	3045.33
789.58	3393.48
789.77	2673.62
789.95	2634.71
790.14	3559.37
790.33	3166.16
790.51	2499.55
790.70	3054.55
790.88	3149.78
791.07	3186.64
791.26	3262.41
791.44	2726.87
791.63	3164.11
791.82	3354.57
792.00	2673.62
792.19	2830.29
792.38	3612.62
792.56	3296.21
792.75	2962.39
792.93	3060.69
793.12	3384.27
793.31	3350.48
793.49	3053.52
793.68	2832.34
793.86	3248.08
794.05	3611.59
794.24	2900.95
794.42	2923.48
794.61	3342.28
794.80	3311.57
794.98	3210.19
795.17	2951.12
795.35	3600.33
795.54	3422.16
795.73	3036.11
795.91	3522.51
796.10	3485.64
796.28	3558.35
796.47	2826.20
796.66	2928.60
796.84	3936.20
797.03	3379.15
797.21	2782.17
797.40	3033.04
797.58	3681.22
797.77	3404.75
797.96	3289.04
798.14	3532.75
798.33	3851.21
798.51	3599.31
798.70	2892.76
798.88	3126.22
799.07	3488.71
799.26	3576.78
799.44	3127.25
799.63	3076.05
799.81	3319.76
800.00	3584.97
800.18	3489.74
800.37	3202.00
800.56	3422.16
800.74	3574.73
800.93	3091.41
801.11	3156.94
801.30	3657.67
801.48	3615.69
801.67	3258.32
801.85	3240.91
802.04	3740.61
802.22	3555.27
802.41	3281.87
802.60	3474.38
802.78	3776.45
802.97	3451.85
803.15	3366.86
803.34	3355.60
803.52	3807.17
803.71	3826.63
803.89	3107.79
804.08	3694.54
804.26	3966.92
804.45	3709.90
804.63	3428.30
804.82	3401.68
805.00	3803.08
805.19	4154.30
805.37	3348.43
805.56	3348.43
805.74	4189.12
805.93	3741.64
806.11	3675.08
806.30	3312.59
806.48	3775.43
806.67	3930.05
806.85	3592.14
807.04	3390.41
807.22	3762.12
807.41	3936.20
807.59	3869.64
807.78	3414.99
807.96	4288.45
808.15	3890.12
808.33	3781.57
808.52	3872.71
808.70	4192.19
808.89	4124.61
809.07	4162.50
809.26	3614.66
809.44	3965.89
809.63	4208.58
809.81	4025.28
810.00	3866.56
810.18	4095.94
810.37	4134.85
810.55	3957.70
810.74	3860.42
810.92	4444.09
811.11	4429.76
811.29	3420.11
811.48	3727.30
811.66	4020.16
811.84	4053.95
812.03	4031.43
812.21	3975.11
812.40	4149.18
812.58	3986.37
812.77	4168.64
812.95	3770.31
813.14	4205.50
813.32	4024.26
813.51	3894.21
813.69	3917.76
813.87	4244.42
814.06	4365.25
814.24	3998.66
814.43	3731.40
814.61	4519.87
814.80	4461.50
814.98	3939.27
815.16	3996.61
815.35	4706.23
815.53	4921.27
815.72	4078.53
815.90	3978.18
816.09	4480.96
816.27	4563.90
816.45	4287.42
816.64	4101.06
816.82	4858.81
817.01	4348.86
817.19	4063.17
817.37	4373.44
817.56	4768.70
817.74	4306.88
817.93	4569.02
818.11	4384.70
818.30	4579.26
818.48	4424.64
818.66	4399.04
818.85	4306.88
819.03	4676.54
819.21	4606.91
819.40	4489.15
819.58	4979.64
819.77	4797.37
819.95	4800.44
820.13	4818.87
820.32	4250.56
820.50	5172.15
820.69	5047.22
820.87	4493.24
821.05	4428.73
821.24	4927.41
821.42	4900.79
821.60	4528.06
821.79	4822.97
821.97	5069.75
822.16	5368.75
822.34	4559.80
822.52	4700.09
822.71	5370.80
822.89	5149.62
823.07	4946.87
823.26	4659.13
823.44	5002.16
823.62	5047.22
823.81	4837.30
823.99	4557.75
824.18	5291.95
824.36	5087.15
824.54	5048.24
824.73	5057.46
824.91	5531.56
825.09	5315.50
825.28	5287.86
825.46	5124.02
825.64	5480.36
825.83	5248.94
826.01	5107.63
826.19	4966.32
826.38	5456.81
826.56	5395.37
826.74	5021.62
826.93	5086.13
827.11	5388.21
827.29	5521.32
827.48	5187.50
827.66	5044.15
827.84	5605.29
828.03	5407.66
828.21	5004.21
828.39	4932.53
828.57	5814.18
828.76	5715.88
828.94	5136.31
829.12	5571.50
829.31	5682.09
829.49	5683.11
829.67	5271.47
829.86	5265.33
830.04	5600.17
830.22	5837.73
830.40	5315.50
830.59	5442.48
830.77	5931.94
830.95	5897.13
831.14	5791.66
831.32	5392.30
831.50	5739.43
831.69	5850.02
831.87	5788.58
832.05	5532.59
832.23	5801.90
832.42	6006.69
832.60	5512.11
832.78	5506.99
832.96	7204.75
833.15	6112.16
833.33	5485.48
833.51	5901.22
833.70	6084.52
833.88	6041.51
834.06	5829.54
834.24	5685.16
834.43	6463.39
834.61	6107.04
834.79	5916.58
834.97	6094.75
835.16	6345.63
835.34	6027.17
835.52	6081.44
835.70	5663.66
835.89	6208.42
836.07	6440.86
836.25	6066.08
836.43	5667.75
836.62	6291.36
836.80	6362.01
836.98	5798.82
837.16	5789.61
837.34	6257.57
837.53	6444.96
837.71	5975.97
837.89	6265.76
838.07	6447.01
838.26	6559.64
838.44	6057.89
838.62	6673.31
838.80	6453.15
838.99	6579.10
839.17	6033.32
839.35	6227.87
839.53	6537.12
839.71	6740.89
839.90	6032.29
840.08	6312.86
840.26	6761.37
840.44	6749.08
840.62	6562.72
840.81	6113.19
840.99	7083.92
841.17	6657.95
841.35	6420.38
841.53	6198.18
841.72	7050.13
841.90	6879.13
842.08	6367.13
842.26	6299.55
842.44	6762.39
842.63	7163.79
842.81	6890.39
842.99	6741.91
843.17	7028.63
843.35	6998.93
843.53	6931.35
843.72	6717.34
843.90	7165.84
844.08	6989.72
844.26	6661.02
844.44	6749.08
844.62	7474.06
844.81	7368.59
844.99	7138.20
845.17	6792.09
845.35	7361.42
845.53	7156.63
845.71	8884.09
845.90	6966.17
846.08	7306.13
846.26	7200.66
846.44	6791.06
846.62	7120.79
846.80	7349.14
846.98	7293.84
847.17	8307.59
847.35	7705.48
847.53	7689.10
847.71	7542.67
847.89	7655.31
848.07	7246.74
848.25	7601.04
848.44	7542.67
848.62	7653.26
848.80	7440.27
848.98	7761.80
849.16	7843.72
849.34	7892.87
849.52	7498.64
849.70	7941.00
849.89	8062.85
850.07	7685.00
850.25	7746.44
850.43	8032.13
850.61	8252.29
850.79	7712.65
850.97	7771.02
851.15	8369.02
851.33	8232.83
851.52	7868.30
851.70	8194.95
851.88	8532.86
852.06	8288.13
852.24	7894.92
852.42	8203.14
852.60	8662.91
852.78	8786.81
852.96	8179.59
853.14	8347.52
853.33	9022.33
853.51	8562.56
853.69	8467.33
853.87	8417.15
854.05	8694.65
854.23	8315.78
854.41	8374.14
854.59	8273.79
854.77	8910.71
854.95	8724.35
855.13	8377.22
855.31	8498.05
855.49	8760.19
855.68	8617.85
855.86	8354.69
856.04	8801.15
856.22	8718.20
856.40	8744.83
856.58	8522.62
856.76	8641.40
856.94	8720.25
857.12	8826.75
857.30	8149.89
857.48	8506.24
857.66	8791.93
857.84	9367.41
858.02	8589.18
858.20	8840.06
858.38	8707.96
858.56	8818.55
858.74	8237.95
858.92	8291.20
859.10	8784.76
859.29	8730.49
859.47	8182.66
859.65	8635.26
859.83	8598.40
860.01	8622.97
860.19	8194.95
860.37	8324.99
860.55	8698.75
860.73	8365.95
860.91	8083.33
861.09	8532.86
861.27	8539.01
861.45	8444.80
861.63	8005.51
861.81	8212.35
861.99	8300.42
862.17	7973.77
862.35	7687.05
862.53	7706.51
862.71	8291.20
862.89	7884.68
863.07	7463.82
863.25	7737.23
863.43	7916.42
863.61	7917.45
863.79	7626.64
863.97	7581.58
864.15	7591.82
864.33	7311.25
864.51	7151.51
864.69	7032.72
864.87	7477.13
865.05	7194.51
865.23	6904.73
865.41	6849.43
865.59	7270.29
865.77	7018.39
865.95	6680.47
866.13	6287.26
866.30	6731.67
866.48	6538.14
866.66	6535.07
866.84	6458.27
867.02	6539.16
867.20	6273.95
867.38	6011.81
867.56	6107.04
867.74	6502.30
867.92	6246.30
868.10	5881.77
868.28	5689.26
868.46	6088.61
868.64	6131.62
868.82	5595.05
869.00	5482.41
869.18	5692.33
869.36	6027.17
869.54	5668.78
869.72	5475.24
869.89	5508.01
870.07	5399.47
870.25	5011.38
870.43	5170.10
870.61	5130.16
870.79	5236.66
870.97	4774.84
871.15	4987.83
871.33	5555.12
871.51	4925.36
871.69	4842.42
871.87	4661.18
872.05	5077.94
872.22	5137.33
872.40	4280.25
872.58	4641.72
872.76	4835.25
872.94	4805.56
873.12	4352.96
873.30	4003.78
873.48	4645.82
873.66	4514.75
873.84	4159.42
874.01	4096.96
874.19	4310.97
874.37	4140.99
874.55	3817.41
874.73	3866.56
874.91	4436.92
875.09	3983.30
875.27	3687.37
875.45	3797.96
875.62	4122.56
875.80	3960.77
875.98	3614.66
876.16	3863.49
876.34	4108.23
876.52	3711.94
876.70	3983.30
876.88	3467.21
877.05	4011.97
877.23	4015.04
877.41	3568.59
877.59	3996.61
877.77	3941.32
877.95	3488.71
878.13	3280.85
878.30	3343.31
878.48	3719.11
878.66	3768.26
878.84	3579.85
879.02	3208.14
879.20	3704.78
879.37	3658.70
879.55	3392.46
879.73	3412.94
879.91	3550.15
880.09	3494.86
880.27	3737.54
880.45	3167.18
880.62	3477.45
880.80	3385.29
880.98	3301.33
881.16	3206.10
881.34	3363.79
881.51	3272.65
881.69	3164.11
881.87	3044.31
882.05	3383.24
882.23	3122.13
882.41	3005.39
882.58	3181.52
882.76	3368.91
882.94	3134.42
883.12	3354.57
883.30	3225.55
883.47	3577.80
883.65	3366.86
883.83	3140.56
884.01	2995.15
884.19	3289.04
884.36	3252.17
884.54	2760.66
884.72	3277.77
884.90	3196.88
885.08	3413.96
885.25	3832.77
885.43	2949.08
885.61	3051.47
885.79	3246.03
885.97	3128.27
886.14	3122.13
886.32	3142.61
886.50	3575.75
886.68	2947.03
886.85	2837.46
887.03	3392.46
887.21	3286.99
887.39	2987.99
887.56	3238.86
887.74	3175.38
887.92	3126.22
888.10	3032.02
888.27	3004.37
888.45	3447.76
888.63	3428.30
888.81	2911.19
888.99	2808.79
889.16	3065.81
889.34	3098.58
889.52	2705.37
889.69	2874.32
889.87	3338.19
890.05	3126.22
890.23	2970.58
890.40	2781.14
890.58	3082.19
890.76	3197.90
890.94	2903.00
891.11	2881.49
891.29	3131.34
891.47	2989.01
891.65	3090.38
891.82	3188.69
892.00	2928.60
892.18	3133.39
892.35	2844.63
892.53	2881.49
892.71	3312.59
892.89	3289.04
893.06	2917.33
893.24	2861.01
893.42	2809.81
893.59	3026.90
893.77	2723.80
893.95	2772.95
894.13	2809.81
894.30	3292.11
894.48	2822.10
894.66	3345.36
894.83	2994.13
895.01	3132.37
895.19	3062.74
895.36	2905.04
895.54	3323.85
895.72	3136.46
895.89	2757.59
896.07	2777.05
896.25	3216.33
896.43	2953.17
896.60	3072.98
896.78	2869.20
896.96	3274.70
897.13	3134.42
897.31	2716.63
897.49	2905.04
897.66	3335.12
897.84	3083.22
898.02	2984.91
898.19	2914.26
898.37	3001.30
898.55	3223.50
898.72	2962.39
898.90	2931.67
899.07	3051.47
899.25	3117.01
899.43	2968.53
899.60	3468.24
899.78	2936.79
899.96	2786.26
900.13	2673.62
900.31	3042.26
900.49	2905.04
900.66	3254.22
900.84	3078.10
901.02	3078.10
901.19	3137.49
901.37	2903.00
901.54	2908.12
901.72	2690.01
901.90	3012.56
902.07	3090.38
902.25	2781.14
902.43	2744.28
902.60	3215.31
902.78	2747.35
902.95	2784.21
903.13	2753.49
903.31	2944.98
903.48	2961.36
903.66	2917.33
903.83	3014.61
904.01	3134.42
904.19	2899.92
904.36	2785.24
904.54	2586.58
904.71	3185.62
904.89	2815.96
905.07	2762.71
905.24	2748.37
905.42	3128.27
905.59	3219.41
905.77	2979.79
905.95	2910.16
906.12	2886.61
906.30	3029.97
906.47	3010.51
906.65	3205.07
906.82	3252.17
907.00	3261.39
907.18	2483.16
907.35	2743.25
907.53	3115.98
907.70	3087.31
907.88	2775.00
908.05	3865.54
908.23	3093.46
908.41	3054.55
908.58	2844.63
908.76	2462.68
908.93	3268.56
909.11	3099.60
909.28	2764.76
909.46	2662.36
909.63	3193.81
909.81	3099.60
909.99	2888.66
910.16	2558.94
910.34	2953.17
910.51	3045.33
910.69	2925.52
910.86	2575.32
911.04	3089.36
911.21	2660.31
911.39	3350.48
911.56	2652.12
911.74	2978.77
911.91	3002.32
912.09	2727.89
912.26	2742.23
912.44	2705.37
912.62	2807.77
912.79	2796.50
912.97	2932.69
913.14	3248.08
913.32	3104.72
913.49	2784.21
913.67	2823.12
913.84	2693.08
914.02	2852.82
914.19	2742.23
914.37	2841.56
914.54	2838.48
914.72	2705.37
914.89	2659.29
915.07	3067.86
915.24	2892.76
915.42	2926.55
915.59	2787.29
915.77	2985.94
915.94	3335.12
916.12	3312.59
916.29	2725.85
916.46	2785.24
916.64	3035.09
916.81	3220.43
916.99	2865.11
917.16	2736.09
917.34	3289.04
917.51	3160.02
917.69	2594.78
917.86	2601.94
918.04	2992.08
918.21	3184.59
918.39	2898.90
918.56	2742.23
918.74	2752.47
918.91	3284.94
919.08	2589.66
919.26	3030.99
919.43	3074.00
919.61	2951.12
919.78	2735.06
919.96	3117.01
920.13	3247.05
920.31	3021.78
920.48	2968.53
920.65	2861.01
920.83	3202.00
921.00	3108.82
921.18	2769.88
921.35	2943.96
921.53	2962.39
921.70	2871.25
921.88	2708.44
922.05	2584.54
922.22	2801.62
922.40	2976.72
922.57	2778.07
922.75	2516.95
922.92	2976.72
923.09	2942.93
923.27	2737.11
923.44	3161.04
923.62	2886.61
923.79	3239.89
923.96	2768.85
924.14	2555.86
924.31	3153.87
924.49	2991.06
924.66	2669.53
924.83	2815.96
925.01	2989.01
925.18	3266.51
925.36	3055.57
925.53	2594.78
925.70	2883.54
925.88	2699.22
926.05	3002.32
926.23	2939.86
926.40	3069.91
926.57	2984.91
926.75	2873.30
926.92	2601.94
927.09	3000.27
927.27	2720.73
927.44	2903.00
927.62	2642.90
927.79	3145.68
927.96	2783.19
928.14	2602.97
928.31	2840.53
928.48	3250.13
928.66	2982.87
928.83	2602.97
929.00	2782.17
929.18	2961.36
929.35	2953.17
929.52	3011.54
929.70	2702.29
929.87	2807.77
930.05	2841.56
930.22	2720.73
930.39	2820.05
930.57	2838.48
930.74	3306.45
930.91	2722.77
931.09	2978.77
931.26	3011.54
931.43	3080.14
931.61	2470.87
931.78	2773.97
931.95	2991.06
932.12	3264.46
932.30	2650.07
932.47	2982.87
932.64	2777.05
932.82	2790.36
932.99	2812.89
933.16	2694.10
933.34	2881.49
933.51	3029.97
933.68	2725.85
933.86	3002.32
934.03	2915.28
934.20	2835.41
934.38	3001.30
934.55	2612.18
934.72	3379.15
934.89	3089.36
935.07	2772.95
935.24	2924.50
935.41	2940.88
935.59	2966.48
935.76	2757.59
935.93	2776.02
936.10	2922.45
936.28	2981.84
936.45	2761.69
936.62	2746.33
936.79	3125.20
936.97	2919.38
937.14	2873.30
937.31	2849.75
937.49	2756.57
937.66	3050.45
937.83	3017.68
938.00	2924.50
938.18	3166.16
938.35	3093.46
938.52	2770.90
938.69	2776.02
938.87	2911.19
939.04	2918.36
939.21	2835.41
939.38	2761.69
939.56	2903.00
939.73	2621.40
939.90	2847.70
940.07	2654.17
940.25	2989.01
940.42	3033.04
940.59	2900.95
940.76	2679.77
940.94	2784.21
941.11	2825.17
941.28	2814.93
941.45	2959.31
941.62	3052.50
941.80	2824.15
941.97	2883.54
942.14	2572.25
942.31	3223.50
942.48	2866.13
942.66	2789.33
942.83	2916.31
943.00	2581.46
943.17	3115.98
943.35	2971.60
943.52	2866.13
943.69	2728.92
943.86	2762.71
944.03	2572.25
944.21	3162.06
944.38	2924.50
944.55	2880.47
944.72	2763.73
944.89	2649.05
945.06	2874.32
945.24	2808.79
945.41	3252.17
945.58	2854.87
945.75	3020.75
945.92	2762.71
946.10	3105.74
946.27	2504.67
946.44	2805.72
946.61	2843.60
946.78	3058.64
946.95	2625.50
947.13	2763.73
947.30	2913.24
947.47	2715.61
947.64	2920.40
947.81	3075.03
947.98	2849.75
948.16	2887.64
948.33	2805.72
948.50	2791.38
948.67	2867.16
948.84	3090.38
949.01	2713.56
949.18	2885.59
949.36	3104.72
949.53	2821.08
949.70	2844.63
949.87	3018.71
950.04	2749.40
950.21	2887.64
950.38	2666.46
950.56	2888.66
950.73	2981.84
950.90	2821.08
951.07	2887.64
951.24	2974.67
951.41	2947.03
951.58	2765.78
951.75	2932.69
951.92	2834.39
952.10	2876.37
952.27	2609.11
952.44	2877.40
952.61	3616.71
952.78	2889.68
952.95	2542.55
953.12	2911.19
953.29	2912.21
953.46	2782.17
953.64	2973.65
953.81	2645.98
953.98	3075.03
954.15	2761.69
954.32	2777.05
954.49	2624.47
954.66	2943.96
954.83	2871.25
955.00	2747.35
955.17	2805.72
955.34	2802.65
955.51	2883.54
955.69	3421.13
955.86	2795.48
956.03	2907.09
956.20	2997.20
956.37	2878.42
956.54	2637.78
956.71	2938.84
956.88	2849.75
957.05	2822.10
957.22	2632.66
957.39	3079.12
957.56	2743.25
957.73	2695.13
957.90	2653.14
958.07	3123.15
958.24	3093.46
958.41	2683.86
958.59	2813.91
958.76	3112.91
958.93	3187.66
959.10	2779.09
959.27	2691.03
959.44	3126.22
959.61	2783.19
959.78	2872.28
959.95	2772.95
960.12	3109.84
960.29	3002.32
960.46	2656.22
960.63	2516.95
960.80	2937.81
960.97	3014.61
961.14	2600.92
961.31	2824.15
961.48	3218.38
961.65	3070.93
961.82	2807.77
961.99	2890.71
962.16	2809.81
962.33	2966.48
962.50	2927.57
962.67	2613.21
962.84	2964.43
963.01	2728.92
963.18	2633.69
963.35	2656.22
963.52	3109.84
963.69	2920.40
963.86	3061.71
964.03	2916.31
964.20	3286.99
964.37	3032.02
964.54	3048.40
964.71	2804.69
964.88	2906.07
965.05	2949.08
965.22	2759.64
965.39	2841.56
965.56	2853.84
965.73	2798.55
965.90	3046.35
966.07	2626.52
966.24	2875.35
966.41	2847.70
966.58	2821.08
966.74	3084.24
966.91	3309.52
967.08	3195.86
967.25	2649.05
967.42	2756.57
967.59	3071.95
967.76	2768.85
967.93	2935.76
968.10	2786.26
968.27	2964.43
968.44	2896.85
968.61	2752.47
968.78	2550.75
968.95	2803.67
969.12	2878.42
969.29	2986.96
969.46	2639.83
969.62	3196.88
969.79	2746.33
969.96	2635.74
970.13	2642.90
970.30	2983.89
970.47	2967.51
970.64	2908.12
970.81	2868.18
970.98	2997.20
971.15	2934.74
971.32	2558.94
971.49	3016.66
971.65	3136.46
971.82	2944.98
971.99	2839.51
972.16	2954.19
972.33	2856.92
972.50	2858.96
972.67	2843.60
972.84	2889.68
973.01	2784.21
973.17	3115.98
973.34	3013.59
973.51	2933.72
973.68	2974.67
973.85	2766.81
974.02	2840.53
974.19	2713.56
974.36	2992.08
974.53	3145.68
974.69	2927.57
974.86	2690.01
975.03	3268.56
975.20	2882.52
975.37	2969.55
975.54	2939.86
975.71	3074.00
975.87	2926.55
976.04	2979.79
976.21	2818.00
976.38	2999.25
976.55	2832.34
976.72	2695.13
976.89	3010.51
977.05	3056.59
977.22	3242.96
977.39	2609.11
977.56	2958.29
977.73	2954.19
977.90	2779.09
978.06	2859.99
978.23	2917.33
978.40	2760.66
978.57	3144.66
978.74	3056.59
978.91	2962.39
979.07	2891.73
979.24	3100.62
979.41	2838.48
979.58	2793.43
979.75	3157.97
979.91	2728.92
980.08	2451.42
980.25	2832.34
980.42	3046.35
980.59	2962.39
980.75	2666.46
980.92	2770.90
981.09	2899.92
981.26	3020.75
981.43	2968.53
981.59	2842.58
981.76	2906.07
981.93	2815.96
982.10	2688.98
982.27	2638.81
982.43	3007.44
982.60	2792.41
982.77	2564.06
982.94	2769.88
983.11	2786.26
983.27	2673.62
983.44	2798.55
983.61	2818.00
983.78	3269.58
983.94	3102.67
984.11	2661.34
984.28	2924.50
984.45	3194.83
984.61	2704.34
984.78	2671.58
984.95	2633.69
985.12	2932.69
985.28	3160.02
985.45	2728.92
985.62	2755.54
985.79	2850.77
985.95	2820.05
986.12	2555.86
986.29	2731.99
986.46	3152.85
986.62	3195.86
986.79	2820.05
986.96	2642.90
987.13	3029.97
987.29	3213.26
987.46	2750.42
987.63	2803.67
987.80	2766.81
987.96	3258.32
988.13	2716.63
988.30	2709.46
988.46	2882.52
988.63	3110.86
988.80	2187.23
988.97	2202.59
989.13	2973.65
989.30	3089.36
989.47	2210.78
989.63	2119.65
989.80	3217.36
989.97	3014.61
990.13	2428.89
990.30	2758.61
990.47	2832.34
990.64	2934.74
990.80	2147.30
990.97	2404.32
991.14	2812.89
991.30	2944.98
991.47	2303.96
991.64	2360.28
991.80	2979.79
991.97	2867.16
992.14	2222.05
992.30	2835.41
992.47	2814.93
992.64	2994.13
992.80	2260.96
992.97	2210.78
993.14	3308.49
993.30	3753.93
993.47	2314.20
993.64	2382.81
993.80	3241.93
993.97	2984.91
994.14	2424.80
994.30	2770.90
994.47	3110.86
994.64	2931.67
994.80	2574.30
994.97	2366.43
995.14	3114.96
995.30	3006.42
995.47	2408.41
995.63	2481.11
995.80	3010.51
995.97	3341.26
996.13	2283.49
996.30	2415.58
996.47	2900.95
996.63	3583.95
996.80	2785.24
996.97	2543.58
997.13	3083.22
997.30	3259.34
997.46	2325.47
997.63	2617.30
997.80	3196.88
997.96	3125.20
998.13	2361.31
998.29	2285.53
998.46	2947.03
998.63	2869.20
998.79	2246.62
998.96	2540.51
999.12	3186.64
999.29	2966.48
999.46	2468.83
999.62	2631.64
999.79	3015.63
999.95	2992.08
1000.12	2361.31
1000.29	2440.15
1000.45	3079.12
1000.62	3136.46
1000.78	2445.27
1000.95	2331.61
1001.11	3074.00
1001.28	3126.22
1001.45	2313.18
1001.61	2688.98
1001.78	3001.30
1001.94	3207.12
1002.11	2457.56
1002.27	2677.72
1002.44	3196.88
1002.61	3084.24
1002.77	2378.72
1002.94	2282.46
1003.10	3039.19
1003.27	3095.50
1003.43	2298.84
1003.60	2487.26
1003.76	2930.64
1003.93	3240.91
1004.10	2495.45
1004.26	2682.84
1004.43	3150.80
1004.59	3423.18
1004.76	2318.30
1004.92	2477.02
1005.09	3375.05
1005.25	3173.33
1005.42	2312.16
1005.58	2644.95
1005.75	3154.90
1005.91	3024.85
1006.08	2692.05
1006.24	2268.13
1006.41	2900.95
1006.57	2937.81
1006.74	2299.87
1006.90	2550.75
1007.07	2821.08
1007.23	3345.36
1007.40	2444.25
1007.56	2294.75
1007.73	2814.93
1007.89	3098.58
1008.06	2668.50
1008.22	2562.01
1008.39	2995.15
1008.55	2963.41
1008.72	2489.31
1008.88	2387.93
1009.05	2888.66
1009.21	3177.42
1009.38	2195.42
1009.54	2450.39
1009.71	3298.25
1009.87	3322.83
1010.04	2121.70
1010.20	2620.38
1010.37	2735.06
1010.53	3219.41
1010.70	2465.75
1010.86	2283.49
1011.03	2748.37
1011.19	2826.20
1011.35	2526.17
1011.52	2478.04
1011.68	2914.26
1011.85	2901.97
1012.01	2690.01
1012.18	2626.52
1012.34	2891.73
1012.51	2897.88
1012.67	2402.27
1012.83	2489.31
1013.00	3182.54
1013.16	2838.48
1013.33	2303.96
1013.49	2877.40
1013.66	3020.75
1013.82	3465.16
1013.99	2469.85
1014.15	2544.60
1014.31	3041.23
1014.48	3008.47
1014.64	2492.38
1014.81	2500.57
1014.97	2865.11
1015.13	3192.78
1015.30	2499.55
1015.46	2547.67
1015.63	2815.96
1015.79	2956.24
1015.95	2212.83
1016.12	2369.50
1016.28	2917.33
1016.45	2976.72
1016.61	2468.83
1016.77	2545.63
1016.94	2921.43
1017.10	3135.44
1017.27	2407.39
1017.43	2325.47
1017.59	2928.60
1017.76	3162.06
1017.92	2271.20
1018.09	2238.43
1018.25	3288.01
1018.41	3083.22
1018.58	2588.63
1018.74	2504.67
1018.90	2915.28
1019.07	3061.71
1019.23	2381.79
1019.40	2396.12
1019.56	3060.69
1019.72	2739.16
1019.89	2526.17
1020.05	2927.57
1020.21	3138.51
1020.38	3033.04
1020.54	2300.89
1020.70	2520.03
1020.87	3015.63
1021.03	3125.20
1021.19	2397.15
1021.36	2200.54
1021.52	3251.15
1021.68	3282.89
1021.85	2916.31
1022.01	2515.93
1022.17	3014.61
1022.34	3007.44
1022.50	2418.65
1022.66	2472.92
1022.83	3233.74
1022.99	3057.62
1023.15	2326.49
1023.32	2595.80
1023.48	3076.05
1023.64	2921.43
1023.81	2281.44
1023.97	2650.07
1024.13	2963.41
1024.30	2938.84
1024.46	2664.41
1024.62	2513.88
1024.79	3117.01
1024.95	3192.78
1025.11	2207.71
1025.27	2482.14
1025.44	2814.93
1025.60	2897.88
1025.76	2468.83
1025.93	2333.66
1026.09	2979.79
1026.25	2965.46
1026.41	2473.95
1026.58	2292.70
1026.74	2884.56
1026.90	3211.22
1027.07	2566.10
1027.23	2346.97
1027.39	2997.20
1027.55	3236.81
1027.72	2495.45
1027.88	2609.11
1028.04	2975.70
1028.20	3154.90
1028.37	2114.53
1028.53	2519.00
1028.69	2735.06
1028.85	3134.42
1029.02	2552.79
1029.18	2333.66
1029.34	2829.27
1029.50	3138.51
1029.67	2583.51
1029.83	2411.48
1029.99	3063.76
1030.15	2943.96
1030.32	2339.80
1030.48	2480.09
1030.64	2925.52
1030.80	3266.51
1030.97	2667.48
1031.13	2440.15
1031.29	3069.91
1031.45	3069.91
1031.61	2350.04
1031.78	2418.65
1031.94	3352.52
1032.10	3112.91
1032.26	2582.49
1032.42	2439.13
1032.59	3204.05
1032.75	2919.38
1032.91	2445.27
1033.07	2475.99
1033.24	2846.68
1033.40	3542.99
1033.56	2471.90
1033.72	2302.94
1033.88	3087.31
1034.04	3397.58
1034.21	2601.94
1034.37	2534.36
1034.53	3079.12
1034.69	2757.59
1034.85	2393.05
1035.02	2472.92
1035.18	2875.35
1035.34	3202.00
1035.50	2297.82
1035.66	2554.84
1035.82	2946.00
1035.99	3217.36
1036.15	2388.96
1036.31	2704.34
1036.47	3127.25
1036.63	3615.69
1036.79	2863.06
1036.96	2722.77
1037.12	3169.23
1037.28	2956.24
1037.44	2165.73
1037.60	2333.66
1037.76	3002.32
1037.92	2983.89
1038.09	2222.05
1038.25	2735.06
1038.41	3214.29
1038.57	3214.29
1038.73	2428.89
1038.89	2381.79
1039.05	3218.38
1039.22	3061.71
1039.38	2444.25
1039.54	2810.84
1039.70	3026.90
1039.86	3166.16
1040.02	2402.27
1040.18	2432.99
1040.34	3008.47
1040.51	3177.42
1040.67	3170.26
1040.83	2753.49
1040.99	3232.72
1041.15	3354.57
1041.31	2296.80
1041.47	2669.53
1041.63	2937.81
