345.74	1363.95
345.96	1363.95
346.17	1363.95
346.39	1341.42
346.60	1265.64
346.81	5038.00
347.03	5021.62
347.24	6774.68
347.46	7196.56
347.67	6274.98
347.89	4431.80
348.10	5894.05
348.32	5500.84
348.53	4898.74
348.75	5185.46
348.96	4298.69
349.18	6639.51
349.39	4513.72
349.61	4440.00
349.82	5887.91
350.04	5461.93
350.25	4847.54
350.47	4999.09
350.68	6983.57
350.90	7051.16
351.11	4661.18
351.32	5365.68
351.54	7411.60
351.75	6619.04
351.97	4722.62
352.18	3995.59
352.40	4794.29
352.61	6068.13
352.83	6500.25
353.04	4595.64
353.26	7047.06
353.47	5418.93
353.69	5740.46
353.90	5224.37
354.11	5146.55
354.33	8384.38
354.54	3364.81
354.76	5238.70
354.97	5291.95
355.19	6242.21
355.40	5257.14
355.62	7509.90
355.83	5136.31
356.04	5820.33
356.26	4292.54
356.47	5257.14
356.69	4333.50
356.90	8877.94
357.12	3973.06
357.33	3919.81
357.55	5410.73
357.76	5541.80
357.97	4319.17
358.19	5738.41
358.40	4409.28
358.62	8255.36
358.83	4546.49
359.05	6428.57
359.26	4659.13
359.47	5969.83
359.69	5402.54
359.90	7241.62
360.12	4386.75
360.33	6084.52
360.55	4466.62
360.76	6872.98
360.97	7262.10
361.19	7341.97
361.40	4665.27
361.62	4595.64
361.83	6848.41
362.04	7671.69
362.26	5650.35
362.47	5136.31
362.69	5306.29
362.90	5068.72
363.12	4030.40
363.33	4538.30
363.54	5994.40
363.76	7225.23
363.97	4528.06
364.19	5171.12
364.40	7157.65
364.61	4722.62
364.83	3563.47
365.04	5842.85
365.26	4988.85
365.47	7131.03
365.68	4857.78
365.90	4536.25
366.11	5224.37
366.33	7182.23
366.54	4235.20
366.75	4589.50
366.97	4310.97
367.18	5031.86
367.40	6803.35
367.61	5115.83
367.82	5498.80
368.04	6915.99
368.25	6021.03
368.46	5791.66
368.68	4829.11
368.89	8456.06
369.11	5167.03
369.32	5789.61
369.53	7526.29
369.75	5930.92
369.96	8241.03
370.18	5105.59
370.39	4794.29
370.60	5480.36
370.82	4321.21
371.03	4972.47
371.24	9592.69
371.46	4966.32
371.67	5472.17
371.88	4249.54
372.10	4382.65
372.31	4423.61
372.53	3659.72
372.74	4923.32
372.95	5085.11
373.17	4943.80
373.38	6549.40
373.59	5343.15
373.81	4956.08
374.02	6627.23
374.23	4227.01
374.45	7618.44
374.66	6330.27
374.88	5537.71
375.09	4505.53
375.30	6969.24
375.52	6010.79
375.73	8120.20
375.94	3813.32
376.16	6152.10
376.37	6614.94
376.58	7262.10
376.80	6508.44
377.01	6455.20
377.22	10415.97
377.44	6090.66
377.65	5732.26
377.86	3856.33
378.08	6066.08
378.29	5275.57
378.50	5795.75
378.72	3915.72
378.93	9211.76
379.14	6909.85
379.36	7843.72
379.57	5083.06
379.78	5005.24
380.00	5881.77
380.21	3909.57
380.42	3674.06
380.64	3975.11
380.85	4173.76
381.06	6434.72
381.28	4034.50
381.49	8812.41
381.70	4622.27
381.92	5412.78
382.13	6184.87
382.34	9086.84
382.56	7937.93
382.77	4874.17
382.98	5836.71
383.19	6436.77
383.41	5695.40
383.62	5586.86
383.83	6266.78
384.05	6330.27
384.26	6322.08
384.47	5992.36
384.69	4990.90
384.90	5732.26
385.11	7554.96
385.33	5468.08
385.54	5846.95
385.75	5222.32
385.96	6406.05
386.18	9322.35
386.39	5715.88
386.60	5447.60
386.82	8388.48
387.03	6526.88
387.24	5273.52
387.45	5277.62
387.67	4364.22
387.88	6811.54
388.09	5429.17
388.31	5343.15
388.52	4937.65
388.73	8894.33
388.94	5439.40
389.16	6569.88
389.37	4528.06
389.58	6438.81
389.80	5552.04
390.01	4794.29
390.22	5889.96
390.43	6852.50
390.65	5705.64
390.86	6811.54
391.07	6334.37
391.29	5572.52
391.50	3751.88
391.71	7346.06
391.92	8486.78
392.14	5353.39
392.35	5568.43
392.56	5033.91
392.77	6545.31
392.99	5857.19
393.20	3868.61
393.41	4784.06
393.62	4777.91
393.84	5160.88
394.05	5814.18
394.26	6270.88
394.47	7217.04
394.69	7966.60
394.90	6633.37
395.11	4995.00
395.32	4736.95
395.54	4921.27
395.75	4714.42
395.96	4628.41
396.17	8429.44
396.39	7585.68
396.60	4347.84
396.81	5967.78
397.02	4724.66
397.24	6801.30
397.45	7587.72
397.66	4317.12
397.87	6799.26
398.09	6485.92
398.30	5617.58
398.51	5769.13
398.72	5033.91
398.94	6266.78
399.15	8163.20
399.36	6967.19
399.57	6145.95
399.79	6659.99
400.00	8783.74
400.21	4181.95
400.42	6772.63
400.63	6059.94
400.85	7214.99
401.06	5676.97
401.27	5709.74
401.48	10463.07
401.70	5257.14
401.91	8910.71
402.12	7055.25
402.33	7839.62
402.54	5148.59
402.76	5533.61
402.97	8294.27
403.18	6471.58
403.39	5183.41
403.60	6815.64
403.82	5171.12
404.03	3053.52
404.24	4628.41
404.45	6447.01
404.66	7460.75
404.88	3760.07
405.09	8294.27
405.30	5717.93
405.51	5365.68
405.73	6012.84
405.94	4421.56
406.15	5160.88
406.36	5525.42
406.57	5762.98
406.78	5404.59
407.00	5906.34
407.21	7552.91
407.42	4921.27
407.63	8675.20
407.84	5726.12
408.06	5453.74
408.27	4061.12
408.48	5054.39
408.69	5744.55
408.90	4902.84
409.12	4472.76
409.33	5998.50
409.54	3928.00
409.75	6123.43
409.96	5793.70
410.17	6422.43
410.39	5488.56
410.60	8306.56
410.81	4177.86
411.02	6524.83
411.23	17510.13
411.44	5076.91
411.66	6174.63
411.87	7726.99
412.08	8449.92
412.29	4153.28
412.50	5562.28
412.71	4872.12
412.93	4149.18
413.14	5072.82
413.35	6930.33
413.56	4704.18
413.77	5943.21
413.98	6088.61
414.20	4976.56
414.41	6709.15
414.62	4585.40
414.83	3909.57
415.04	5320.62
415.25	6326.18
415.46	6817.69
415.68	5248.94
415.89	4161.47
416.10	5568.43
416.31	4009.92
416.52	6750.10
416.73	6156.19
416.94	4898.74
417.16	6485.92
417.37	6059.94
417.58	6502.30
417.79	4511.68
418.00	5717.93
418.21	5748.65
418.42	6270.88
418.64	4749.24
418.85	4519.87
419.06	5449.64
419.27	5398.45
419.48	6447.01
419.69	5650.35
419.90	4001.73
420.11	4997.04
420.33	4538.30
420.54	7772.04
420.75	7565.20
420.96	4480.96
421.17	6555.55
421.38	5531.56
421.59	4587.45
421.80	4796.34
422.02	6041.51
422.23	5943.21
422.44	6829.98
422.65	5550.00
422.86	5472.17
423.07	4132.80
423.28	5971.88
423.49	3121.10
423.70	4995.00
423.92	4353.98
424.13	7200.66
424.34	4218.82
424.55	4849.59
424.76	6770.58
424.97	7878.54
425.18	4951.99
425.39	5957.54
425.60	4440.00
425.81	5506.99
426.03	5914.53
426.24	5318.57
426.45	4976.56
426.66	9265.01
426.87	5345.20
427.08	7296.91
427.29	5169.07
427.50	6150.05
427.71	5210.03
427.92	4964.28
428.13	4286.40
428.34	5463.98
428.56	7135.12
428.77	7462.80
428.98	9865.07
429.19	5633.96
429.40	7057.30
429.61	5681.07
429.82	5984.16
430.03	5603.24
430.24	6758.30
430.45	3844.04
430.66	5801.90
430.87	5068.72
431.08	5701.54
431.30	3854.28
431.51	5814.18
431.72	5414.83
431.93	6782.87
432.14	3882.95
432.35	5613.48
432.56	7995.27
432.77	4982.71
432.98	5855.14
433.19	5115.83
433.40	5552.04
433.61	4143.04
433.82	5889.96
434.03	3983.30
434.24	4538.30
434.45	9203.57
434.66	7892.87
434.87	6256.54
435.09	5418.93
435.30	6074.28
435.51	6375.33
435.72	5953.45
435.93	4730.81
436.14	6561.69
436.35	5433.26
436.56	6330.27
436.77	5230.51
436.98	4085.70
437.19	6975.38
437.40	7845.77
437.61	6481.82
437.82	5455.79
438.03	5566.38
438.24	5902.25
438.45	5955.49
438.66	4243.39
438.87	3956.68
439.08	6053.80
439.29	4806.58
439.50	7313.30
439.71	9334.64
439.92	4841.40
440.13	4956.08
440.34	5019.57
440.55	5767.08
440.76	5214.13
440.97	7716.75
441.18	5871.53
441.39	4407.23
441.60	5506.99
441.81	5463.98
442.02	5089.20
442.23	5197.74
442.44	6401.95
442.65	5582.76
442.86	6653.85
443.07	5552.04
443.28	6170.53
443.49	6897.56
443.70	5298.10
443.91	3981.25
444.12	5511.08
444.33	5607.34
444.54	5937.06
444.75	4605.88
444.96	6932.37
445.17	8611.71
445.38	7722.89
445.59	5289.90
445.80	5316.53
446.01	5179.31
446.22	8316.80
446.43	4788.15
446.64	5068.72
446.85	5433.26
447.06	4779.96
447.27	5742.50
447.48	8773.50
447.69	5572.52
447.90	5431.21
448.11	3385.29
448.32	5857.19
448.53	5894.05
448.74	5531.56
448.95	5136.31
449.16	4630.46
449.37	6002.60
449.58	3905.48
449.79	4571.07
450.00	3839.94
450.21	4911.03
450.42	4542.39
450.63	4044.74
450.84	4124.61
451.05	4941.75
451.26	5134.26
451.47	5889.96
451.68	6127.52
451.89	5277.62
452.10	6264.74
452.30	7196.56
452.51	7638.92
452.72	4233.15
452.93	5560.24
453.14	4878.26
453.35	5492.65
453.56	6965.14
453.77	4878.26
453.98	4974.52
454.19	7339.92
454.40	5164.98
454.61	5285.81
454.82	5826.47
455.03	3837.89
455.24	4024.26
455.45	5488.56
455.66	6989.72
455.87	4921.27
456.07	4298.69
456.28	3776.45
456.49	4009.92
456.70	5982.12
456.91	5382.06
457.12	4290.49
457.33	4235.20
457.54	5814.18
457.75	6696.86
457.96	7368.59
458.17	5898.15
458.38	5181.36
458.59	4173.76
458.79	3307.47
459.00	3450.83
459.21	3659.72
459.42	3809.22
459.63	5128.11
459.84	3403.72
460.05	11231.06
460.26	5713.83
460.47	4816.82
460.68	4749.24
460.89	6774.68
461.09	7008.15
461.30	6940.57
461.51	4784.06
461.72	6737.82
461.93	6231.97
462.14	4450.24
462.35	3712.97
462.56	6152.10
462.77	3721.16
462.98	7440.27
463.18	4861.88
463.39	5719.98
463.60	6891.41
463.81	5877.67
464.02	7628.68
464.23	5461.93
464.44	9744.24
464.65	5349.29
464.86	4794.29
465.06	3325.90
465.27	5427.12
465.48	3682.25
465.69	5113.78
465.90	5922.73
466.11	5734.31
466.32	4665.27
466.53	3571.66
466.74	6188.96
466.94	5349.29
467.15	5955.49
467.36	4515.77
467.57	7384.98
467.78	5805.99
467.99	5250.99
468.20	8431.49
468.40	4579.26
468.61	4151.23
468.82	5078.96
469.03	7937.93
469.24	7051.16
469.45	5220.27
469.66	5427.12
469.86	5234.61
470.07	6504.35
470.28	5064.63
470.49	4743.10
470.70	4818.87
470.91	4857.78
471.12	6043.56
471.32	5152.69
471.53	4671.42
471.74	6815.64
471.95	5535.66
472.16	4353.98
472.37	5771.18
472.58	6866.84
472.78	4405.18
472.99	4417.47
473.20	5310.38
473.41	5054.39
473.62	4085.70
473.83	7507.85
474.03	6217.63
474.24	5685.16
474.45	5808.04
474.66	4704.18
474.87	5441.45
475.08	4624.31
475.28	7329.68
475.49	7282.58
475.70	4911.03
475.91	5984.16
476.12	4747.19
476.32	4849.59
476.53	5167.03
476.74	5849.00
476.95	6117.28
477.16	4511.68
477.37	6756.25
477.57	6170.53
477.78	5007.28
477.99	4202.43
478.20	5814.18
478.41	6637.47
478.61	6930.33
478.82	6922.13
479.03	5418.93
479.24	6088.61
479.45	4702.14
479.65	3962.82
479.86	5808.04
480.07	6219.68
480.28	5103.54
480.49	13573.94
480.69	4806.58
480.90	5660.59
481.11	4499.39
481.32	3325.90
481.53	5271.47
481.73	5449.64
481.94	5883.81
482.15	5652.39
482.36	5175.22
482.57	4650.94
482.77	7935.88
482.98	7081.88
483.19	5935.01
483.40	4169.66
483.60	5205.94
483.81	6191.01
484.02	6608.80
484.23	4464.57
484.44	3616.71
484.64	4761.53
484.85	4990.90
485.06	5377.97
485.27	5128.11
485.47	5300.14
485.68	6119.33
485.89	6371.23
486.10	8734.59
486.31	7632.78
486.51	6520.73
486.72	4566.97
486.93	4995.00
487.14	5152.69
487.34	4243.39
487.55	4835.25
487.76	6438.81
487.97	6334.37
488.17	5025.72
488.38	4681.66
488.59	4784.06
488.80	6447.01
489.00	6342.56
489.21	6553.50
489.42	5001.14
489.63	6569.88
489.83	6332.32
490.04	4210.62
490.25	4802.49
490.46	5076.91
490.66	6895.51
490.87	5078.96
491.08	4323.26
491.29	5408.69
491.49	5193.65
491.70	4587.45
491.91	5105.59
492.11	5666.73
492.32	4726.71
492.53	3147.73
492.74	7303.06
492.94	7294.86
493.15	6528.92
493.36	5029.81
493.57	5781.42
493.77	5005.24
493.98	6510.49
494.19	6700.95
494.39	5900.20
494.60	4100.03
494.81	4612.03
495.02	7020.44
495.22	7264.15
495.43	3823.56
495.64	3725.26
495.84	3930.05
496.05	7233.43
496.26	6606.75
496.47	6635.42
496.67	7378.83
496.88	5582.76
497.09	6461.34
497.29	3352.52
497.50	3219.41
497.71	5214.13
497.91	3762.12
498.12	6840.22
498.33	4685.75
498.54	6258.59
498.74	5857.19
498.95	4140.99
499.16	5881.77
499.36	5687.21
499.57	4648.89
499.78	5046.20
499.98	4913.08
500.19	4018.11
500.40	5257.14
500.60	7544.72
500.81	4620.22
501.02	6434.72
501.22	9029.49
501.43	4904.89
501.64	4843.45
501.85	6168.48
502.05	9154.42
502.26	4112.32
502.47	6870.94
502.67	5197.74
502.88	5590.95
503.09	7438.22
503.29	3663.82
503.50	5504.94
503.71	8605.56
503.91	5664.68
504.12	4538.30
504.33	5715.88
504.53	5480.36
504.74	6389.66
504.95	6920.09
505.15	5447.60
505.36	7313.30
505.56	5291.95
505.77	8830.84
505.98	4521.92
506.18	8044.42
506.39	5066.67
506.60	5027.76
506.80	6397.85
507.01	5564.33
507.22	5052.34
507.42	6424.48
507.63	4626.36
507.84	6045.60
508.04	3051.47
508.25	6037.41
508.45	8363.90
508.66	4876.21
508.87	4489.15
509.07	6477.73
509.28	6635.42
509.49	4358.08
509.69	6078.37
509.90	6059.94
510.11	4333.50
510.31	5363.63
510.52	5334.96
510.72	5277.62
510.93	5543.85
511.14	4763.58
511.34	3934.15
511.55	4505.53
511.76	8953.72
511.96	8435.58
512.17	5593.00
512.37	6688.67
512.58	5142.45
512.79	3893.19
512.99	5730.22
513.20	5732.26
513.40	7018.39
513.61	5697.45
513.82	5107.63
514.02	3702.73
514.23	5085.11
514.43	8050.57
514.64	5388.21
514.85	5937.06
515.05	6598.56
515.26	6391.71
515.46	7413.65
515.67	6674.33
515.88	4820.92
516.08	7757.71
516.29	5369.77
516.49	4450.24
516.70	4616.12
516.91	4919.22
517.11	7120.79
517.32	5285.81
517.52	6199.20
517.73	4317.12
517.93	7188.37
518.14	7042.96
518.35	4523.96
518.55	3835.85
518.76	6717.34
518.96	7368.59
519.17	4685.75
519.38	5502.89
519.58	6528.92
519.79	5072.82
519.99	5382.06
520.20	5087.15
520.40	4788.15
520.61	5119.92
520.82	8167.30
521.02	7346.06
521.23	6283.17
521.43	5857.19
521.64	3766.21
521.84	4620.22
522.05	4382.65
522.25	4356.03
522.46	4507.58
522.67	5623.72
522.87	7962.50
523.08	6342.56
523.28	4544.44
523.49	7151.51
523.69	5470.12
523.90	5070.77
524.10	6449.05
524.31	4964.28
524.51	7372.69
524.72	6471.58
524.93	7331.73
525.13	5228.46
525.34	5449.64
525.54	5527.47
525.75	6369.18
525.95	3536.84
526.16	7636.88
526.36	4835.25
526.57	7122.84
526.77	3897.28
526.98	9168.76
527.18	4396.99
527.39	4523.96
527.59	7673.74
527.80	5574.57
528.00	5871.53
528.21	6174.63
528.42	4751.29
528.62	6164.39
528.83	5717.93
529.03	8834.94
529.24	6205.35
529.44	5398.45
529.65	5896.10
529.85	5795.75
530.06	7405.46
530.26	5050.29
530.47	6684.57
530.67	7434.13
530.88	4151.23
531.08	5881.77
531.29	5169.07
531.49	4908.98
531.70	6621.08
531.90	4478.91
532.11	5703.59
532.31	5896.10
532.52	6246.30
532.72	3692.49
532.93	6156.19
533.13	4577.21
533.34	4702.14
533.54	6313.89
533.75	3893.19
533.95	4937.65
534.16	4902.84
534.36	5355.44
534.57	4464.57
534.77	6985.62
534.97	6211.49
535.18	4886.45
535.38	4304.83
535.59	3569.61
535.79	4865.97
536.00	4145.09
536.20	4698.04
536.41	3276.75
536.61	6012.84
536.82	4405.18
537.02	4081.60
537.23	6262.69
537.43	6551.45
537.64	4571.07
537.84	5586.86
538.05	5500.84
538.25	6829.98
538.45	4390.84
538.66	5932.97
538.86	4788.15
539.07	4247.49
539.27	5226.42
539.48	4872.12
539.68	6410.14
539.89	5353.39
540.09	7239.57
540.29	6328.22
540.50	3336.14
540.70	6191.01
540.91	4286.40
541.11	6782.87
541.32	5275.57
541.52	5840.81
541.73	5881.77
541.93	4278.21
542.13	6381.47
542.34	4845.49
542.54	4704.18
542.75	5541.80
542.95	10082.15
543.16	5205.94
543.36	4984.76
543.56	5988.26
543.77	6569.88
543.97	6872.98
544.18	6152.10
544.38	5525.42
544.59	4302.78
544.79	4818.87
544.99	8331.14
545.20	8638.33
545.40	4739.00
545.61	5537.71
545.81	6176.67
546.01	6889.37
546.22	5658.54
546.42	5357.49
546.63	5031.86
546.83	6721.43
547.04	4628.41
547.24	5457.84
547.44	3944.39
547.65	6094.76
547.85	4202.43
548.06	4216.77
548.26	5171.12
548.46	9817.96
548.67	5246.90
548.87	5296.05
549.08	4298.69
549.28	5380.01
549.48	6137.76
549.69	7131.03
549.89	4464.57
550.09	7688.07
550.30	7094.16
550.50	4425.66
550.71	4353.98
550.91	5703.59
551.11	3770.31
551.32	6565.79
551.52	5017.52
551.73	5920.68
551.93	4614.07
552.13	6258.59
552.34	7794.57
552.54	3674.06
552.74	6729.63
552.95	4440.00
553.15	6094.76
553.35	4902.84
553.56	6201.25
553.76	6111.14
553.97	5083.06
554.17	5627.82
554.37	4054.98
554.58	6936.47
554.78	5443.50
554.98	5095.35
555.19	5015.48
555.39	6094.76
555.59	4224.96
555.80	5832.62
556.00	5009.33
556.20	6389.66
556.41	4782.01
556.61	4757.43
556.82	3913.67
557.02	6436.77
557.22	4794.29
557.43	3997.64
557.63	5316.53
557.83	6340.51
558.04	8050.57
558.24	4399.04
558.44	5431.21
558.65	4579.26
558.85	3487.69
559.05	3987.40
559.26	4642.75
559.46	4710.33
559.66	3991.49
559.87	4489.15
560.07	6037.41
560.27	8245.12
560.48	6797.21
560.68	6193.06
560.88	4413.37
561.08	6207.39
561.29	7247.76
561.49	4138.94
561.69	4337.60
561.90	8728.44
562.10	4845.49
562.30	8509.31
562.51	5748.65
562.71	4872.12
562.91	7974.79
563.12	5177.26
563.32	4622.27
563.52	5291.95
563.72	5423.02
563.93	5636.01
564.13	4581.31
564.33	8159.11
564.54	5005.24
564.74	5726.12
564.94	6049.70
565.15	4474.81
565.35	4112.32
565.55	7692.17
565.75	3209.17
565.96	5836.71
566.16	5027.76
566.36	4378.56
566.57	4865.97
566.77	8746.87
566.97	6455.20
567.17	7698.31
567.38	4806.58
567.58	5640.11
567.78	5316.53
567.99	8978.30
568.19	5629.87
568.39	6127.52
568.59	7516.05
568.80	6049.70
569.00	6424.48
569.20	5210.03
569.40	5119.92
569.61	7380.88
569.81	6784.92
570.01	4618.17
570.21	5242.80
570.42	7788.43
570.62	4931.51
570.82	4636.60
571.02	4091.84
571.23	4306.88
571.43	7569.29
571.63	4521.92
571.84	3901.38
572.04	4054.98
572.24	6672.28
572.44	5576.62
572.64	5543.85
572.85	5392.30
573.05	7602.06
573.25	8085.38
573.45	3909.57
573.66	9207.67
573.86	4296.64
574.06	5087.15
574.26	6758.30
574.47	4808.63
574.67	6518.68
574.87	3592.14
575.07	4943.80
575.28	4351.93
575.48	6158.24
575.68	5187.50
575.88	5515.18
576.08	7679.88
576.29	5644.20
576.49	6348.70
576.69	5822.38
576.89	4716.47
577.10	4947.89
577.30	6332.32
577.50	4724.66
577.70	4018.11
577.90	7962.50
578.11	6313.89
578.31	4421.56
578.51	6127.52
578.71	4364.22
578.91	5824.42
579.12	5824.42
579.32	6430.62
579.52	19613.40
579.72	4980.66
579.92	6090.66
580.13	6053.80
580.33	8556.41
580.53	6010.79
580.73	5982.12
580.93	6375.33
581.14	5627.82
581.34	6795.16
581.54	4126.66
581.74	6260.64
581.94	5371.82
582.15	7511.95
582.35	3731.40
582.55	4741.05
582.75	10123.11
582.95	4941.75
583.15	8384.38
583.36	6635.42
583.56	6266.78
583.76	4317.12
583.96	5715.88
584.16	5529.52
584.37	5650.35
584.57	5611.43
584.77	3981.25
584.97	5283.76
585.17	5877.67
585.37	6610.84
585.57	6332.32
585.78	4472.76
585.98	5119.92
586.18	5001.14
586.38	5115.83
586.58	4243.39
586.78	4136.90
586.99	4595.64
587.19	5748.65
587.39	5230.51
587.59	4939.70
587.79	5414.83
587.99	5930.92
588.19	4972.47
588.40	6772.63
588.60	4546.49
588.80	9090.93
589.00	4253.63
589.20	5908.39
589.40	7219.09
589.60	4286.40
589.81	5902.25
590.01	4538.30
590.21	8077.19
590.41	4407.23
590.61	5521.32
590.81	3911.62
591.01	7737.23
591.22	4394.94
591.42	8781.69
591.62	6279.07
591.82	4888.50
592.02	6584.22
592.22	5339.05
592.42	9809.77
592.62	6551.45
592.82	5963.68
593.03	5619.63
593.23	5388.21
593.43	7294.86
593.63	4184.00
593.83	5314.48
594.03	8578.94
594.23	7739.27
594.43	4829.11
594.63	3252.17
594.84	5001.14
595.04	7583.63
595.24	5914.53
595.44	4900.79
595.64	6387.61
595.84	5703.59
596.04	6393.76
596.24	4960.18
596.44	5914.53
596.64	4067.27
596.84	4224.96
597.05	5291.95
597.25	7317.39
597.45	5758.89
597.65	4478.91
597.85	4659.13
598.05	5334.96
598.25	4507.58
598.45	5330.86
598.65	4728.76
598.85	5734.31
599.05	7815.05
599.25	5836.71
599.46	3719.11
599.66	6911.89
599.86	4798.39
600.06	5271.47
600.26	4505.53
600.46	4472.76
600.66	5658.54
600.86	6520.73
601.06	4331.45
601.26	4736.95
601.46	7380.88
601.66	4552.63
601.86	4341.69
602.06	6109.09
602.26	4564.92
602.46	3983.30
602.66	4360.13
602.87	5052.34
603.07	5926.82
603.27	5709.74
603.47	4933.56
603.67	9391.98
603.87	7161.75
604.07	5050.29
604.27	6377.37
604.47	5699.50
604.67	4497.34
604.87	5181.36
605.07	4726.71
605.27	5468.08
605.47	4134.85
605.67	5361.58
605.87	5879.72
606.07	7798.66
606.27	4644.79
606.47	4857.78
606.67	3815.37
606.87	4067.27
607.07	6182.82
607.27	3923.91
607.47	5517.23
607.67	5793.70
607.87	4167.62
608.07	5894.05
608.27	6274.98
608.47	4116.42
608.67	6825.88
608.87	5218.22
609.07	6561.69
609.27	6602.65
609.47	5349.29
609.67	5881.77
609.87	5767.08
610.07	4984.76
610.27	22752.93
610.47	3653.58
610.67	5451.69
610.87	5388.21
611.07	8476.54
611.27	5021.62
611.47	6682.52
611.67	6901.65
611.87	5173.17
612.07	5642.15
612.27	4898.74
612.47	3651.53
612.67	5455.79
612.87	5560.24
613.07	4069.31
613.27	5593.00
613.47	5857.19
613.67	3977.16
613.87	6264.74
614.07	5291.95
614.27	4536.25
614.47	5664.68
614.67	6094.76
614.87	5027.76
615.07	5468.08
615.27	4757.43
615.47	5269.42
615.67	7149.46
615.87	3520.46
616.07	5060.53
616.27	6330.27
616.47	4921.27
616.67	3516.36
616.87	4935.60
617.07	4308.93
617.27	5015.48
617.47	4857.78
617.66	5541.80
617.86	5463.98
618.06	4753.34
618.26	3993.54
618.46	5599.15
618.66	6678.43
618.86	7178.13
619.06	5013.43
619.26	5476.27
619.46	4888.50
619.66	7841.67
619.86	5263.28
620.06	5605.29
620.26	7733.13
620.46	11953.99
620.66	8546.17
620.85	5840.81
621.05	7790.47
621.25	6416.29
621.45	4704.18
621.65	7157.65
621.85	5234.61
622.05	6676.38
622.25	4532.15
622.45	5121.97
622.65	4685.75
622.85	4026.31
623.05	5486.51
623.25	5015.48
623.44	7042.96
623.64	3526.60
623.84	4229.06
624.04	3692.49
624.24	4970.42
624.44	5742.50
624.64	5279.66
624.84	4808.63
625.04	3958.72
625.24	3856.33
625.43	4454.33
625.63	6285.22
625.83	4034.50
626.03	4677.56
626.23	5869.48
626.43	5932.97
626.63	4298.69
626.83	6014.88
627.03	5830.57
627.22	4677.56
627.42	5537.71
627.62	3526.60
627.82	5738.41
628.02	4730.81
628.22	3968.96
628.42	5660.59
628.62	3432.40
628.82	4464.57
629.01	7905.16
629.21	3665.86
629.41	6772.63
629.61	5971.88
629.81	4474.81
630.01	6993.81
630.21	7049.11
630.40	5212.08
630.60	5664.68
630.80	6123.43
631.00	6279.07
631.20	6657.95
631.40	5113.78
631.60	6000.55
631.79	3923.91
631.99	6553.50
632.19	5312.43
632.39	5013.43
632.59	5982.12
632.79	4904.89
632.99	21599.93
633.18	5459.88
633.38	4771.77
633.58	6303.65
633.78	4763.58
633.98	5076.91
634.18	4483.00
634.37	9336.69
634.57	5885.86
634.77	13616.94
634.97	4374.46
635.17	5560.24
635.37	7438.22
635.56	4335.55
635.76	7667.60
635.96	4005.83
636.16	4939.70
636.36	4741.05
636.56	4435.90
636.75	5318.57
636.95	6913.94
637.15	5668.78
637.35	4755.38
637.55	6872.98
637.74	6825.88
637.94	5375.92
638.14	5722.02
638.34	5521.32
638.54	3243.98
638.73	5281.71
638.93	5470.12
639.13	6191.01
639.33	5969.83
639.53	4724.66
639.73	4906.93
639.92	5076.91
640.12	4210.62
640.32	5103.54
640.52	6340.51
640.71	3583.95
640.91	5267.38
641.11	5121.97
641.31	4599.74
641.51	4294.59
641.70	5724.07
641.90	6029.22
642.10	5390.25
642.30	5742.50
642.50	5779.37
642.69	5281.71
642.89	4267.97
643.09	4034.50
643.29	5404.59
643.48	6457.25
643.68	4437.95
643.88	7673.74
644.08	3215.31
644.28	5881.77
644.47	6381.47
644.67	3930.05
644.87	3776.45
645.07	4915.12
645.26	4665.27
645.46	4239.30
645.66	4984.76
645.86	6700.95
646.05	7077.78
646.25	6137.76
646.45	6567.84
646.65	6690.71
646.84	6178.72
647.04	4685.75
647.24	5748.65
647.44	5531.56
647.63	5441.45
647.83	6320.03
648.03	5230.51
648.23	5732.26
648.42	4014.02
648.62	3321.81
648.82	3465.16
649.02	5248.94
649.21	4237.25
649.41	7124.88
649.61	7552.91
649.80	3784.65
650.00	7098.26
650.20	4235.20
650.40	6299.55
650.59	7690.12
650.79	4014.02
650.99	7202.71
651.18	5142.45
651.38	4001.73
651.58	5494.70
651.78	5715.88
651.97	5969.83
652.17	4962.23
652.37	5740.46
652.56	5357.49
652.76	6430.62
652.96	4579.26
653.16	5695.40
653.35	5853.09
653.55	6688.67
653.75	5234.61
653.94	6631.32
654.14	4640.70
654.34	5052.34
654.54	4536.25
654.73	6496.16
654.93	5105.59
655.13	7100.31
655.32	6582.17
655.52	4165.57
655.72	5625.77
655.91	4585.40
656.11	3426.25
656.31	5613.48
656.50	5054.39
656.70	5185.46
656.90	4538.30
657.09	5263.28
657.29	4779.96
657.49	4980.66
657.68	3567.56
657.88	5601.19
658.08	4431.80
658.27	7638.92
658.47	7184.27
658.67	4833.21
658.86	5154.74
659.06	6307.74
659.26	5109.68
659.45	4691.90
659.65	5054.39
659.85	5322.67
660.04	6182.82
660.24	4593.59
660.44	4988.85
660.63	5087.15
660.83	7745.42
661.03	6365.09
661.22	4499.39
661.42	5654.44
661.62	5586.86
661.81	5140.40
662.01	4501.44
662.21	3721.16
662.40	4210.62
662.60	7602.06
662.79	3674.06
662.99	6664.09
663.19	5349.29
663.38	5154.74
663.58	5191.60
663.78	6270.88
663.97	5769.13
664.17	5470.12
664.36	3825.61
664.56	6506.40
664.76	3743.69
664.95	5130.16
665.15	4968.37
665.35	5470.12
665.54	7778.19
665.74	5701.54
665.93	7733.13
666.13	5390.25
666.33	4718.52
666.52	4313.02
666.72	5463.98
666.91	4751.29
667.11	4063.17
667.31	5119.92
667.50	4235.20
667.70	6293.41
667.89	7663.50
668.09	7499.66
668.29	5490.60
668.48	5316.53
668.68	9903.98
668.87	4818.87
669.07	3444.68
669.27	6891.41
669.46	3733.45
669.66	4562.87
669.85	3473.36
670.05	5711.78
670.25	5052.34
670.44	5064.63
670.64	4644.79
670.83	7669.64
671.03	6262.69
671.22	6240.16
671.42	5504.94
671.62	3833.80
671.81	5273.52
672.01	5230.51
672.20	4612.03
672.40	6365.09
672.59	7880.58
672.79	6328.22
672.99	4519.87
673.18	7004.05
673.38	6838.17
673.57	6774.68
673.77	5355.44
673.96	4863.93
674.16	5271.47
674.36	6944.66
674.55	5189.55
674.75	6025.12
674.94	5291.95
675.14	5662.63
675.33	5769.13
675.53	5638.06
675.72	4624.31
675.92	8869.75
676.11	5570.48
676.31	5054.39
676.50	5734.31
676.70	6023.08
676.90	5101.49
677.09	4972.47
677.29	6066.08
677.48	5083.06
677.68	5830.57
677.87	4372.41
678.07	4511.68
678.26	5812.14
678.46	5699.50
678.65	4921.27
678.85	5474.22
679.04	5117.87
679.24	4091.84
679.43	4243.39
679.63	4159.42
679.82	8550.27
680.02	8707.96
680.21	5015.48
680.41	3448.78
680.60	6152.10
680.80	8052.61
680.99	6778.78
681.19	5967.78
681.38	5291.95
681.58	4550.59
681.77	9492.34
681.97	4822.97
682.16	6524.83
682.36	6184.87
682.55	6033.32
682.75	4626.36
682.94	6416.29
683.14	6162.34
683.33	3358.67
683.53	7266.19
683.72	7356.30
683.92	5154.74
684.11	7743.37
684.31	5449.64
684.50	4360.13
684.70	4626.36
684.89	5005.24
685.09	3946.44
685.28	4816.82
685.48	5019.57
685.67	5128.11
685.87	5046.20
686.06	5304.24
686.26	6576.03
686.45	4507.58
686.64	4554.68
686.84	3981.25
687.03	5480.36
687.23	5164.98
687.42	5879.72
687.62	5126.07
687.81	6565.79
688.01	5330.86
688.20	5722.02
688.40	7393.17
688.59	7032.72
688.78	6057.89
688.98	6827.93
689.17	6627.23
689.37	4954.04
689.56	5797.80
689.76	6037.41
689.95	7116.69
690.15	5076.91
690.34	7927.69
690.53	5558.19
690.73	4763.58
690.92	4265.92
691.12	4650.94
691.31	7751.56
691.51	6315.94
691.70	6569.88
691.89	4751.29
692.09	4122.56
692.28	5574.57
692.48	6338.46
692.67	6827.93
692.87	5388.21
693.06	4503.48
693.25	5167.03
693.45	4847.54
693.64	5855.14
693.84	4714.42
694.03	4095.94
694.22	4806.58
694.42	5017.52
694.61	4929.46
694.81	18298.60
695.00	4413.37
695.19	5531.56
695.39	6338.46
695.58	6567.84
695.78	5539.76
695.97	5550.00
696.16	7700.36
696.36	6340.51
696.55	5615.53
696.75	4841.40
696.94	3850.18
697.13	8142.72
697.33	4136.90
697.52	5947.30
697.71	5511.08
697.91	6578.08
698.10	9355.12
698.30	5185.46
698.49	4913.08
698.68	4179.90
698.88	3899.33
699.07	5226.42
699.26	9664.36
699.46	4986.80
699.65	6447.01
699.85	6049.70
700.04	4636.60
700.23	4233.15
700.43	5572.52
700.62	5191.60
700.81	5046.20
701.01	3872.71
701.20	4812.73
701.39	5373.87
701.59	5005.24
701.78	3852.23
701.98	4222.91
702.17	5019.57
702.36	5515.18
702.56	6160.29
702.75	4290.49
702.94	6000.55
703.14	18149.10
703.33	5375.92
703.52	35057.13
703.72	4519.87
703.91	6061.99
704.10	4888.50
704.30	5443.50
704.49	4435.90
704.68	3948.48
704.88	7155.60
705.07	7853.96
705.26	4591.55
705.46	4345.79
705.65	4751.29
705.84	4585.40
706.03	4833.21
706.23	4759.48
706.42	5732.26
706.61	5271.47
706.81	8324.99
707.00	6299.55
707.19	4456.38
707.39	6059.94
707.58	4270.01
707.77	4622.27
707.97	6973.33
708.16	4743.10
708.35	6541.21
708.55	4822.97
708.74	4898.74
708.93	7974.79
709.12	5863.33
709.32	4980.66
709.51	6559.64
709.70	7008.15
709.90	5756.84
710.09	4968.37
710.28	6330.27
710.47	4644.79
710.67	6428.57
710.86	7542.67
711.05	4323.26
711.25	4855.73
711.44	4151.23
711.63	6387.61
711.82	5965.73
712.02	10880.86
712.21	6176.67
712.40	5492.65
712.59	7159.70
712.79	8263.55
712.98	5423.02
713.17	7122.84
713.37	4294.59
713.56	4286.40
713.75	4618.17
713.94	5709.74
714.14	4995.00
714.33	6504.35
714.52	4822.97
714.71	4302.78
714.91	5838.76
715.10	7413.65
715.29	5064.63
715.48	4585.40
715.68	6559.64
715.87	4214.72
716.06	6872.98
716.25	4442.04
716.45	5793.70
716.64	5322.67
716.83	5275.57
717.02	6266.78
717.21	5619.63
717.41	7540.62
717.60	7430.03
717.79	4341.69
717.98	4937.65
718.18	4540.35
718.37	4159.42
718.56	8591.23
718.75	6885.27
718.94	5705.64
719.14	3127.25
719.33	6025.12
719.52	5724.07
719.71	5300.14
719.91	4657.08
720.10	8206.21
720.29	4642.75
720.48	3923.91
720.67	5810.09
720.87	7845.77
721.06	3538.89
721.25	5930.92
721.44	4812.73
721.63	4972.47
721.83	6819.74
722.02	3448.78
722.21	6791.06
722.40	5574.57
722.59	5537.71
722.79	5033.91
722.98	7079.83
723.17	3573.71
723.36	4558.78
723.55	3506.12
723.74	3971.01
723.94	5304.24
724.13	4470.72
724.32	4939.70
724.51	5447.60
724.70	4929.46
724.90	4898.74
725.09	6674.33
725.28	6447.01
725.47	5658.54
725.66	5339.05
725.85	4624.31
726.05	6879.13
726.24	5593.00
726.43	5642.15
726.62	6625.18
726.81	4915.12
727.00	4446.14
727.20	6006.69
727.39	5418.93
727.58	5140.40
727.77	3940.29
727.96	4765.62
728.15	7790.47
728.34	5765.03
728.54	4921.27
728.73	6125.47
728.92	5898.15
729.11	5412.78
729.30	4919.22
729.49	6829.98
729.68	4947.89
729.88	4786.10
730.07	5427.12
730.26	5529.52
730.45	6537.12
730.64	7227.28
730.83	5824.42
731.02	4071.36
731.21	4904.89
731.41	5932.97
731.60	4358.08
731.79	6520.73
731.98	6723.48
732.17	5994.40
732.36	4155.33
732.55	4675.51
732.74	7063.44
732.93	6492.06
733.13	5461.93
733.32	6379.42
733.51	4061.12
733.70	7737.23
733.89	6600.60
734.08	6119.33
734.27	3915.72
734.46	6920.09
734.65	4358.08
734.85	6057.89
735.04	4976.56
735.23	7171.99
735.42	5812.14
735.61	3248.08
735.80	4431.80
735.99	7266.19
736.18	10520.42
736.37	4270.01
736.56	6936.47
736.75	5044.15
736.94	5572.52
737.14	4075.46
737.33	4140.99
737.52	3903.43
737.71	5431.21
737.90	5703.59
738.09	6766.49
738.28	6008.74
738.47	6283.17
738.66	6598.56
738.85	6492.06
739.04	6178.72
739.23	6336.42
739.42	3909.57
739.61	4173.76
739.80	4003.78
740.00	5480.36
740.19	4560.83
740.38	4249.54
740.57	4804.53
740.76	4171.71
740.95	5449.64
741.14	5982.12
741.33	8796.03
741.52	5263.28
741.71	3735.50
741.90	6547.36
742.09	6213.54
742.28	6012.84
742.47	3981.25
742.66	4947.89
742.85	4255.68
743.04	3938.24
743.23	6277.02
743.42	5431.21
743.61	5148.59
743.80	4179.90
743.99	2965.46
744.18	5177.26
744.37	4825.01
744.56	4530.11
744.75	3903.43
744.94	5365.68
745.13	4931.51
745.32	3078.10
745.51	5457.84
745.71	6551.45
745.90	5201.84
746.09	4620.22
746.28	5603.24
746.47	6158.24
746.66	5132.21
746.85	6356.90
747.04	4736.95
747.23	5341.10
747.42	8064.90
747.61	3145.68
747.80	7755.66
747.99	4231.10
748.18	3823.56
748.36	4444.09
748.55	8445.82
748.74	6578.08
748.93	6197.15
749.12	4941.75
749.31	5715.88
749.50	4022.21
749.69	6959.00
749.88	5289.90
750.07	3352.52
750.26	7200.66
750.45	3532.75
750.64	3133.39
750.83	4976.56
751.02	4290.49
751.21	5812.14
751.40	5904.29
751.59	5760.94
751.78	6614.94
751.97	5502.89
752.16	5484.46
752.35	4691.90
752.54	5838.76
752.73	6563.74
752.92	5103.54
753.11	6264.74
753.30	4306.88
753.49	4089.79
753.68	6760.34
753.87	4614.07
754.05	5035.96
754.24	5111.73
754.43	6946.71
754.62	4202.43
754.81	8914.81
755.00	7329.68
755.19	4718.52
755.38	5961.64
755.57	6780.82
755.76	7745.42
755.95	5996.45
756.14	3669.96
756.33	6109.09
756.52	5992.36
756.70	5691.31
756.89	5576.62
757.08	5734.31
757.27	5373.87
757.46	4487.10
757.65	3876.80
757.84	4661.18
758.03	4982.71
758.22	4210.62
758.41	4992.95
758.60	3891.14
758.79	4964.28
758.97	6434.72
759.16	6940.57
759.35	4878.26
759.54	6258.59
759.73	4530.11
759.92	3844.04
760.11	4218.82
760.30	5683.11
760.49	5085.11
760.67	4876.21
760.86	5693.35
761.05	8566.65
761.24	4091.84
761.43	3690.44
761.62	4857.78
761.81	5246.90
762.00	6573.98
762.19	4380.61
762.37	5351.34
762.56	6965.14
762.75	3493.83
762.94	5199.79
763.13	4446.14
763.32	5451.69
763.51	3569.61
763.70	4212.67
763.88	7024.53
764.07	6152.10
764.26	5185.46
764.45	3614.66
764.64	5150.64
764.83	7380.88
765.02	4839.35
765.20	5449.64
765.39	6545.31
765.58	7649.16
765.77	6385.57
765.96	8812.41
766.15	5136.31
766.33	5085.11
766.52	6856.60
766.71	5181.36
766.90	7092.12
767.09	4777.91
767.28	3096.53
767.46	4517.82
767.65	4353.98
767.84	5719.98
768.03	4048.83
768.22	3715.02
768.41	3467.21
768.59	4552.63
768.78	4171.71
768.97	5537.71
769.16	6721.43
769.35	3366.86
769.54	5726.12
769.72	5463.98
769.91	5496.75
770.10	8374.14
770.29	4284.35
770.48	5978.02
770.66	5779.37
770.85	5984.16
771.04	5930.92
771.23	3813.32
771.42	6840.22
771.60	6809.50
771.79	4691.90
771.98	5605.29
772.17	6135.71
772.36	7151.51
772.54	3737.54
772.73	4474.81
772.92	5509.04
773.11	4564.92
773.30	4462.52
773.48	3702.73
773.67	4425.66
773.86	5013.43
774.05	3889.09
774.23	6391.71
774.42	6279.07
774.61	6942.61
774.80	4663.22
774.99	3798.98
775.17	5711.78
775.36	6483.87
775.55	4466.62
775.74	4839.35
775.92	6684.57
776.11	5822.38
776.30	7470.99
776.49	4280.25
776.67	5085.11
776.86	3424.20
777.05	4423.61
777.24	4431.80
777.42	4890.55
777.61	3559.37
777.80	6881.18
777.99	4732.86
778.17	4540.35
778.36	5769.13
778.55	4382.65
778.74	5654.44
778.92	4816.82
779.11	5916.58
779.30	5038.00
779.49	4853.69
779.67	5627.82
779.86	4829.11
780.05	3743.69
780.24	3708.87
780.42	5912.49
780.61	5054.39
780.80	5470.12
780.98	3397.58
781.17	4351.93
781.36	4558.78
781.55	6164.39
781.73	3760.07
781.92	6246.30
782.11	5212.08
782.29	4833.21
782.48	4464.57
782.67	5840.81
782.86	6651.80
783.04	4583.35
783.23	4190.14
783.42	5283.76
783.60	7188.37
783.79	5390.25
783.98	4632.51
784.16	5183.41
784.35	5117.87
784.54	6150.05
784.73	4290.49
784.91	4593.59
785.10	4433.85
785.29	4665.27
785.47	6320.03
785.66	6563.74
785.85	4249.54
786.03	4945.84
786.22	3395.53
786.41	5574.57
786.59	6406.05
786.78	3657.67
786.97	4249.54
787.15	6168.48
787.34	6430.62
787.53	4679.61
787.71	5906.34
787.90	5431.21
788.09	5683.11
788.27	5816.23
788.46	5013.43
788.65	5246.90
788.83	6074.28
789.02	3375.05
789.21	3456.97
789.39	3510.22
789.58	6563.74
789.77	4161.47
789.95	3573.71
790.14	7143.32
790.33	5402.54
790.51	3727.30
790.70	6795.16
790.88	4779.96
791.07	4784.06
791.26	8124.29
791.44	5154.74
791.63	3889.09
791.82	6250.40
792.00	3821.51
792.19	5423.02
792.38	7200.66
792.56	5814.18
792.75	6043.56
792.93	6510.49
793.12	6365.09
793.31	5990.31
793.49	6670.23
793.68	4622.27
793.86	4739.00
794.05	7868.30
794.24	4423.61
794.42	5197.74
794.61	4757.43
794.80	5517.23
794.98	5394.35
795.17	4493.24
795.35	5963.68
795.54	5822.38
795.73	6213.54
795.91	9076.60
796.10	6516.64
796.28	7559.05
796.47	3198.93
796.66	4136.90
796.84	9068.41
797.03	5087.15
797.21	3309.52
797.40	5496.75
797.58	6387.61
797.77	5132.21
797.96	5691.31
798.14	8589.18
798.33	7788.43
798.51	6023.08
798.70	3620.81
798.88	5164.98
799.07	4960.18
799.26	4980.66
799.44	5543.85
799.63	5658.54
799.81	4265.92
800.00	5406.64
800.18	6324.13
800.37	5078.96
800.56	4538.30
800.74	5406.64
800.93	4779.96
801.11	4720.57
801.30	6322.08
801.48	4945.84
801.67	5814.18
801.85	6141.86
802.04	6246.30
802.22	4599.74
802.41	6117.28
802.60	5828.52
802.78	4306.88
802.97	4487.10
803.15	5859.24
803.34	5808.04
803.52	5717.93
803.71	5584.81
803.89	3821.51
804.08	7860.10
804.26	6518.68
804.45	5554.09
804.63	4695.99
804.82	5726.12
805.00	4341.69
805.19	8066.95
805.37	4386.75
805.56	4710.33
805.74	7872.39
805.93	5224.37
806.11	5853.09
806.30	4251.58
806.48	5017.52
806.67	6274.98
806.85	5357.49
807.04	5242.80
807.22	5717.93
807.41	5451.69
807.59	6686.62
807.78	4513.72
807.96	6643.61
808.15	4587.45
808.33	6356.90
808.52	8023.94
808.70	5472.17
808.89	7145.36
809.07	7888.78
809.26	5230.51
809.44	4333.50
809.63	6508.44
809.81	4685.75
810.00	6231.97
810.18	5660.59
810.37	4616.12
810.55	5879.72
810.74	5578.67
810.92	7241.62
811.11	7630.73
811.29	3147.73
811.48	4728.76
811.66	5201.84
811.84	3633.10
812.03	5998.50
812.21	5861.29
812.40	4818.87
812.58	3725.26
812.77	6303.65
812.95	4431.80
813.14	4659.13
813.32	4515.77
813.51	5341.10
813.69	5480.36
813.87	4337.60
814.06	4964.28
814.24	5140.40
814.43	3977.16
814.61	5085.11
814.80	6936.47
814.98	4011.97
815.16	5562.28
815.35	7270.29
815.53	9009.01
815.72	5519.28
815.90	4419.52
816.09	5531.56
816.27	5967.78
816.45	5930.92
816.64	5144.50
816.82	8066.95
817.01	4401.08
817.19	3971.01
817.37	5676.97
817.56	7002.01
817.74	3721.16
817.93	7294.86
818.11	4388.80
818.30	5052.34
818.48	4513.72
818.66	6252.45
818.85	4849.59
819.03	5865.38
819.21	6064.04
819.40	6547.36
819.58	9103.22
819.77	5275.57
819.95	5506.99
820.13	8329.09
820.32	4360.13
820.50	7516.05
820.69	7704.46
820.87	5357.49
821.05	4227.01
821.24	5324.72
821.42	5980.07
821.60	4032.45
821.79	7763.85
821.97	6371.23
822.16	7987.08
822.34	4786.10
822.52	6068.13
822.71	7198.61
822.89	7053.20
823.07	5568.43
823.26	4388.80
823.44	4587.45
823.62	4573.11
823.81	5904.29
823.99	3928.00
824.18	6436.77
824.36	5349.29
824.54	6082.47
824.73	7157.65
824.91	7952.26
825.09	6602.65
825.28	7446.41
825.46	7788.43
825.64	6397.85
825.83	5697.45
826.01	6215.59
826.19	5384.11
826.38	5212.08
826.56	5619.63
826.74	3897.28
826.93	5347.25
827.11	5441.45
827.29	5912.49
827.48	5175.22
827.66	6201.25
827.84	5304.24
828.03	5234.61
828.21	3981.25
828.39	4014.02
828.57	7600.01
828.76	7124.88
828.94	4417.47
829.12	8650.62
829.31	5314.48
829.49	5449.64
829.67	4161.47
829.86	5646.25
830.04	5406.64
830.22	5853.09
830.40	3841.99
830.59	5969.83
830.77	5359.53
830.95	6588.32
831.14	8640.38
831.32	5029.81
831.50	5334.96
831.69	6277.02
831.87	7620.49
832.05	4986.80
832.23	5439.40
832.42	6700.95
832.60	5314.48
832.78	4825.01
832.96	17194.75
833.15	7022.48
833.33	4218.82
833.51	8648.57
833.70	5416.88
833.88	5808.04
834.06	5896.10
834.24	5367.73
834.43	7638.92
834.61	6045.60
834.79	6670.23
834.97	9441.14
835.16	6104.99
835.34	6313.89
835.52	6893.46
835.70	5914.53
835.89	5529.52
836.07	7569.29
836.25	6961.05
836.43	4798.39
836.62	5906.34
836.80	7346.06
836.98	4837.30
837.16	5527.47
837.34	5529.52
837.53	7843.72
837.71	6160.29
837.89	8671.10
838.07	5994.40
838.26	7368.59
838.44	6967.19
838.62	10157.92
838.80	5889.96
838.99	6733.72
839.17	5543.85
839.35	6793.11
839.53	6027.17
839.71	7624.59
839.90	5128.11
840.08	6631.32
840.26	7600.01
840.44	6299.55
840.62	7923.59
840.81	4210.62
840.99	9379.70
841.17	5248.94
841.35	6625.18
841.53	5179.31
841.72	8351.62
841.90	6576.03
842.08	4687.80
842.26	4612.03
842.44	6674.33
842.63	8476.54
842.81	8331.14
842.99	6623.13
843.17	6938.52
843.35	6510.49
843.53	7593.87
843.72	6391.71
843.90	5920.68
844.08	5066.67
844.26	5443.50
844.44	6135.71
844.62	8290.18
844.81	7966.60
844.99	8535.93
845.17	5574.57
845.35	6545.31
845.53	6500.25
845.71	22660.77
845.90	5758.89
846.08	5615.53
846.26	5910.44
846.44	4497.34
846.62	6434.72
846.80	6201.25
846.98	6201.25
847.17	14282.53
847.35	9103.22
847.53	6807.45
847.71	7329.68
847.89	9232.24
848.07	5072.82
848.25	5869.48
848.44	5074.87
848.62	7161.75
848.80	5914.53
848.98	6221.73
849.16	6590.36
849.34	7716.75
849.52	6346.66
849.70	6461.34
849.89	7528.33
850.07	7067.54
850.25	7597.96
850.43	6320.03
850.61	6490.01
850.79	5715.88
850.97	5609.39
851.15	7223.19
851.33	6299.55
851.52	5629.87
851.70	8851.32
851.88	8038.28
852.06	5332.91
852.24	5420.97
852.42	8128.39
852.60	9201.52
852.78	9463.66
852.96	6649.75
853.14	6154.15
853.33	8908.66
853.51	6627.23
853.69	7034.77
853.87	7657.36
854.05	6418.33
854.23	4624.31
854.41	5267.38
854.59	6297.50
854.77	7380.88
854.95	6420.38
855.13	6455.20
855.31	7075.73
855.49	6240.16
855.68	5910.44
855.86	5529.52
856.04	9357.17
856.22	6297.50
856.40	6856.60
856.58	5695.40
856.76	7960.45
856.94	5715.88
857.12	7268.24
857.30	4632.51
857.48	6668.19
857.66	6848.41
857.84	11315.03
858.02	5814.18
858.20	8763.26
858.38	6815.64
858.56	6330.27
858.74	5253.04
858.92	5752.74
859.10	6901.65
859.29	7892.87
859.47	5382.06
859.65	8728.44
859.83	5830.57
860.01	6584.22
860.19	5361.58
860.37	7151.51
860.55	7675.79
860.73	5203.89
860.91	6021.03
861.09	8505.21
861.27	7391.12
861.45	7882.63
861.63	6422.43
861.81	8337.28
861.99	6293.41
862.17	6305.70
862.35	6635.42
862.53	6553.50
862.71	8175.49
862.89	6674.33
863.07	6870.94
863.25	7765.90
863.43	7782.28
863.61	8869.75
863.79	8482.69
863.97	8200.07
864.15	7708.55
864.33	6762.39
864.51	5842.85
864.69	5593.00
864.87	7769.99
865.05	6703.00
865.23	7630.73
865.41	6311.84
865.59	9232.24
865.77	6979.48
865.95	7739.27
866.13	5996.45
866.30	7241.62
866.48	6274.98
866.66	7296.91
866.84	6668.19
867.02	6948.76
867.20	6832.02
867.38	6285.22
867.56	7137.17
867.74	9250.67
867.92	7825.29
868.10	6860.70
868.28	6526.88
868.46	7856.01
868.64	8740.73
868.82	6707.10
869.00	7563.15
869.18	5928.87
869.36	10030.95
869.54	8118.15
869.72	8179.59
869.89	7575.44
870.07	7200.66
870.25	7595.92
870.43	8322.94
870.61	5851.05
870.79	7841.67
870.97	6049.70
871.15	8251.27
871.33	10661.73
871.51	7120.79
871.69	9402.22
871.87	7939.97
872.05	9449.33
872.22	8335.23
872.40	5711.78
872.58	7208.85
872.76	8988.53
872.94	8601.47
873.12	6393.76
873.30	5263.28
873.48	8140.68
873.66	7577.48
873.84	7835.53
874.01	8413.06
874.19	7212.95
874.37	7131.03
874.55	7135.12
874.73	7952.26
874.91	10622.81
875.09	7147.41
875.27	6176.67
875.45	7600.01
875.62	8288.13
875.80	7438.22
875.98	6983.57
876.16	7667.60
876.34	9838.44
876.52	7063.44
876.70	11001.69
876.88	6901.65
877.05	8779.64
877.23	8296.32
877.41	7454.61
877.59	11497.30
877.77	9242.48
877.95	7036.82
878.13	6756.25
878.30	7163.79
878.48	8931.19
878.66	8972.15
878.84	8824.70
879.02	6717.34
879.20	8836.99
879.37	8791.93
879.55	8449.92
879.73	9713.52
879.91	7944.07
880.09	8976.25
880.27	11435.86
880.45	8214.40
880.62	8226.69
880.80	8456.06
880.98	8071.04
881.16	7925.64
881.34	7870.34
881.51	7786.38
881.69	7550.86
881.87	7944.07
882.05	8345.47
882.23	7442.32
882.41	8486.78
882.58	8499.07
882.76	8830.84
882.94	8142.72
883.12	10125.16
883.30	9363.31
883.47	10051.43
883.65	9168.76
883.83	9371.50
884.01	7827.34
884.19	8492.93
884.36	8488.83
884.54	7159.70
884.72	9420.66
884.90	7780.23
885.08	10907.48
885.25	15410.96
885.43	9314.16
885.61	8814.46
885.79	8814.46
885.97	11501.39
886.14	11075.42
886.32	8884.09
886.50	11480.91
886.68	9545.58
886.85	8466.30
887.03	11155.29
887.21	9373.55
887.39	9123.70
887.56	11140.95
887.74	8607.61
887.92	9670.51
888.10	9336.69
888.27	9860.97
888.45	10682.20
888.63	11038.55
888.81	9437.04
888.99	8716.16
889.16	8652.67
889.34	8638.33
889.52	8460.16
889.69	10270.56
889.87	11040.60
890.05	9434.99
890.23	8755.07
890.40	8529.79
890.58	9688.94
890.76	10104.68
890.94	9224.05
891.11	8904.57
891.29	10948.44
891.47	8914.81
891.65	11370.32
891.82	11841.36
892.00	8642.43
892.18	10899.29
892.35	10516.32
892.53	10307.43
892.71	11706.19
892.89	11294.55
893.06	11186.01
893.24	10377.06
893.42	8900.47
893.59	9992.04
893.77	8896.38
893.95	10254.18
894.13	8716.16
894.30	11964.23
894.48	9961.32
894.66	14133.03
894.83	9959.27
895.01	11124.57
895.19	12658.49
895.36	10350.43
895.54	12865.34
895.72	10544.99
895.89	10413.92
896.07	10012.52
896.25	11407.19
896.43	10106.73
896.60	12365.64
896.78	10395.49
896.96	11349.84
897.13	12005.19
897.31	9598.83
897.49	11050.84
897.66	12644.16
897.84	11099.99
898.02	12537.66
898.19	11218.77
898.37	9951.08
898.55	11489.10
898.72	11802.44
898.90	12377.92
899.07	11345.75
899.25	11917.13
899.43	13145.91
899.60	14585.63
899.78	10127.21
899.96	9396.08
900.13	10762.08
900.31	12117.83
900.49	10542.94
900.66	14001.96
900.84	12627.78
901.02	13049.66
901.19	12250.95
901.37	10485.60
901.54	12408.64
901.72	10106.73
901.90	11581.26
902.07	11255.64
902.25	11595.60
902.43	11302.74
902.60	13434.68
902.78	10329.95
902.95	11867.98
903.13	11489.10
903.31	10919.77
903.48	11497.30
903.66	11454.29
903.83	12160.84
904.01	11319.12
904.19	10860.38
904.36	11788.11
904.54	10616.67
904.71	12123.98
904.89	10741.60
905.07	11939.66
905.24	11448.15
905.42	11702.09
905.59	13352.76
905.77	11958.09
905.95	12664.64
906.12	10868.57
906.30	11935.56
906.47	12951.35
906.65	14165.80
906.82	12578.62
907.00	13303.60
907.18	10168.16
907.35	10870.62
907.53	11915.08
907.70	11915.08
907.88	11257.68
908.05	18667.24
908.23	12209.99
908.41	12574.53
908.58	11202.39
908.76	9797.48
908.93	13137.72
909.11	12607.30
909.28	11052.89
909.46	11761.48
909.63	12152.65
909.81	12875.58
909.99	11687.76
910.16	10276.71
910.34	10205.03
910.51	12478.27
910.69	12287.81
910.86	10624.86
911.04	11360.08
911.21	9860.97
911.39	14171.94
911.56	10393.44
911.74	11323.22
911.91	11929.42
912.09	11444.05
912.26	10004.33
912.44	9494.38
912.62	10780.51
912.79	10608.48
912.97	11775.82
913.14	13682.48
913.32	12109.64
913.49	10491.74
913.67	11878.22
913.84	9084.79
914.02	10663.77
914.19	10669.92
914.37	11200.34
914.54	10332.00
914.72	9584.49
914.89	9647.98
915.07	13303.60
915.24	9934.70
915.42	10178.40
915.59	9826.15
915.77	13115.19
915.94	13645.62
916.12	14366.50
916.29	10731.36
916.46	11292.50
916.64	9994.09
916.81	13274.93
916.99	11599.70
917.16	9873.26
917.34	12654.40
917.51	12158.79
917.69	9994.09
917.86	8912.76
918.04	9809.77
918.21	13180.73
918.39	11026.26
918.56	10602.33
918.74	8892.28
918.91	12830.52
919.08	9015.16
919.26	11872.07
919.43	10141.54
919.61	10157.92
919.78	9879.40
919.96	12207.94
920.13	11984.71
920.31	10248.04
920.48	10360.67
920.65	9568.11
920.83	12326.72
921.00	10710.88
921.18	9238.39
921.35	10936.15
921.53	9795.43
921.70	8935.29
921.88	9332.59
922.05	9383.79
922.22	8451.97
922.40	9627.50
922.57	9680.75
922.75	8005.51
922.92	9715.56
923.09	10198.88
923.27	8773.50
923.44	12130.12
923.62	8511.36
923.79	11599.70
923.96	8959.86
924.14	7946.12
924.31	10264.42
924.49	9514.86
924.66	8646.52
924.83	9992.04
925.01	8118.15
925.18	12738.37
925.36	10809.18
925.53	8675.20
925.70	8290.18
925.88	8079.24
926.05	10823.51
926.23	10012.52
926.40	9541.49
926.57	9019.25
926.75	9193.33
926.92	7939.97
927.09	9914.22
927.27	7255.95
927.44	10495.84
927.62	8689.53
927.79	10481.50
927.96	8165.25
928.14	6987.67
928.31	9426.80
928.48	10868.57
928.66	8691.58
928.83	7096.21
929.00	8085.38
929.18	8281.99
929.35	8482.69
929.52	9953.13
929.70	9265.01
929.87	7651.21
930.05	7712.65
930.22	7583.63
930.39	8980.34
930.57	7010.20
930.74	10862.43
930.91	7413.65
931.09	10778.46
931.26	9041.78
931.43	9662.32
931.61	6109.09
931.78	8179.59
931.95	8316.80
932.12	10119.01
932.30	7137.17
932.47	9803.63
932.64	6868.89
932.82	6215.59
932.99	7677.83
933.16	7759.75
933.34	7585.68
933.51	8605.56
933.68	7487.37
933.86	7901.06
934.03	7499.66
934.20	7171.99
934.38	8617.85
934.55	6899.61
934.72	10170.21
934.89	9674.60
935.07	6569.88
935.24	8191.88
935.41	7769.99
935.59	7559.05
935.76	7131.03
935.93	7634.83
936.10	7040.92
936.28	7802.76
936.45	7073.68
936.62	7477.13
936.79	9357.17
936.97	7888.78
937.14	7282.58
937.31	8439.68
937.49	6512.54
937.66	8636.28
937.83	9258.87
938.00	8591.23
938.18	9533.29
938.35	8902.52
938.52	7034.77
938.69	6967.19
938.87	7534.48
939.04	8257.41
939.21	7108.50
939.38	7133.08
939.56	6995.86
939.73	5478.32
939.90	6520.73
940.07	6256.54
940.25	6987.67
940.42	7208.85
940.59	7305.10
940.76	6766.49
940.94	6477.73
941.11	6477.73
941.28	7196.56
941.45	7927.69
941.62	7092.12
941.80	5869.48
941.97	7778.19
942.14	6414.24
942.31	9074.55
942.48	6166.43
942.66	6977.43
942.83	8267.65
943.00	4919.22
943.17	8329.09
943.35	7937.93
943.52	6805.40
943.69	5347.25
943.86	6381.47
944.03	5306.29
944.21	10094.44
944.38	6061.99
944.55	7356.30
944.72	6772.63
944.89	6256.54
945.06	5713.83
945.24	6231.97
945.41	10399.59
945.58	7810.95
945.75	7708.55
945.92	6487.96
946.10	8798.07
946.27	5095.35
946.44	6682.52
946.61	5588.91
946.78	7939.97
946.95	5095.35
947.13	4669.37
947.30	6938.52
947.47	6324.13
947.64	7088.02
947.81	8454.02
947.98	7202.71
948.16	7143.32
948.33	5840.81
948.50	5992.36
948.67	6682.52
948.84	7524.24
949.01	5896.10
949.18	6621.08
949.36	8624.00
949.53	6115.23
949.70	7012.24
949.87	7376.78
950.04	5754.79
950.21	6602.65
950.38	5238.70
950.56	5855.14
950.73	6461.34
950.90	6305.70
951.07	7305.10
951.24	6838.17
951.41	6047.65
951.58	5867.43
951.75	7313.30
951.92	4964.28
952.10	6082.47
952.27	4790.20
952.44	7290.77
952.61	11495.25
952.78	6346.66
952.95	4667.32
953.12	7612.30
953.29	6461.34
953.46	6340.51
953.64	7266.19
953.81	5584.81
953.98	6227.87
954.15	6404.00
954.32	5986.21
954.49	4968.37
954.66	6662.04
954.83	6385.57
955.00	5216.18
955.17	6932.37
955.34	5455.79
955.51	5816.23
955.69	11421.52
955.86	6651.80
956.03	4732.86
956.20	7135.12
956.37	7036.82
956.54	4796.34
956.71	6414.24
956.88	6234.02
957.05	6119.33
957.22	5408.69
957.39	6844.31
957.56	6262.69
957.73	4855.73
957.90	5169.07
958.07	7737.23
958.24	6885.27
958.41	5717.93
958.59	6789.02
958.76	7083.92
958.93	8861.56
959.10	5269.42
959.27	5326.77
959.44	7600.01
959.61	5392.30
959.78	6094.76
959.95	5218.22
960.12	7475.09
960.29	7692.17
960.46	5576.62
960.63	4001.73
960.80	5506.99
960.97	6086.56
961.14	4624.31
961.31	6115.23
961.48	7716.75
961.65	7405.46
961.82	6188.96
961.99	6049.70
962.16	4978.61
962.33	5791.66
962.50	6131.62
962.67	5316.53
962.84	6750.10
963.01	4710.33
963.18	4632.51
963.35	4992.95
963.52	6862.74
963.69	5457.84
963.86	7722.89
964.03	7432.08
964.20	8277.89
964.37	7163.79
964.54	6846.36
964.71	5701.54
964.88	5816.23
965.05	5777.32
965.22	5406.64
965.39	7051.16
965.56	4437.95
965.73	5939.11
965.90	6905.75
966.07	5201.84
966.24	5197.74
966.41	5959.59
966.58	5236.66
966.74	7638.92
966.91	8034.18
967.08	9361.27
967.25	4548.54
967.42	5218.22
967.59	8386.43
967.76	5289.90
967.93	6125.47
968.10	4831.16
968.27	6064.04
968.44	6086.56
968.61	5535.66
968.78	4763.58
968.95	5382.06
969.12	6514.59
969.29	6543.26
969.46	4968.37
969.62	6330.27
969.79	5056.43
969.96	3952.58
970.13	5035.96
970.30	6803.35
970.47	6313.89
970.64	7176.08
970.81	6793.11
970.98	5451.69
971.15	6258.59
971.32	4423.61
971.49	6901.65
971.65	6635.42
971.82	6645.66
971.99	5777.32
972.16	6700.95
972.33	5218.22
972.50	5042.10
972.67	6207.39
972.84	5529.52
973.01	4917.17
973.17	6717.34
973.34	6922.13
973.51	7313.30
973.68	4804.53
973.85	5509.04
974.02	5269.42
974.19	5027.76
974.36	6383.52
974.53	6981.53
974.69	6512.54
974.86	5119.92
975.03	6846.36
975.20	5322.67
975.37	6512.54
975.54	6852.50
975.71	7096.21
975.87	6717.34
976.04	7397.26
976.21	6389.66
976.38	5767.08
976.55	5310.38
976.72	4765.62
976.89	6864.79
977.05	5920.68
977.22	8241.03
977.39	4358.08
977.56	7296.91
977.73	5869.48
977.90	4165.57
978.06	6055.84
978.23	5926.82
978.40	4984.76
978.57	7716.75
978.74	6289.31
978.91	7225.23
979.07	4849.59
979.24	7554.96
979.41	5955.49
979.58	6641.56
979.75	6479.77
979.91	4009.92
980.08	3807.17
980.25	6184.87
980.42	6295.46
980.59	5324.72
980.75	5074.87
980.92	5472.17
981.09	5617.58
981.26	6817.69
981.43	7554.96
981.59	6191.01
981.76	5863.33
981.93	6090.66
982.10	5296.05
982.27	4980.66
982.43	4988.85
982.60	4755.38
982.77	4777.91
982.94	5384.11
983.11	4577.21
983.27	4612.03
983.44	5445.55
983.61	5857.19
983.78	8126.34
983.94	7903.11
984.11	4972.47
984.28	5926.82
984.45	7497.61
984.61	4224.96
984.78	5052.34
984.95	5019.57
985.12	5937.06
985.28	7223.19
985.45	4415.42
985.62	4476.86
985.79	4833.21
985.95	5457.84
986.12	3954.63
986.29	5242.80
986.46	6930.33
986.62	6504.35
986.79	5748.65
986.96	4853.69
987.13	6307.74
987.29	8118.15
987.46	5453.74
987.63	6471.58
987.80	4396.99
987.96	8824.70
988.13	5320.62
988.30	4911.03
988.46	4970.42
988.63	6766.49
988.80	3975.11
988.97	4093.89
989.13	5404.59
989.30	6397.85
989.47	3710.92
989.63	3223.50
989.80	6825.88
989.97	5996.45
990.13	4028.35
990.30	8077.19
990.47	5291.95
990.64	4657.08
990.80	3954.63
990.97	5201.84
991.14	4394.94
991.30	5619.63
991.47	4632.51
991.64	5011.38
991.80	5201.84
991.97	5154.74
992.14	3833.80
992.30	8691.58
992.47	5136.31
992.64	5042.10
992.80	4818.87
992.97	3743.69
993.14	8400.77
993.30	12330.82
993.47	4331.45
993.64	4569.02
993.80	6803.35
993.97	4575.16
994.14	5265.33
994.30	7202.71
994.47	6166.43
994.64	5111.73
994.80	6080.42
994.97	3915.72
995.14	7075.73
995.30	5844.90
995.47	5769.13
995.63	5951.40
995.80	6141.86
995.97	9494.38
996.13	4698.04
996.30	4026.31
996.47	5203.89
996.63	9265.01
996.80	8787.83
996.97	5648.30
997.13	4708.28
997.30	6635.42
997.46	4677.56
997.63	6047.65
997.80	6746.01
997.96	6344.61
998.13	4587.45
998.29	4517.82
998.46	5406.64
998.63	4843.45
998.79	4018.11
998.96	5887.91
999.12	7528.33
999.29	5427.12
999.46	5320.62
999.62	7075.73
999.79	5578.67
999.95	5271.47
1000.12	5044.15
1000.29	4177.86
1000.45	6248.35
1000.62	5656.49
1000.78	5466.03
1000.95	4519.87
1001.11	5885.86
1001.28	5668.78
1001.45	3981.25
1001.61	6647.71
1001.78	6692.76
1001.94	6549.40
1002.11	5509.04
1002.27	6690.71
1002.44	7344.02
1002.61	5402.54
1002.77	4855.73
1002.94	4071.36
1003.10	5136.31
1003.27	6668.19
1003.43	4958.13
1003.60	5580.71
1003.76	4603.83
1003.93	8142.72
1004.10	5957.54
1004.26	6322.08
1004.43	5926.82
1004.59	8699.77
1004.76	4179.90
1004.92	4933.56
1005.09	9033.59
1005.25	6385.57
1005.42	4999.09
1005.58	7442.32
1005.75	6672.28
1005.91	5562.28
1006.08	7520.14
1006.24	3981.25
1006.41	4726.71
1006.57	5740.46
1006.74	4984.76
1006.90	5167.03
1007.07	4974.52
1007.23	8327.04
1007.40	4865.97
1007.56	4569.02
1007.73	5599.15
1007.89	6633.37
1008.06	7327.63
1008.22	5312.43
1008.39	6174.63
1008.55	4732.86
1008.72	5756.84
1008.88	4616.12
1009.05	5242.80
1009.21	6807.45
1009.38	3815.37
1009.54	4980.66
1009.71	7675.79
1009.87	7794.57
1010.04	3416.01
1010.20	5386.16
1010.37	4298.69
1010.53	7444.37
1010.70	5543.85
1010.86	3760.07
1011.03	4648.89
1011.19	4317.12
1011.35	6528.92
1011.52	5377.97
1011.68	5420.97
1011.85	5017.52
1012.01	6217.63
1012.18	6023.08
1012.34	4503.48
1012.51	5011.38
1012.67	5250.99
1012.83	5543.85
1013.00	5986.21
1013.16	3975.11
1013.33	5285.81
1013.49	8390.53
1013.66	5900.20
1013.82	8746.87
1013.99	5394.35
1014.15	6027.17
1014.31	6864.79
1014.48	6639.51
1014.64	6277.02
1014.81	5617.58
1014.97	4061.12
1015.13	6563.74
1015.30	5539.76
1015.46	5625.77
1015.63	4667.32
1015.79	4597.69
1015.95	4364.22
1016.12	4470.72
1016.28	5691.31
1016.45	4816.82
1016.61	5521.32
1016.77	4556.73
1016.94	5453.74
1017.10	6045.60
1017.27	5726.12
1017.43	4358.08
1017.59	5969.83
1017.76	7370.64
1017.92	4655.03
1018.09	4577.21
1018.25	7403.41
1018.41	6926.23
1018.58	5429.17
1018.74	4820.92
1018.90	5181.36
1019.07	6492.06
1019.23	4597.69
1019.40	4605.88
1019.56	6471.58
1019.72	4704.18
1019.89	6299.55
1020.05	9289.59
1020.21	6672.28
1020.38	5330.86
1020.54	4562.87
1020.70	5912.49
1020.87	5550.00
1021.03	6348.70
1021.19	5265.33
1021.36	3456.97
1021.52	6451.10
1021.68	8427.39
1021.85	9863.02
1022.01	6076.32
1022.17	5627.82
1022.34	5167.03
1022.50	5289.90
1022.66	5871.53
1022.83	7450.51
1022.99	6217.63
1023.15	4773.82
1023.32	7231.38
1023.48	6016.93
1023.64	5275.57
1023.81	3688.39
1023.97	6107.04
1024.13	6545.31
1024.30	4732.86
1024.46	6872.98
1024.62	5705.64
1024.79	5713.83
1024.95	7147.41
1025.11	4921.27
1025.27	5906.34
1025.44	4851.64
1025.60	5193.65
1025.76	6444.96
1025.93	4831.16
1026.09	5445.55
1026.25	5021.62
1026.41	6119.33
1026.58	3882.95
1026.74	5640.11
1026.90	6567.84
1027.07	6633.37
1027.23	4224.96
1027.39	6043.56
1027.55	6377.37
1027.72	5291.95
1027.88	6840.22
1028.04	6633.37
1028.20	5412.78
1028.37	3366.86
1028.53	6277.02
1028.69	4849.59
1028.85	6578.08
1029.02	6856.60
1029.18	4626.36
1029.34	4495.29
1029.50	5603.24
1029.67	6944.66
1029.83	4822.97
1029.99	6260.64
1030.15	5050.29
1030.32	5095.35
1030.48	6252.45
1030.64	5066.67
1030.80	6602.65
1030.97	6664.09
1031.13	5197.74
1031.29	8327.04
1031.45	7384.98
1031.61	4814.77
1031.78	4845.49
1031.94	7733.13
1032.10	5627.82
1032.26	6447.01
1032.42	5683.11
1032.59	7135.12
1032.75	5552.04
1032.91	4267.97
1033.07	4865.97
1033.24	4595.64
1033.40	8781.69
1033.56	6424.48
1033.72	4620.22
1033.88	6436.77
1034.04	8714.11
1034.21	6526.88
1034.37	5871.53
1034.53	6000.55
1034.69	5070.77
1034.85	4976.56
1035.02	4560.83
1035.18	4259.78
1035.34	6285.22
1035.50	4173.76
1035.66	5857.19
1035.82	5318.57
1035.99	6340.51
1036.15	5693.35
1036.31	7184.27
1036.47	6272.93
1036.63	10282.85
1036.79	8609.66
1036.96	6567.84
1037.12	7153.55
1037.28	4376.51
1037.44	3325.90
1037.60	4808.63
1037.76	6039.46
1037.92	4968.37
1038.09	3489.74
1038.25	7579.53
1038.41	6053.80
1038.57	6789.02
1038.73	5713.83
1038.89	4896.69
1039.05	6698.91
1039.22	5287.86
1039.38	5445.55
1039.54	8191.88
1039.70	7034.77
1039.86	6721.43
1040.02	4331.45
1040.18	4741.05
1040.34	5736.36
1040.51	5244.85
1040.67	11884.36
1040.83	7714.70
1040.99	7339.92
1041.15	7909.26
1041.31	5035.96
1041.47	6950.81
1041.63	6659.99
