345.74	1351.66
345.96	1351.66
346.17	1351.66
346.39	1372.14
346.60	1386.47
346.81	4222.91
347.03	4427.71
347.24	5595.05
347.46	6215.59
347.67	5298.10
347.89	3864.52
348.10	5001.14
348.32	4849.59
348.53	4157.38
348.75	4628.41
348.96	3727.30
349.18	5771.18
349.39	3932.10
349.61	3925.96
349.82	5230.51
350.04	4884.41
350.25	4175.81
350.47	4399.04
350.68	5758.89
350.90	5961.64
351.11	4016.07
351.32	4409.28
351.54	6152.10
351.75	5691.31
351.97	4003.78
352.18	3594.19
352.40	4241.34
352.61	5302.19
352.83	5388.21
353.04	3973.06
353.26	5937.06
353.47	4749.24
353.69	4988.85
353.90	4470.72
354.11	4364.22
354.33	6987.67
354.54	2992.08
354.76	4515.77
354.97	4489.15
355.19	5318.57
355.40	4501.44
355.62	6299.55
355.83	4607.93
356.04	5033.91
356.26	3733.45
356.47	4603.83
356.69	3862.47
356.90	7315.34
357.12	3577.80
357.33	3475.40
357.55	4739.00
357.76	4808.63
357.97	3739.59
358.19	4855.73
358.40	3866.56
358.62	6940.57
358.83	3821.51
359.05	5316.53
359.26	4331.45
359.47	5164.98
359.69	4753.34
359.90	6018.98
360.12	3870.66
360.33	5320.62
360.55	4007.87
360.76	5703.59
360.97	6164.39
361.19	6164.39
361.40	4057.03
361.62	4054.98
361.83	5943.21
362.04	6627.23
362.26	4675.51
362.47	4468.67
362.69	4722.62
362.90	4464.57
363.12	3528.65
363.33	4014.02
363.54	5095.35
363.76	6000.55
363.97	3979.20
364.19	4396.99
364.40	6213.54
364.61	4313.02
364.83	3258.32
365.04	5011.38
365.26	4532.15
365.47	6010.79
365.68	4140.99
365.90	3948.48
366.11	4673.46
366.33	6217.63
366.54	3735.50
366.75	4030.40
366.97	3823.56
367.18	4206.53
367.40	5617.58
367.61	4220.86
367.82	4775.86
368.04	5795.75
368.25	5175.22
368.46	4972.47
368.68	4380.61
368.89	6948.76
369.11	4429.76
369.32	5029.81
369.53	7016.34
369.75	5113.78
369.96	6778.78
370.18	5339.05
370.39	4208.58
370.60	4708.28
370.82	3831.75
371.03	4163.52
371.24	7892.87
371.46	4382.65
371.67	4773.82
371.88	3745.73
372.10	4005.83
372.31	3956.68
372.53	3221.45
372.74	4298.69
372.95	4485.05
373.17	4210.62
373.38	5492.65
373.59	4603.83
373.81	4425.66
374.02	5730.22
374.23	3749.83
374.45	6166.43
374.66	5371.82
374.88	4722.62
375.09	3932.10
375.30	5953.45
375.52	5013.43
375.73	6922.13
375.94	3403.72
376.16	5197.74
376.37	5631.91
376.58	6055.84
376.80	5361.58
377.01	5420.97
377.22	8630.14
377.44	5164.98
377.65	4814.77
377.86	3379.15
378.08	5193.65
378.29	4669.37
378.50	4919.22
378.72	3416.01
378.93	7511.95
379.14	5494.70
379.36	6635.42
379.57	4493.24
379.78	4229.06
380.00	5152.69
380.21	3504.07
380.42	3186.64
380.64	3604.42
380.85	3796.93
381.06	5177.26
381.28	3629.00
381.49	7331.73
381.70	4095.94
381.92	4663.22
382.13	5054.39
382.34	7649.16
382.56	6506.40
382.77	4138.94
382.98	4822.97
383.19	5660.59
383.41	5154.74
383.62	4734.90
383.83	5203.89
384.05	5455.79
384.26	5195.70
384.47	5105.59
384.69	4243.39
384.90	4939.70
385.11	6668.19
385.33	4718.52
385.54	5060.53
385.75	4853.69
385.96	5412.78
386.18	7671.69
386.39	4890.55
386.60	4648.89
386.82	6979.48
387.03	5455.79
387.24	4493.24
387.45	4743.10
387.67	3954.63
387.88	5793.70
388.09	4814.77
388.31	4675.51
388.52	4505.53
388.73	7264.15
388.94	4648.89
389.16	5805.99
389.37	4079.55
389.58	5357.49
389.80	4833.21
390.01	4390.84
390.22	5199.79
390.43	5775.27
390.65	5046.20
390.86	5724.07
391.07	5595.05
391.29	4874.17
391.50	3301.33
391.71	6293.41
391.92	6946.71
392.14	4440.00
392.35	4794.29
392.56	4339.65
392.77	5670.83
392.99	4886.45
393.20	3463.12
393.41	4218.82
393.62	4231.10
393.84	4366.27
394.05	4986.80
394.26	5404.59
394.47	6213.54
394.69	6555.55
394.90	5545.90
395.11	4425.66
395.32	4118.47
395.54	4233.15
395.75	4206.53
395.96	4087.75
396.17	7085.97
396.39	6225.82
396.60	3983.30
396.81	5138.35
397.02	4255.68
397.24	5689.26
397.45	6158.24
397.66	3796.93
397.87	5879.72
398.09	5445.55
398.30	4607.93
398.51	5015.48
398.72	4507.58
398.94	5126.07
399.15	6733.72
399.36	5918.63
399.57	5287.86
399.79	5461.93
400.00	7186.32
400.21	3594.19
400.42	5785.51
400.63	5062.58
400.85	5930.92
401.06	4947.89
401.27	5040.05
401.48	8415.10
401.70	4470.72
401.91	7427.98
402.12	6068.13
402.33	6547.36
402.54	4304.83
402.76	4732.86
402.97	6889.37
403.18	5205.94
403.39	4446.14
403.60	5846.95
403.82	4579.26
404.03	2818.00
404.24	4136.90
404.45	5427.12
404.66	6389.66
404.88	3364.81
405.09	6754.20
405.30	5085.11
405.51	4671.42
405.73	4986.80
405.94	3882.95
406.15	4542.39
406.36	4782.01
406.57	4820.92
406.78	4706.23
407.00	5070.77
407.21	6397.85
407.42	4167.62
407.63	7108.50
407.84	4931.51
408.06	4788.15
408.27	3567.56
408.48	4401.08
408.69	4937.65
408.90	4331.45
409.12	3831.75
409.33	4966.32
409.54	3487.69
409.75	5130.16
409.96	4995.00
410.17	5363.63
410.39	4591.55
410.60	6879.13
410.81	3735.50
411.02	5506.99
411.23	14102.31
411.44	4476.86
411.66	5195.70
411.87	6399.90
412.08	6889.37
412.29	3782.60
412.50	4726.71
412.71	4087.75
412.93	3827.65
413.14	4378.56
413.35	5697.45
413.56	4100.03
413.77	5228.46
413.98	5179.31
414.20	4214.72
414.41	5629.87
414.62	4065.22
414.83	3502.03
415.04	4603.83
415.25	5398.45
415.46	5826.47
415.68	4544.44
415.89	3649.48
416.10	4784.06
416.31	3669.96
416.52	5636.01
416.73	5154.74
416.94	4186.05
417.16	5484.46
417.37	5083.06
417.58	5384.11
417.79	3925.96
418.00	4951.99
418.21	4874.17
418.42	5308.34
418.64	3995.59
418.85	3940.29
419.06	4667.32
419.27	4595.64
419.48	5314.48
419.69	4865.97
419.90	3626.95
420.11	4374.46
420.33	3999.68
420.54	6647.71
420.75	6459.29
420.96	3827.65
421.17	5463.98
421.38	4792.25
421.59	4077.51
421.80	4194.24
422.02	5111.73
422.23	5113.78
422.44	5840.81
422.65	4652.98
422.86	4661.18
423.07	3688.39
423.28	5173.17
423.49	2852.82
423.70	4308.93
423.92	3819.46
424.13	6100.90
424.34	3547.08
424.55	4298.69
424.76	5748.65
424.97	6707.10
425.18	4220.86
425.39	4970.42
425.60	3833.80
425.81	4804.53
426.03	4749.24
426.24	4552.63
426.45	4282.30
426.66	7505.81
426.87	4509.63
427.08	5935.01
427.29	4544.44
427.50	5142.45
427.71	4485.05
427.92	4186.05
428.13	3839.94
428.34	4673.46
428.56	5816.23
428.77	6152.10
428.98	7640.97
429.19	4962.23
429.40	5808.04
429.61	4702.14
429.82	5124.02
430.03	4698.04
430.24	5652.39
430.45	3440.59
430.66	5111.73
430.87	4569.02
431.08	4966.32
431.30	3493.83
431.51	5052.34
431.72	4851.64
431.93	5762.98
432.14	3514.31
432.35	4888.50
432.56	6717.34
432.77	4235.20
432.98	4902.84
433.19	4448.19
433.40	4732.86
433.61	3733.45
433.82	4980.66
434.03	3766.21
434.24	4044.74
434.45	7638.92
434.66	6477.73
434.87	5308.34
435.09	4710.33
435.30	5140.40
435.51	5429.17
435.72	5146.55
435.93	4198.34
436.14	5511.08
436.35	4712.38
436.56	5355.44
436.77	4523.96
436.98	3690.44
437.19	5646.25
437.40	6496.16
437.61	5504.94
437.82	4538.30
438.03	4583.35
438.24	5160.88
438.45	5195.70
438.66	3796.93
438.87	3612.62
439.08	5072.82
439.29	4394.94
439.50	6203.30
439.71	7571.34
439.92	4327.36
440.13	4190.14
440.34	4401.08
440.55	4872.12
440.76	4462.52
440.97	6379.42
441.18	4980.66
441.39	3833.80
441.60	4935.60
441.81	4767.67
442.02	4315.07
442.23	4587.45
442.44	5525.42
442.65	4997.04
442.86	5380.01
443.07	4810.68
443.28	5140.40
443.49	5793.70
443.70	4583.35
443.91	3532.75
444.12	4800.44
444.33	4708.28
444.54	5093.30
444.75	4079.55
444.96	5666.73
445.17	7171.99
445.38	6297.50
445.59	4546.49
445.80	4513.72
446.01	4517.82
446.22	6971.29
446.43	4091.84
446.64	4333.50
446.85	4712.38
447.06	4186.05
447.27	4769.72
447.48	7272.34
447.69	4722.62
447.90	4796.34
448.11	3157.97
448.32	5011.38
448.53	5001.14
448.74	4720.57
448.95	4341.69
449.16	3891.14
449.37	5189.55
449.58	3514.31
449.79	3940.29
450.00	3512.27
450.21	4317.12
450.42	4005.83
450.63	3622.86
450.84	3622.86
451.05	4331.45
451.26	4472.76
451.47	5130.16
451.68	5257.14
451.89	4755.38
452.10	5384.11
452.30	6068.13
452.51	5715.88
452.72	3825.61
452.93	4612.03
453.14	4136.90
453.35	4861.88
453.56	6031.27
453.77	4216.77
453.98	4192.19
454.19	6207.39
454.40	4480.96
454.61	4511.68
454.82	4933.56
455.03	3448.78
455.24	3473.36
455.45	4706.23
455.66	5883.81
455.87	4292.54
456.07	3895.24
456.28	3446.73
456.49	3655.62
456.70	5070.77
456.91	4521.92
457.12	3692.49
457.33	3805.13
457.54	5029.81
457.75	5724.07
457.96	6094.76
458.17	5134.26
458.38	4550.59
458.59	3766.21
458.79	2944.98
459.00	3127.25
459.21	3397.58
459.42	3430.35
459.63	4366.27
459.84	3063.76
460.05	9226.10
460.26	4956.08
460.47	4280.25
460.68	4102.08
460.89	5545.90
461.09	6000.55
461.30	5871.53
461.51	4165.57
461.72	5814.18
461.93	5265.33
462.14	4038.59
462.35	3317.71
462.56	5300.14
462.77	3250.13
462.98	6242.21
463.18	4124.61
463.39	4880.31
463.60	5740.46
463.81	5195.70
464.02	6397.85
464.23	4800.44
464.44	7901.06
464.65	4546.49
464.86	4118.47
465.06	3098.58
465.27	4665.27
465.48	3391.44
465.69	4366.27
465.90	5093.30
466.11	4693.94
466.32	4030.40
466.53	3192.78
466.74	5265.33
466.94	4677.56
467.15	5113.78
467.36	3901.38
467.57	6035.36
467.78	5033.91
467.99	4548.54
468.20	6866.84
468.40	4001.73
468.61	3760.07
468.82	4333.50
469.03	6387.61
469.24	6016.93
469.45	4407.23
469.66	4673.46
469.86	4511.68
470.07	5457.84
470.28	4372.41
470.49	4136.90
470.70	4153.28
470.91	4224.96
471.12	5316.53
471.32	4440.00
471.53	4079.55
471.74	5681.07
471.95	4806.58
472.16	3784.65
472.37	4954.04
472.58	5930.92
472.78	3858.37
472.99	3915.72
473.20	4548.54
473.41	4415.42
473.62	3575.75
473.83	6270.88
474.03	5195.70
474.24	5025.72
474.45	5001.14
474.66	4044.74
474.87	4550.59
475.08	4016.07
475.28	6150.05
475.49	6021.03
475.70	4302.78
475.91	4997.04
476.12	4310.97
476.32	4388.80
476.53	4446.14
476.74	5062.58
476.95	5009.33
477.16	3854.28
477.37	5717.93
477.57	5042.10
477.78	4339.65
477.99	3672.01
478.20	4882.36
478.41	5480.36
478.61	5900.20
478.82	6039.46
479.03	4569.02
479.24	5101.49
479.45	4186.05
479.65	3565.51
479.86	5021.62
480.07	5267.38
480.28	4458.43
480.49	10960.73
480.69	4270.01
480.90	4988.85
481.11	3878.85
481.32	3065.81
481.53	4446.14
481.73	4603.83
481.94	4988.85
482.15	4982.71
482.36	4405.18
482.57	4227.01
482.77	6723.48
482.98	5930.92
483.19	5060.53
483.40	3803.08
483.60	4554.68
483.81	5164.98
484.02	5515.18
484.23	4024.26
484.44	3391.44
484.64	4243.39
484.85	4380.61
485.06	4710.33
485.27	4401.08
485.47	4607.93
485.68	5339.05
485.89	5386.16
486.10	7208.85
486.31	6313.89
486.51	5502.89
486.72	4046.79
486.93	4448.19
487.14	4546.49
487.34	3817.41
487.55	4245.44
487.76	5472.17
487.97	5173.17
488.17	4231.10
488.38	4118.47
488.59	4149.18
488.80	5588.91
489.00	5404.59
489.21	5480.36
489.42	4366.27
489.63	5494.70
489.83	5234.61
490.04	3917.76
490.25	4054.98
490.46	4425.66
490.66	5660.59
490.87	4417.47
491.08	3862.47
491.29	4665.27
491.49	4419.52
491.70	4077.51
491.91	4536.25
492.11	4743.10
492.32	4249.54
492.53	2985.94
492.74	6131.62
492.94	6152.10
493.15	5347.25
493.36	4444.09
493.57	4865.97
493.77	4399.04
493.98	5451.69
494.19	5537.71
494.39	5085.11
494.60	3655.62
494.81	4155.33
495.02	5705.64
495.22	5975.97
495.43	3362.76
495.64	3413.96
495.84	3600.33
496.05	5859.24
496.26	5461.93
496.47	5351.34
496.67	6188.96
496.88	4810.68
497.09	5525.42
497.29	3047.38
497.50	3063.76
497.71	4732.86
497.91	3465.16
498.12	5754.79
498.33	4245.44
498.54	5476.27
498.74	5074.87
498.95	3610.57
499.16	5019.57
499.36	4847.54
499.57	3913.67
499.78	4382.65
499.98	4194.24
500.19	3674.06
500.40	4534.20
500.60	6143.91
500.81	4194.24
501.02	5337.01
501.22	7509.90
501.43	4229.06
501.64	4329.41
501.85	5246.90
502.05	7657.36
502.26	3577.80
502.47	6061.99
502.67	4421.56
502.88	4741.05
503.09	6037.41
503.29	3258.32
503.50	4728.76
503.71	6922.13
503.91	4792.25
504.12	4069.31
504.33	4767.67
504.53	4726.71
504.74	5406.64
504.95	5865.38
505.15	4841.40
505.36	6082.47
505.56	4603.83
505.77	7380.88
505.98	3844.04
506.18	6643.61
506.39	4329.41
506.60	4368.32
506.80	5539.76
507.01	4575.16
507.22	4349.89
507.42	5652.39
507.63	4071.36
507.84	5111.73
508.04	2809.81
508.25	5322.67
508.45	7008.15
508.66	4216.77
508.87	3919.81
509.07	5580.71
509.28	5595.05
509.49	3825.61
509.69	5150.64
509.90	5150.64
510.11	3862.47
510.31	4685.75
510.52	4511.68
510.72	4476.86
510.93	4900.79
511.14	4177.86
511.34	3669.96
511.55	4048.83
511.76	7350.16
511.96	6901.65
512.17	4892.60
512.37	5715.88
512.58	4534.20
512.79	3489.74
512.99	4734.90
513.20	4896.69
513.40	5697.45
513.61	4865.97
513.82	4403.13
514.02	3397.58
514.23	4204.48
514.43	6715.29
514.64	4622.27
514.85	5148.59
515.05	5572.52
515.26	5435.31
515.46	6109.09
515.67	5666.73
515.88	4292.54
516.08	6469.53
516.29	4548.54
516.49	3895.24
516.70	4067.27
516.91	4276.16
517.11	5877.67
517.32	4530.11
517.52	5248.94
517.73	3702.73
517.93	6070.18
518.14	5873.57
518.35	3897.28
518.55	3364.81
518.76	5722.02
518.96	6168.48
519.17	4018.11
519.38	4693.94
519.58	5423.02
519.79	4407.23
519.99	4765.62
520.20	4448.19
520.40	4134.85
520.61	4456.38
520.82	6684.57
521.02	6184.87
521.23	5380.01
521.43	5060.53
521.64	3366.86
521.84	4030.40
522.05	3829.70
522.25	3792.84
522.46	4044.74
522.67	4820.92
522.87	6455.20
523.08	5382.06
523.28	4112.32
523.49	6031.27
523.69	4786.10
523.90	4511.68
524.10	5427.12
524.31	4343.74
524.51	6004.64
524.72	5547.95
524.93	5855.14
525.13	4530.11
525.34	4732.86
525.54	4798.39
525.75	5185.46
525.95	3252.17
526.16	6483.87
526.36	4276.16
526.57	6045.60
526.77	3366.86
526.98	7493.52
527.18	3903.43
527.39	4175.81
527.59	6571.93
527.80	4802.49
528.00	5023.67
528.21	5224.37
528.42	4255.68
528.62	5136.31
528.83	4906.93
529.03	7348.11
529.24	5298.10
529.44	4446.14
529.65	4995.00
529.85	4902.84
530.06	6236.06
530.26	4450.24
530.47	5703.59
530.67	6205.35
530.88	3776.45
531.08	4962.23
531.29	4401.08
531.49	4278.21
531.70	5482.41
531.90	4095.94
532.11	4980.66
532.31	5107.63
532.52	5283.76
532.72	3432.40
532.93	5107.63
533.13	3981.25
533.34	4196.29
533.54	5332.91
533.75	3545.03
533.95	4249.54
534.16	4378.56
534.36	4710.33
534.57	3950.53
534.77	5887.91
534.97	5197.74
535.18	4227.01
535.38	3989.44
535.59	3239.89
535.79	4302.78
536.00	3772.36
536.20	4140.99
536.41	3143.63
536.61	4988.85
536.82	3813.32
537.02	3690.44
537.23	5388.21
537.43	5552.04
537.64	3995.59
537.84	4745.14
538.05	4853.69
538.25	5689.26
538.45	3803.08
538.66	4939.70
538.86	4321.21
539.07	3790.79
539.27	4550.59
539.48	4265.92
539.68	5380.01
539.89	4505.53
540.09	6133.67
540.29	5357.49
540.50	3174.35
540.70	5447.60
540.91	3895.24
541.11	5738.41
541.32	4642.75
541.52	5121.97
541.73	4951.99
541.93	3725.26
542.13	5511.08
542.34	4175.81
542.54	4122.56
542.75	4511.68
542.95	8181.64
543.16	4503.48
543.36	4382.65
543.56	5021.62
543.77	5568.43
543.97	5801.90
544.18	5181.36
544.38	4695.99
544.59	3760.07
544.79	4241.34
544.99	6840.22
545.20	7061.40
545.40	4038.59
545.61	4702.14
545.81	5396.40
546.01	5844.90
546.22	4759.48
546.42	4544.44
546.63	4415.42
546.83	5705.64
547.04	4177.86
547.24	4767.67
547.44	3534.79
547.65	5300.14
547.85	3801.03
548.06	3719.11
548.26	4470.72
548.46	7794.57
548.67	4601.79
548.87	4575.16
549.08	3809.22
549.28	4675.51
549.48	5126.07
549.69	6174.63
549.89	3973.06
550.09	6444.96
550.30	5996.45
550.50	3798.98
550.71	3698.63
550.91	4888.50
551.11	3407.82
551.32	5529.52
551.52	4347.84
551.73	5060.53
551.93	4083.65
552.13	5357.49
552.34	6510.49
552.54	3350.48
552.74	5773.22
552.95	3954.63
553.15	5287.86
553.35	4317.12
553.56	5218.22
553.76	5248.94
553.97	4388.80
554.17	4863.93
554.37	3559.37
554.58	5775.27
554.78	4591.55
554.98	4495.29
555.19	4333.50
555.39	5210.03
555.59	3715.02
555.80	4921.27
556.00	4308.93
556.20	5470.12
556.41	4280.25
556.61	4120.51
556.82	3569.61
557.02	5412.78
557.22	4124.61
557.43	3708.87
557.63	4593.59
557.83	5361.58
558.04	6733.72
558.24	3997.64
558.44	5103.54
558.65	4050.88
558.85	3200.98
559.05	3639.24
559.26	4054.98
559.46	4052.93
559.66	3573.71
559.87	3964.87
560.07	5115.83
560.27	6850.46
560.48	5777.32
560.68	5253.04
560.88	3805.13
561.08	5416.88
561.29	6168.48
561.49	3801.03
561.69	3768.26
561.90	7196.56
562.10	4188.10
562.30	6920.09
562.51	4841.40
562.71	4356.03
562.91	6606.75
563.12	4511.68
563.32	4075.46
563.52	4573.11
563.72	4730.81
563.93	4767.67
564.13	4018.11
564.33	6725.53
564.54	4390.84
564.74	4972.47
564.94	5175.22
565.15	3946.44
565.35	3637.19
565.55	6340.51
565.75	3022.80
565.96	5042.10
566.16	4401.08
566.36	3882.95
566.57	4276.16
566.77	7214.99
566.97	5502.89
567.17	6338.46
567.38	4120.51
567.58	4786.10
567.78	4552.63
567.99	7493.52
568.19	4773.82
568.39	5185.46
568.59	6279.07
568.80	5183.41
569.00	5437.36
569.20	4607.93
569.40	4421.56
569.61	6014.88
569.81	5525.42
570.01	4075.46
570.21	4536.25
570.42	6440.86
570.62	4437.95
570.82	4110.27
571.02	3661.77
571.23	3837.89
571.43	6430.62
571.63	3971.01
571.84	3571.66
572.04	3598.28
572.24	5515.18
572.44	4874.17
572.64	4714.42
572.85	4595.64
573.05	6365.09
573.25	6641.56
573.45	3499.98
573.66	7616.40
573.86	3872.71
574.06	4444.09
574.26	5738.41
574.47	4190.14
574.67	5601.19
574.87	3282.89
575.07	4247.49
575.28	3891.14
575.48	5081.01
575.68	4415.42
575.88	4788.15
576.08	6473.63
576.29	4970.42
576.49	5418.93
576.69	5095.35
576.89	4159.42
577.10	4331.45
577.30	5281.71
577.50	4214.72
577.70	3604.42
577.90	6719.39
578.11	5232.56
578.31	3971.01
578.51	5218.22
578.71	3856.33
578.91	5136.31
579.12	5048.24
579.32	5461.93
579.52	15202.07
579.72	4364.22
579.92	5212.08
580.13	5195.70
580.33	7010.20
580.53	5230.51
580.73	4919.22
580.93	5453.74
581.14	4798.39
581.34	5810.09
581.54	3635.14
581.74	5365.68
581.94	4607.93
582.15	6166.43
582.35	3299.28
582.55	4151.23
582.75	8167.30
582.95	4364.22
583.15	6913.94
583.36	5576.62
583.56	5312.43
583.76	3887.04
583.96	4927.41
584.16	4767.67
584.37	4904.89
584.57	5046.20
584.77	3522.51
584.97	4534.20
585.17	5132.21
585.37	5396.40
585.57	5367.73
585.78	3835.85
585.98	4423.61
586.18	4505.53
586.38	4308.93
586.58	3766.21
586.78	3850.18
586.99	4011.97
587.19	5005.24
587.39	4591.55
587.59	4177.86
587.79	4755.38
587.99	5035.96
588.19	4317.12
588.40	5662.63
588.60	3995.59
588.80	7550.86
589.00	3631.05
589.20	5119.92
589.40	6094.76
589.60	3766.21
589.81	5095.35
590.01	4069.31
590.21	6770.58
590.41	3989.44
590.61	4730.81
590.81	3669.96
591.01	6311.84
591.22	3979.20
591.42	7280.53
591.62	5423.02
591.82	4292.54
592.02	5638.06
592.22	4710.33
592.42	8329.09
592.62	5427.12
592.82	5076.91
593.03	5013.43
593.23	4718.52
593.43	6109.09
593.63	3735.50
593.83	5009.33
594.03	6987.67
594.23	6385.57
594.43	4282.30
594.63	2994.13
594.84	4394.94
595.04	6358.94
595.24	5152.69
595.44	4177.86
595.64	5343.15
595.84	4878.26
596.04	5472.17
596.24	4372.41
596.44	4904.89
596.64	3710.92
596.84	3788.74
597.05	4759.48
597.25	5943.21
597.45	5087.15
597.65	3997.64
597.85	4302.78
598.05	4720.57
598.25	3966.92
598.45	4505.53
598.65	4222.91
598.85	5085.11
599.05	6440.86
599.25	5164.98
599.46	3444.68
599.66	5803.94
599.86	4224.96
600.06	4732.86
600.26	4005.83
600.46	3932.10
600.66	4927.41
600.86	5541.80
601.06	3903.43
601.26	4251.58
601.46	6160.29
601.66	4034.50
601.86	3989.44
602.06	5181.36
602.26	4138.94
602.46	3588.04
602.66	3907.52
602.87	4431.80
603.07	5068.72
603.27	4894.65
603.47	4267.97
603.67	7640.97
603.87	5982.12
604.07	4616.12
604.27	5586.86
604.47	5001.14
604.67	3985.35
604.87	4429.76
605.07	4186.05
605.27	4808.63
605.47	3719.11
605.67	4792.25
605.87	5130.16
606.07	6520.73
606.27	4153.28
606.47	4243.39
606.67	3424.20
606.87	3614.66
607.07	5273.52
607.27	3561.42
607.47	4769.72
607.67	4937.65
607.87	3710.92
608.07	5097.39
608.27	5404.59
608.47	3649.48
608.67	5853.09
608.87	4587.45
609.07	5531.56
609.27	5617.58
609.47	4655.03
609.67	5048.24
609.87	4915.12
610.07	4384.70
610.27	17946.35
610.47	3463.12
610.67	4806.58
610.87	4652.98
611.07	7061.40
611.27	4388.80
611.47	5603.24
611.67	5785.51
611.87	4575.16
612.07	4728.76
612.27	4351.93
612.47	3446.73
612.67	4630.46
612.87	4825.01
613.07	3710.92
613.27	4755.38
613.47	4997.04
613.67	3841.99
613.87	4939.70
614.07	4536.25
614.27	4087.75
614.47	4878.26
614.67	5236.66
614.87	4390.84
615.07	4798.39
615.27	4100.03
615.47	4620.22
615.67	5939.11
615.87	3243.98
616.07	4349.89
616.27	5291.95
616.47	4304.83
616.67	3788.74
616.87	4323.26
617.07	3735.50
617.27	4472.76
617.47	4276.16
617.66	4792.25
617.86	4808.63
618.06	4050.88
618.26	3768.26
618.46	4857.78
618.66	5851.05
618.86	6139.81
619.06	4317.12
619.26	4669.37
619.46	4274.11
619.66	6586.27
619.86	4478.91
620.06	4712.38
620.26	6504.35
620.46	9713.52
620.66	7063.44
620.85	5095.35
621.05	6463.39
621.25	5550.00
621.45	4118.47
621.65	6006.69
621.85	4677.56
622.05	5648.30
622.25	4054.98
622.45	4261.82
622.65	4161.47
622.85	3672.01
623.05	4612.03
623.25	4480.96
623.44	6021.03
623.64	3194.83
623.84	3866.56
624.04	3432.40
624.24	4454.33
624.44	4995.00
624.64	4782.01
624.84	4259.78
625.04	3715.02
625.24	3553.23
625.43	3987.40
625.63	5281.71
625.83	3751.88
626.03	4200.38
626.23	5056.43
626.43	4915.12
626.63	3776.45
626.83	5173.17
627.03	5023.67
627.22	4165.57
627.42	4757.43
627.62	3219.41
627.82	5011.38
628.02	4212.67
628.22	3512.27
628.42	4919.22
628.62	3229.65
628.82	3977.16
629.01	6614.94
629.21	3366.86
629.41	5922.73
629.61	5201.84
629.81	4018.11
630.01	5887.91
630.21	5932.97
630.40	4597.69
630.60	4786.10
630.80	5189.55
631.00	5529.52
631.20	5658.54
631.40	4464.57
631.60	5148.59
631.79	3442.64
631.99	5564.33
632.19	4652.98
632.39	4407.23
632.59	5066.67
632.79	4372.41
632.99	16709.38
633.18	4833.21
633.38	4173.76
633.58	5337.01
633.78	4173.76
633.98	4347.84
634.18	4042.69
634.37	7706.51
634.57	5214.13
634.77	10925.91
634.97	3987.40
635.17	4886.45
635.37	6381.47
635.56	3940.29
635.76	6387.61
635.96	3655.62
636.16	4319.17
636.36	4067.27
636.56	3868.61
636.75	4536.25
636.95	5822.38
637.15	4841.40
637.35	4216.77
637.55	5857.19
637.74	5838.76
637.94	4628.41
638.14	4851.64
638.34	4714.42
638.54	2971.60
638.73	4648.89
638.93	4626.36
639.13	5113.78
639.33	5162.93
639.53	4110.27
639.73	4300.73
639.92	4458.43
640.12	3854.28
640.32	4313.02
640.52	5480.36
640.71	3258.32
640.91	4566.97
641.11	4413.37
641.31	3993.54
641.51	3805.13
641.70	5093.30
641.90	5078.96
642.10	4683.70
642.30	4902.84
642.50	4890.55
642.69	4569.02
642.89	3844.04
643.09	3733.45
643.29	4730.81
643.48	5539.76
643.68	3872.71
643.88	6508.44
644.08	3026.90
644.28	5074.87
644.47	5398.45
644.67	3635.14
644.87	3356.62
645.07	4407.23
645.26	4208.58
645.46	3831.75
645.66	4382.65
645.86	5775.27
646.05	5912.49
646.25	5478.32
646.45	5504.94
646.65	5631.91
646.84	5345.20
647.04	4227.01
647.24	5089.20
647.44	4878.26
647.63	4757.43
647.83	5451.69
648.03	4411.32
648.23	4913.08
648.42	3649.48
648.62	3096.53
648.82	3141.58
649.02	4587.45
649.21	3778.50
649.41	5996.45
649.61	6373.28
649.80	3465.16
650.00	6086.56
650.20	3774.41
650.40	5355.44
650.59	6387.61
650.79	3637.19
650.99	6078.37
651.18	4589.50
651.38	3694.54
651.58	4724.66
651.78	5029.81
651.97	5214.13
652.17	4444.09
652.37	5119.92
652.56	4693.94
652.76	5461.93
652.96	3948.48
653.16	5005.24
653.35	5144.50
653.55	5644.20
653.75	4579.26
653.94	5578.67
654.14	4190.14
654.34	4511.68
654.54	4061.12
654.73	5453.74
654.93	4470.72
655.13	5912.49
655.32	5564.33
655.52	3760.07
655.72	4982.71
655.91	4007.87
656.11	3160.02
656.31	4927.41
656.50	4591.55
656.70	4423.61
656.90	3997.64
657.09	4722.62
657.29	4145.09
657.49	4454.33
657.68	3243.98
657.88	4956.08
658.08	4046.79
658.27	6303.65
658.47	6049.70
658.67	4272.06
658.86	4519.87
659.06	5242.80
659.26	4483.00
659.45	4247.49
659.65	4456.38
659.85	4659.13
660.04	5269.42
660.24	3915.72
660.44	4446.14
660.63	4483.00
660.83	6258.59
661.03	5552.04
661.22	4063.17
661.42	4812.73
661.62	4827.06
661.81	4558.78
662.01	3903.43
662.21	3438.54
662.40	3715.02
662.60	6201.25
662.79	3309.52
662.99	5685.16
663.19	4681.66
663.38	4519.87
663.58	4599.74
663.78	5535.66
663.97	5027.76
664.17	4782.01
664.36	3583.95
664.56	5556.14
664.76	3336.14
664.95	4562.87
665.15	4448.19
665.35	4837.30
665.54	6479.77
665.74	4960.18
665.93	6426.53
666.13	4638.65
666.33	4050.88
666.52	3862.47
666.72	4739.00
666.91	4231.10
667.11	3682.25
667.31	4571.07
667.50	3817.41
667.70	5414.83
667.89	6299.55
668.09	6297.50
668.29	4757.43
668.48	4562.87
668.68	8148.87
668.87	4147.14
669.07	3250.13
669.27	5762.98
669.46	3338.19
669.66	4061.12
669.85	3141.58
670.05	5066.67
670.25	4437.95
670.44	4474.81
670.64	4255.68
670.83	6404.00
671.03	5265.33
671.22	5306.29
671.42	4816.82
671.62	3514.31
671.81	4556.73
672.01	4591.55
672.20	4083.65
672.40	5308.34
672.59	6651.80
672.79	5408.69
672.99	4044.74
673.18	5920.68
673.38	5820.33
673.57	5709.74
673.77	4628.41
673.96	4300.73
674.16	4470.72
674.36	5719.98
674.55	4470.72
674.75	5189.55
674.94	4546.49
675.14	4906.93
675.33	4986.80
675.53	4814.77
675.72	4038.59
675.92	7233.43
676.11	5093.30
676.31	4382.65
676.50	4841.40
676.70	5226.42
676.90	4429.76
677.09	4306.88
677.29	5136.31
677.48	4444.09
677.68	4966.32
677.87	3706.82
678.07	3930.05
678.26	5158.83
678.46	4831.16
678.65	4351.93
678.85	4816.82
679.04	4399.04
679.24	3715.02
679.43	3784.65
679.63	3641.29
679.82	7096.21
680.02	7221.14
680.21	4435.90
680.41	3241.93
680.60	5332.91
680.80	6692.76
680.99	5715.88
681.19	5926.82
681.38	4691.90
681.58	4091.84
681.77	7749.51
681.97	4136.90
682.16	5529.52
682.36	5195.70
682.55	5093.30
682.75	4161.47
682.94	5463.98
683.14	5400.49
683.33	3227.60
683.53	6088.61
683.72	5965.73
683.92	4577.21
684.11	6477.73
684.31	4612.03
684.50	3872.71
684.70	4087.75
684.89	4448.19
685.09	3520.46
685.28	4222.91
685.48	4317.12
685.67	4509.63
685.87	4472.76
686.06	4749.24
686.26	5533.61
686.45	3954.63
686.64	4091.84
686.84	3592.14
687.03	4665.27
687.23	4413.37
687.42	5011.38
687.62	4505.53
687.81	5554.09
688.01	4698.04
688.20	4933.56
688.40	6123.43
688.59	6018.98
688.78	5191.60
688.98	5744.55
689.17	5423.02
689.37	4366.27
689.56	4988.85
689.76	5062.58
689.95	6086.56
690.15	4382.65
690.34	6653.85
690.53	4730.81
690.73	3995.59
690.92	3764.17
691.12	4136.90
691.31	6291.36
691.51	5513.13
691.70	5666.73
691.89	4190.14
692.09	3690.44
692.28	4822.97
692.48	5328.81
692.67	5805.99
692.87	4587.45
693.06	3989.44
693.25	4642.75
693.45	4296.64
693.64	5136.31
693.84	4257.73
694.03	3780.55
694.22	4315.07
694.42	4454.33
694.61	4319.17
694.81	14233.38
695.00	3907.52
695.19	4605.88
695.39	5500.84
695.58	5650.35
695.78	4863.93
695.97	4761.53
696.16	6586.27
696.36	5418.93
696.55	4659.13
696.75	4165.57
696.94	3540.94
697.13	6979.48
697.33	3641.29
697.52	5068.72
697.71	4767.67
697.91	5451.69
698.10	7829.38
698.30	4607.93
698.49	4358.08
698.68	3735.50
698.88	3504.07
699.07	4456.38
699.26	8077.19
699.46	4470.72
699.65	5390.25
699.85	5152.69
700.04	4112.32
700.23	3790.79
700.43	4743.10
700.62	4468.67
700.81	4405.18
701.01	3424.20
701.20	4265.92
701.39	4612.03
701.59	4429.76
701.78	3477.45
701.98	3792.84
702.17	4347.84
702.36	4865.97
702.56	5345.20
702.75	3919.81
702.94	5044.15
703.14	14233.38
703.33	4730.81
703.52	25970.29
703.72	3923.91
703.91	5193.65
704.10	4251.58
704.30	4579.26
704.49	3817.41
704.68	3626.95
704.88	6047.65
705.07	6528.92
705.26	4294.59
705.46	3897.28
705.65	3995.59
705.84	4011.97
706.03	4300.73
706.23	4130.75
706.42	4972.47
706.61	4450.24
706.81	6487.96
707.00	5441.45
707.19	3864.52
707.39	5238.70
707.58	3815.37
707.77	4052.93
707.97	5935.01
708.16	4280.25
708.35	5533.61
708.55	4300.73
708.74	4204.48
708.93	6664.09
709.12	5230.51
709.32	4415.42
709.51	5685.16
709.70	5832.62
709.90	5013.43
710.09	4255.68
710.28	5365.68
710.47	4161.47
710.67	5353.39
710.86	6283.17
711.05	3915.72
711.25	4304.83
711.44	3626.95
711.63	5386.16
711.82	5134.26
712.02	8830.84
712.21	4986.80
712.40	4771.77
712.59	5926.82
712.79	6823.83
712.98	4655.03
713.17	6025.12
713.37	3823.56
713.56	3774.41
713.75	3985.35
713.94	4921.27
714.14	4325.31
714.33	5662.63
714.52	4192.19
714.71	3846.09
714.91	4900.79
715.10	6143.91
715.29	4454.33
715.48	4104.13
715.68	5609.39
715.87	3923.91
716.06	5613.48
716.25	4083.65
716.45	4964.28
716.64	4652.98
716.83	4749.24
717.02	5472.17
717.21	4700.09
717.41	6289.31
717.60	6143.91
717.79	3710.92
717.98	4360.13
718.18	4014.02
718.37	3712.97
718.56	7214.99
718.75	5812.14
718.94	5025.72
719.14	2938.84
719.33	5144.50
719.52	4966.32
719.71	4571.07
719.91	4153.28
720.10	6975.38
720.29	4132.80
720.48	3581.90
720.67	5074.87
720.87	6741.91
721.06	3272.65
721.25	5201.84
721.44	4147.14
721.63	4349.89
721.83	5670.83
722.02	3211.22
722.21	5562.28
722.40	4855.73
722.59	4820.92
722.79	4370.37
722.98	5805.99
723.17	3358.67
723.36	4108.23
723.55	3256.27
723.74	3536.84
723.94	4618.17
724.13	4026.31
724.32	4431.80
724.51	4575.16
724.70	4399.04
724.90	4296.64
725.09	5693.35
725.28	5380.01
725.47	4919.22
725.66	4556.73
725.85	4073.41
726.05	5803.94
726.24	4804.53
726.43	4861.88
726.62	5619.63
726.81	4210.62
727.00	4038.59
727.20	5210.03
727.39	4714.42
727.58	4345.79
727.77	3489.74
727.96	4216.77
728.15	6389.66
728.34	4935.60
728.54	4317.12
728.73	5371.82
728.92	5025.72
729.11	4605.88
729.30	4349.89
729.49	5707.69
729.68	4237.25
729.88	4231.10
730.07	4542.39
730.26	4636.60
730.45	5506.99
730.64	6246.30
730.83	4921.27
731.02	3481.55
731.21	4343.74
731.41	5007.28
731.60	3801.03
731.79	5420.97
731.98	5724.07
732.17	5218.22
732.36	3637.19
732.55	4114.37
732.74	5984.16
732.93	5552.04
733.13	4620.22
733.32	5275.57
733.51	3651.53
733.70	6528.92
733.89	5584.81
734.08	5291.95
734.27	3489.74
734.46	5832.62
734.65	3856.33
734.85	5103.54
735.04	4382.65
735.23	5941.16
735.42	4913.08
735.61	2955.22
735.80	4046.79
735.99	6057.89
736.18	8511.36
736.37	3647.43
736.56	5844.90
736.75	4452.28
736.94	4722.62
737.14	3682.25
737.33	3760.07
737.52	3557.32
737.71	4636.60
737.90	4775.86
738.09	5873.57
738.28	5115.83
738.47	5201.84
738.66	5597.10
738.85	5449.64
739.04	5240.75
739.23	5341.10
739.42	3428.30
739.61	3801.03
739.80	3637.19
740.00	4599.74
740.19	3891.14
740.38	3784.65
740.57	4153.28
740.76	3678.15
740.95	4716.47
741.14	5050.29
741.33	7356.30
741.52	4605.88
741.71	3438.54
741.90	5666.73
742.09	5312.43
742.28	4923.32
742.47	3530.70
742.66	4374.46
742.85	3803.08
743.04	3434.44
743.23	5380.01
743.42	4755.38
743.61	4503.48
743.80	3624.90
743.99	2826.20
744.18	4562.87
744.37	4233.15
744.56	3936.20
744.75	3381.20
744.94	4814.77
745.13	4300.73
745.32	2858.96
745.51	4599.74
745.71	5537.71
745.90	4542.39
746.09	4032.45
746.28	4763.58
746.47	5320.62
746.66	4483.00
746.85	5500.84
747.04	4108.23
747.23	4681.66
747.42	6789.02
747.61	2916.31
747.80	6412.19
747.99	3811.27
748.18	3514.31
748.36	3911.62
748.55	6799.26
748.74	5595.05
748.93	5255.09
749.12	3682.25
749.31	4804.53
749.50	3774.41
749.69	5867.43
749.88	4554.68
750.07	3082.19
750.26	6148.00
750.45	3297.23
750.64	2852.82
750.83	4255.68
751.02	3889.09
751.21	5001.14
751.40	4933.56
751.59	4925.36
751.78	5554.09
751.97	4851.64
752.16	4607.93
752.35	4085.70
752.54	5031.86
752.73	5660.59
752.92	4325.31
753.11	5341.10
753.30	3792.84
753.49	3633.10
753.68	5572.52
753.87	4073.41
754.05	4462.52
754.24	4497.34
754.43	5803.94
754.62	3626.95
754.81	7624.59
755.00	6168.48
755.19	4161.47
755.38	5060.53
755.57	5699.50
755.76	6471.58
755.95	5435.31
756.14	3239.89
756.33	5306.29
756.52	5191.60
756.70	4804.53
756.89	4745.14
757.08	5027.76
757.27	4698.04
757.46	3989.44
757.65	3463.12
757.84	4091.84
758.03	4331.45
758.22	3809.22
758.41	4284.35
758.60	3428.30
758.79	4329.41
758.97	5429.17
759.16	5734.31
759.35	4440.00
759.54	5250.99
759.73	3880.90
759.92	3440.59
760.11	3715.02
760.30	4841.40
760.49	4341.69
760.67	4102.08
760.86	4970.42
761.05	7104.40
761.24	3592.14
761.43	3215.31
761.62	4429.76
761.81	4640.70
762.00	5529.52
762.19	3798.98
762.37	4544.44
762.56	5996.45
762.75	3086.29
762.94	4507.58
763.13	3954.63
763.32	4853.69
763.51	3235.79
763.70	3522.51
763.88	5963.68
764.07	5330.86
764.26	4444.09
764.45	3153.87
764.64	4603.83
764.83	6279.07
765.02	4161.47
765.20	4677.56
765.39	5484.46
765.58	6381.47
765.77	5406.64
765.96	7051.16
766.15	4470.72
766.33	4552.63
766.52	5756.84
766.71	4405.18
766.90	6078.37
767.09	4308.93
767.28	2873.30
767.46	3915.72
767.65	3954.63
767.84	4919.22
768.03	3547.08
768.22	3315.66
768.41	3207.12
768.59	4044.74
768.78	3674.06
768.97	4708.28
769.16	5767.08
769.35	3231.69
769.54	4847.54
769.72	4636.60
769.91	4708.28
770.10	7061.40
770.29	3710.92
770.48	4997.04
770.66	5156.79
770.85	4988.85
771.04	4902.84
771.23	3344.33
771.42	5949.35
771.60	5781.42
771.79	4151.23
771.98	4843.45
772.17	5191.60
772.36	6070.18
772.54	3366.86
772.73	4009.92
772.92	4829.11
773.11	4057.03
773.30	3966.92
773.48	3334.09
773.67	3956.68
773.86	4356.03
774.05	3467.21
774.23	5318.57
774.42	5373.87
774.61	5992.36
774.80	4118.47
774.99	3297.23
775.17	4986.80
775.36	5572.52
775.55	3854.28
775.74	4048.83
775.92	5687.21
776.11	4566.97
776.30	6035.36
776.49	3874.76
776.67	4437.95
776.86	3317.71
777.05	3839.94
777.24	3727.30
777.42	4308.93
777.61	3428.30
777.80	5750.70
777.99	4136.90
778.17	4052.93
778.36	4861.88
778.55	3837.89
778.74	4747.19
778.92	4184.00
779.11	5119.92
779.30	4376.51
779.49	4249.54
779.67	4794.29
779.86	4405.18
780.05	3311.57
780.24	3313.61
780.42	5074.87
780.61	4444.09
780.80	4669.37
780.98	3178.45
781.17	3850.18
781.36	4077.51
781.55	5226.42
781.73	3440.59
781.92	5322.67
782.11	4552.63
782.29	4018.11
782.48	3895.24
782.67	5076.91
782.86	5762.98
783.04	3923.91
783.23	3719.11
783.42	4763.58
783.60	6053.80
783.79	4552.63
783.98	4009.92
784.16	4476.86
784.35	4571.07
784.54	5210.03
784.73	3610.57
784.91	4122.56
785.10	3866.56
785.29	4052.93
785.47	5414.83
785.66	5543.85
785.85	3825.61
786.03	4210.62
786.22	3022.80
786.41	4788.15
786.59	5476.27
786.78	3299.28
786.97	3719.11
787.15	5396.40
787.34	5437.36
787.53	3975.11
787.71	4927.41
787.90	4544.44
788.09	4865.97
788.27	4923.32
788.46	4267.97
788.65	4353.98
788.83	5130.16
789.02	2992.08
789.21	3141.58
789.39	3215.31
789.58	5584.81
789.77	3749.83
789.95	3168.21
790.14	6088.61
790.33	4538.30
790.51	3233.74
790.70	5541.80
790.88	4251.58
791.07	4280.25
791.26	6727.58
791.44	4407.23
791.63	3612.62
791.82	5337.01
792.00	3432.40
792.19	4702.14
792.38	6152.10
792.56	4958.13
792.75	5050.29
792.93	4988.85
793.12	5611.43
793.31	5117.87
793.49	5562.28
793.68	4011.97
793.86	4292.54
794.05	6463.39
794.24	3940.29
794.42	4566.97
794.61	4175.81
794.80	4949.94
794.98	4644.79
795.17	3868.61
795.35	5201.84
795.54	4865.97
795.73	5105.59
795.91	7167.89
796.10	5638.06
796.28	6356.90
796.47	2963.41
796.66	3522.51
796.84	7528.33
797.03	4501.44
797.21	3008.47
797.40	4589.50
797.58	5461.93
797.77	4562.87
797.96	5027.76
798.14	7126.93
798.33	6674.33
798.51	5275.57
798.70	3254.22
798.88	4433.85
799.07	4319.17
799.26	4276.16
799.44	4808.63
799.63	4835.25
799.81	3856.33
800.00	4825.01
800.18	5324.72
800.37	4411.32
800.56	4177.86
800.74	4562.87
800.93	4077.51
801.11	4151.23
801.30	5480.36
801.48	4431.80
801.67	4923.32
801.85	5068.72
802.04	5259.18
802.22	4282.30
802.41	5062.58
802.60	4814.77
802.78	3948.48
802.97	3981.25
803.15	4841.40
803.34	4921.27
803.52	5005.24
803.71	4939.70
803.89	3411.92
804.08	6365.09
804.26	5500.84
804.45	4949.94
804.63	4077.51
804.82	4894.65
805.00	3917.76
805.19	6594.46
805.37	3872.71
805.56	4222.91
805.74	6528.92
805.93	4646.84
806.11	5042.10
806.30	3733.45
806.48	4374.46
806.67	5277.62
806.85	4480.96
807.04	4249.54
807.22	4851.64
807.41	4714.42
807.59	5691.31
807.78	4003.78
807.96	5674.92
808.15	4091.84
808.33	5283.76
808.52	6754.20
808.70	4708.28
808.89	6006.69
809.07	6559.64
809.26	4466.62
809.44	3846.09
809.63	5480.36
809.81	4095.94
810.00	5173.17
810.18	4714.42
810.37	4106.18
810.55	4945.84
810.74	4790.20
810.92	6172.58
811.11	6590.36
811.29	2879.44
811.48	4106.18
811.66	4493.24
811.84	3278.80
812.03	4906.93
812.21	4861.88
812.40	4335.55
812.58	3334.09
812.77	5257.14
812.95	3856.33
813.14	4126.66
813.32	4032.45
813.51	4665.27
813.69	4689.85
813.87	3768.26
814.06	4300.73
814.24	4485.05
814.43	3542.99
814.61	4444.09
814.80	5818.28
814.98	3596.23
815.16	4575.16
815.35	6078.37
815.53	7325.58
815.72	4562.87
815.90	3872.71
816.09	4708.28
816.27	4962.23
816.45	4917.17
816.64	4294.59
816.82	6659.99
817.01	3829.70
817.19	3547.08
817.37	4853.69
817.56	5801.90
817.74	3342.28
817.93	6059.94
818.11	3862.47
818.30	4231.10
818.48	3801.03
818.66	5117.87
818.85	4093.89
819.03	4970.42
819.21	5062.58
819.40	5447.60
819.58	7442.32
819.77	4435.90
819.95	4757.43
820.13	6674.33
820.32	3698.63
820.50	6170.53
820.69	6328.22
820.87	4478.91
821.05	3514.31
821.24	4558.78
821.42	4898.74
821.60	3461.07
821.79	6186.91
821.97	5439.40
822.16	6500.25
822.34	4009.92
822.52	4984.76
822.71	5969.83
822.89	5996.45
823.07	4632.51
823.26	3731.40
823.44	3899.33
823.62	3952.58
823.81	4960.18
823.99	3399.63
824.18	5246.90
824.36	4583.35
824.54	5074.87
824.73	5732.26
824.91	6553.50
825.09	5494.70
825.28	6104.99
825.46	6084.52
825.64	5367.73
825.83	4695.99
826.01	5101.49
826.19	4362.17
826.38	4347.84
826.56	4806.58
826.74	3399.63
826.93	4356.03
827.11	4550.59
827.29	4825.01
827.48	4233.15
827.66	5111.73
827.84	4327.36
828.03	4339.65
828.21	3358.67
828.39	3268.56
828.57	6272.93
828.76	5797.80
828.94	3643.34
829.12	6883.22
829.31	4399.04
829.49	4517.82
829.67	3635.14
829.86	4554.68
830.04	4616.12
830.22	4831.16
830.40	3309.52
830.59	4843.45
830.77	4405.18
830.95	5308.34
831.14	6944.66
831.32	4063.17
831.50	4476.86
831.69	5126.07
831.87	6160.29
832.05	4083.65
832.23	4450.24
832.42	5427.12
832.60	4292.54
832.78	3993.54
832.96	13336.37
833.15	5572.52
833.33	3467.21
833.51	6793.11
833.70	4358.08
833.88	4779.96
834.06	4847.54
834.24	4229.06
834.43	6193.06
834.61	4927.41
834.79	5384.11
834.97	7198.61
835.16	5027.76
835.34	5136.31
835.52	5470.12
835.70	4753.34
835.89	4411.32
836.07	6096.80
836.25	5468.08
836.43	3755.97
836.62	4726.71
836.80	5775.27
836.98	3954.63
837.16	4378.56
837.34	4505.53
837.53	6225.82
837.71	4636.60
837.89	6764.44
838.07	4661.18
838.26	5922.73
838.44	5439.40
838.62	8064.90
838.80	4970.42
838.99	5384.11
839.17	4224.96
839.35	5332.91
839.53	4874.17
839.71	6205.35
839.90	3936.20
840.08	5142.45
840.26	5963.68
840.44	4972.47
840.62	6315.94
840.81	3252.17
840.99	7489.42
841.17	4198.34
841.35	5171.12
841.53	3987.40
841.72	6393.76
841.90	5300.14
842.08	3645.38
842.26	3567.56
842.44	5244.85
842.63	6688.67
842.81	6590.36
842.99	5207.98
843.17	5486.51
843.35	4988.85
843.53	5834.66
843.72	5044.15
843.90	4765.62
844.08	3930.05
844.26	4153.28
844.44	4749.24
844.62	6385.57
844.81	6414.24
844.99	6559.64
845.17	4284.35
845.35	5093.30
845.53	5199.79
845.71	17039.10
845.90	4396.99
846.08	4286.40
846.26	4546.49
846.44	3452.88
846.62	4757.43
846.80	4788.15
846.98	4831.16
847.17	10819.42
847.35	7038.87
847.53	5195.70
847.71	5689.26
847.89	7102.36
848.07	3735.50
848.25	4601.79
848.44	3815.37
848.62	5406.64
848.80	4372.41
848.98	4759.48
849.16	5085.11
849.34	5762.98
849.52	4935.60
849.70	4882.36
849.89	5982.12
850.07	5285.81
850.25	5597.10
850.43	5031.86
850.61	5029.81
850.79	4304.83
850.97	4333.50
851.15	5603.24
851.33	4726.71
851.52	4059.07
851.70	6688.67
851.88	6072.23
852.06	4063.17
852.24	4083.65
852.42	5965.73
852.60	6911.89
852.78	7085.97
852.96	4968.37
853.14	4550.59
853.33	6666.14
853.51	4906.93
853.69	5308.34
853.87	5773.22
854.05	4751.29
854.23	3407.82
854.41	3803.08
854.59	4675.51
854.77	5562.28
854.95	4825.01
855.13	4669.37
855.31	5322.67
855.49	4698.04
855.68	4462.52
855.86	3997.64
856.04	6856.60
856.22	4677.56
856.40	5044.15
856.58	3966.92
856.76	5791.66
856.94	4136.90
857.12	5246.90
857.30	3209.17
857.48	4761.53
857.66	5013.43
857.84	8572.80
858.02	4218.82
858.20	6549.40
858.38	4980.66
858.56	4573.11
858.74	3798.98
858.92	4097.99
859.10	4872.12
859.29	5869.48
859.47	3852.23
859.65	6399.90
859.83	4177.86
860.01	4698.04
860.19	3698.63
860.37	5216.18
860.55	5576.62
860.73	3698.63
860.91	4227.01
861.09	6225.82
861.27	5224.37
861.45	5949.35
861.63	4521.92
861.81	5957.54
861.99	4702.14
862.17	4495.29
862.35	4628.41
862.53	4587.45
862.71	6066.08
862.89	4779.96
863.07	4751.29
863.25	5560.24
863.43	5588.91
863.61	6438.81
863.79	5955.49
863.97	5816.23
864.15	5689.26
864.33	4784.06
864.51	4200.38
864.69	3717.06
864.87	5457.84
865.05	4655.03
865.23	5300.14
865.41	4388.80
865.59	6686.62
865.77	4861.88
865.95	5371.82
866.13	3909.57
866.30	5087.15
866.48	4351.93
866.66	5195.70
866.84	4618.17
867.02	4945.84
867.20	4792.25
867.38	4186.05
867.56	5027.76
867.74	6428.57
867.92	5523.37
868.10	4675.51
868.28	4239.30
868.46	5416.88
868.64	6203.30
868.82	4614.07
869.00	5142.45
869.18	4003.78
869.36	7118.74
869.54	5545.90
869.72	5623.72
869.89	5216.18
870.07	4947.89
870.25	4947.89
870.43	5552.04
870.61	3801.03
870.79	5289.90
870.97	3784.65
871.15	5672.87
871.33	7618.44
871.51	4841.40
871.69	6406.05
871.87	5304.24
872.05	6553.50
872.22	5623.72
872.40	3764.17
872.58	4837.30
872.76	6045.60
872.94	6082.47
873.12	4138.94
873.30	3143.63
873.48	5633.96
873.66	5142.45
873.84	5298.10
874.01	5717.93
874.19	4702.14
874.37	4841.40
874.55	4609.98
874.73	5459.88
874.91	7337.87
875.09	4773.82
875.27	3798.98
875.45	4849.59
875.62	5611.43
875.80	5072.82
875.98	4474.81
876.16	5074.87
876.34	6422.43
876.52	4480.96
876.70	7094.16
876.88	4286.40
877.05	5775.27
877.23	5410.73
877.41	4669.37
877.59	7782.28
877.77	6238.11
877.95	4501.44
878.13	4161.47
878.30	4384.70
878.48	5707.69
878.66	5873.57
878.84	5824.42
879.02	3934.15
879.20	5736.36
879.37	5801.90
879.55	5404.59
879.73	6246.30
879.91	5119.92
880.09	5945.25
880.27	7567.24
880.45	5128.11
880.62	5218.22
880.80	5627.82
880.98	5021.62
881.16	5001.14
881.34	4755.38
881.51	4753.34
881.69	4597.69
881.87	4851.64
882.05	5095.35
882.23	4501.44
882.41	5001.14
882.58	5113.78
882.76	5519.28
882.94	4894.65
883.12	6412.19
883.30	5935.01
883.47	6535.07
883.65	5668.78
883.83	5832.62
884.01	4521.92
884.19	5169.07
884.36	5212.08
884.54	4095.94
884.72	5871.53
884.90	4556.73
885.08	6993.81
885.25	10223.46
885.43	5586.86
885.61	5259.18
885.79	5273.52
885.97	7239.57
886.14	6950.81
886.32	5341.10
886.50	7151.51
886.68	5742.50
886.85	4669.37
887.03	6977.43
887.21	5767.08
887.39	5332.91
887.56	6850.46
887.74	5035.96
887.92	5709.74
888.10	6477.73
888.27	5814.18
888.45	6545.31
888.63	6766.49
888.81	5525.42
888.99	4951.99
889.16	4800.44
889.34	4779.96
889.52	4431.80
889.69	5728.17
889.87	6664.09
890.05	5486.51
890.23	4732.86
890.40	4655.03
890.58	5625.77
890.76	5771.18
890.94	4954.04
891.11	4734.90
891.29	6836.12
891.47	4986.80
891.65	6746.01
891.82	7167.89
892.00	4652.98
892.18	6125.47
892.35	5875.62
892.53	5593.00
892.71	6799.26
892.89	6438.81
893.06	6229.92
893.24	5789.61
893.42	4530.11
893.59	5406.64
893.77	4628.41
893.95	5730.22
894.13	4468.67
894.30	6852.50
894.48	5185.46
894.66	8492.93
894.83	5513.13
895.01	6320.03
895.19	7378.83
895.36	5353.39
895.54	7397.26
895.72	5808.04
895.89	5402.54
896.07	5210.03
896.25	6336.42
896.43	5406.64
896.60	6813.59
896.78	5590.95
896.96	6373.28
897.13	6639.51
897.31	4945.84
897.49	5969.83
897.66	7186.32
897.84	5937.06
898.02	6907.80
898.19	5951.40
898.37	5070.77
898.55	6334.37
898.72	6451.10
898.90	6858.65
899.07	6246.30
899.25	6651.80
899.43	7466.89
899.60	8865.66
899.78	5091.25
899.96	4900.79
900.13	5717.93
900.31	6553.50
900.49	5484.46
900.66	8220.55
900.84	7032.72
901.02	7311.25
901.19	6909.85
901.37	5619.63
901.54	7026.58
901.72	4997.04
901.90	6274.98
902.07	6088.61
902.25	6252.45
902.43	5857.19
902.60	7788.43
902.78	5306.29
902.95	6401.95
903.13	6191.01
903.31	5951.40
903.48	6201.25
903.66	6250.40
903.83	6829.98
904.01	6252.45
904.19	5939.11
904.36	6434.72
904.54	5408.69
904.71	6760.34
904.89	5953.45
905.07	6518.68
905.24	6123.43
905.42	6463.39
905.59	7700.36
905.77	6815.64
905.95	7266.19
906.12	5849.00
906.30	6647.71
906.47	7477.13
906.65	8271.75
906.82	7309.20
907.00	7798.66
907.18	5349.29
907.35	5877.67
907.53	6688.67
907.70	6829.98
907.88	6414.24
908.05	12558.14
908.23	7069.59
908.41	7202.71
908.58	6406.05
908.76	5220.27
908.93	8017.80
909.11	7475.09
909.28	6289.31
909.46	6780.82
909.63	7212.95
909.81	7638.92
909.99	6918.04
910.16	5781.42
910.34	5857.19
910.51	7538.57
910.69	7491.47
910.86	5783.46
911.04	6494.11
911.21	5500.84
911.39	8793.98
911.56	5922.73
911.74	6631.32
911.91	7321.49
912.09	6270.88
912.26	5715.88
912.44	5339.05
912.62	6522.78
912.79	6414.24
912.97	6391.71
913.14	8675.20
913.32	7511.95
913.49	6338.46
913.67	7448.46
913.84	5267.38
914.02	6645.66
914.19	6635.42
914.37	7040.92
914.54	6408.09
914.72	5724.07
914.89	5939.11
915.07	8517.50
915.24	6338.46
915.42	6512.54
915.59	5963.68
915.77	8505.21
915.94	9144.18
916.12	9568.11
916.29	6942.61
916.46	7219.09
916.64	6569.88
916.81	8888.18
916.99	7626.64
917.16	6334.37
917.34	8552.32
917.51	8251.27
917.69	6399.90
917.86	5738.41
918.04	6492.06
918.21	9084.79
918.39	7608.20
918.56	7049.11
918.74	6209.44
918.91	8961.91
919.08	5910.44
919.26	8161.16
919.43	7217.04
919.61	7376.78
919.78	6784.92
919.96	8617.85
920.13	8585.08
920.31	7229.33
920.48	7387.02
920.65	6688.67
920.83	8908.66
921.00	7659.40
921.18	6389.66
921.35	7878.54
921.53	7102.36
921.70	6496.16
921.88	6721.43
922.05	6889.37
922.22	6234.02
922.40	7174.03
922.57	7133.08
922.75	6018.98
922.92	7317.39
923.09	7643.02
923.27	6606.75
923.44	9101.17
923.62	6569.88
923.79	8699.77
923.96	6856.60
924.14	6068.13
924.31	8019.85
924.49	7421.84
924.66	6789.02
924.83	7745.42
925.01	6573.98
925.18	10098.53
925.36	8642.43
925.53	6887.32
925.70	6778.78
925.88	6649.75
926.05	8677.24
926.23	7896.97
926.40	7878.54
926.57	7470.99
926.75	7589.77
926.92	6662.04
927.09	8105.86
927.27	6291.36
927.44	8437.63
927.62	7290.77
927.79	8626.04
927.96	6985.62
928.14	6133.67
928.31	8146.82
928.48	9193.33
928.66	7249.81
928.83	6236.06
929.00	7030.68
929.18	7151.51
929.35	7470.99
929.52	8681.34
929.70	8167.30
929.87	6911.89
930.05	7014.29
930.22	6913.94
930.39	7970.69
930.57	6600.60
930.74	9652.08
930.91	6817.69
931.09	9160.56
931.26	8372.10
931.43	8593.28
931.61	5996.45
931.78	7649.16
931.95	8210.31
932.12	9185.14
932.30	6901.65
932.47	8937.34
932.64	6905.75
932.82	6399.90
932.99	7509.90
933.16	7520.14
933.34	7487.37
933.51	8464.25
933.68	7366.54
933.86	7819.14
934.03	7268.24
934.20	7264.15
934.38	8437.63
934.55	6963.09
934.72	9748.33
934.89	9140.08
935.07	6807.45
935.24	8214.40
935.41	7806.86
935.59	7927.69
935.76	7593.87
935.93	7835.53
936.10	7427.98
936.28	7886.73
936.45	7577.48
936.62	7753.61
936.79	9070.45
936.97	8122.24
937.14	7483.28
937.31	8603.52
937.49	7139.22
937.66	8613.76
937.83	9164.66
938.00	8746.87
938.18	9537.39
938.35	9152.37
938.52	7673.74
938.69	7600.01
938.87	8152.96
939.04	8714.11
939.21	7808.90
939.38	7739.27
939.56	7788.43
939.73	6592.41
939.90	7214.99
940.07	7071.64
940.25	7862.15
940.42	8007.56
940.59	8146.82
940.76	7626.64
940.94	7571.34
941.11	7735.18
941.28	7933.83
941.45	8683.39
941.62	7921.54
941.80	7163.79
941.97	8335.23
942.14	7335.82
942.31	9389.94
942.48	7296.91
942.66	7806.86
942.83	8920.95
943.00	6436.77
943.17	9076.60
943.35	8822.65
943.52	7982.98
943.69	6627.23
943.86	7729.03
944.03	6639.51
944.21	10276.71
944.38	7462.80
944.55	8470.40
944.72	7845.77
944.89	7444.37
945.06	7190.42
945.24	7405.46
945.41	10551.14
945.58	8619.90
945.75	8570.75
945.92	7755.66
946.10	9398.13
946.27	6614.94
946.44	7733.13
946.61	7217.04
946.78	8767.35
946.95	6633.37
947.13	6647.71
947.30	7991.17
947.47	7739.27
947.64	8320.90
947.81	9293.68
947.98	8238.98
948.16	8224.64
948.33	7210.90
948.50	7298.96
948.67	7720.84
948.84	8486.78
949.01	7419.79
949.18	7741.32
949.36	9482.10
949.53	7380.88
949.70	8198.02
949.87	8468.35
950.04	7198.61
950.21	7733.13
950.38	6649.75
950.56	7253.91
950.73	7683.98
950.90	7505.81
951.07	8318.85
951.24	7806.86
951.41	7288.72
951.58	7313.30
951.75	8224.64
951.92	6612.89
952.10	7401.36
952.27	6608.80
952.44	8212.35
952.61	11513.68
952.78	7647.12
952.95	6430.62
953.12	8523.65
953.29	7774.09
953.46	7679.88
953.64	8294.27
953.81	6797.21
953.98	7585.68
954.15	7571.34
954.32	7237.52
954.49	6537.12
954.66	7737.23
954.83	7393.17
955.00	6592.41
955.17	7927.69
955.34	6858.65
955.51	6938.52
955.69	11034.46
955.86	7718.79
956.03	6479.77
956.20	7810.95
956.37	7837.58
956.54	6256.54
956.71	7518.09
956.88	7176.08
957.05	7126.93
957.22	6545.31
957.39	7765.90
957.56	7020.44
957.73	6207.39
957.90	6303.65
958.07	8253.31
958.24	7733.13
958.41	6789.02
958.59	7602.06
958.76	7876.49
958.93	9142.13
959.10	6543.26
959.27	6297.50
959.44	8116.10
959.61	6389.66
959.78	7010.20
959.95	6332.32
960.12	8003.46
960.29	8423.30
960.46	6526.88
960.63	5390.25
960.80	6471.58
960.97	6893.46
961.14	6021.03
961.31	6829.98
961.48	7925.64
961.65	7851.91
961.82	6903.70
961.99	6813.59
962.16	6059.94
962.33	6621.08
962.50	6944.66
962.67	6135.71
962.84	7077.78
963.01	5803.94
963.18	5646.25
963.35	5879.72
963.52	7186.32
963.69	6250.40
963.86	7759.75
964.03	7628.68
964.20	8388.48
964.37	7440.27
964.54	7165.84
964.71	6234.02
964.88	6373.28
965.05	6299.55
965.22	5973.92
965.39	7231.38
965.56	5337.01
965.73	6330.27
965.90	6971.29
966.07	5603.24
966.24	5898.15
966.41	6490.01
966.58	5748.65
966.74	7692.17
966.91	8013.70
967.08	8992.63
967.25	5216.18
967.42	5687.21
967.59	8216.45
967.76	5707.69
967.93	6360.99
968.10	5455.79
968.27	6418.33
968.44	6373.28
968.61	5896.10
968.78	5205.94
968.95	5865.38
969.12	6516.64
969.29	6549.40
969.46	5394.35
969.62	6533.02
969.79	5402.54
969.96	4689.85
970.13	5513.13
970.30	6703.00
970.47	6334.37
970.64	6975.38
970.81	6637.47
970.98	5664.68
971.15	6369.18
971.32	4880.31
971.49	6739.87
971.65	6438.81
971.82	6743.96
971.99	5928.87
972.16	6625.18
972.33	5320.62
972.50	5332.91
972.67	6096.80
972.84	5717.93
973.01	5185.46
973.17	6444.96
973.34	6690.71
973.51	6913.94
973.68	5242.80
973.85	5517.23
974.02	5380.01
974.19	5234.61
974.36	6061.99
974.53	6696.86
974.69	6379.42
974.86	5121.97
975.03	6649.75
975.20	5216.18
975.37	6274.98
975.54	6360.99
975.71	6635.42
975.87	6311.84
976.04	6764.44
976.21	5955.49
976.38	5756.84
976.55	5259.18
976.72	5029.81
976.89	6401.95
977.05	5773.22
977.22	7454.61
977.39	4687.80
977.56	6510.49
977.73	5748.65
977.90	4464.57
978.06	5947.30
978.23	5642.15
978.40	4954.04
978.57	7004.05
978.74	5849.00
978.91	6612.89
979.07	4954.04
979.24	6897.56
979.41	5568.43
979.58	6174.63
979.75	6021.03
979.91	4216.77
980.08	3962.82
980.25	5713.83
980.42	5971.88
980.59	5316.53
980.75	4915.12
980.92	5271.47
981.09	5224.37
981.26	6172.58
981.43	6725.53
981.59	5703.59
981.76	5488.56
981.93	5685.16
982.10	5183.41
982.27	4790.20
982.43	4800.44
982.60	4679.61
982.77	4558.78
982.94	4921.27
983.11	4579.26
983.27	4390.84
983.44	5160.88
983.61	5324.72
983.78	7305.10
983.94	7108.50
984.11	4763.58
984.28	5543.85
984.45	6559.64
984.61	4147.14
984.78	4702.14
984.95	4855.73
985.12	5412.78
985.28	6578.08
985.45	4325.31
985.62	4274.11
985.79	4628.41
985.95	4890.55
986.12	3854.28
986.29	4849.59
986.46	6221.73
986.62	5988.26
986.79	5038.00
986.96	4546.49
987.13	5705.64
987.29	6997.91
987.46	4982.71
987.63	5775.27
987.80	4173.76
987.96	7540.62
988.13	4949.94
988.30	4530.11
988.46	4652.98
988.63	6033.32
988.80	3733.45
988.97	3809.22
989.13	5001.14
989.30	5611.43
989.47	3401.68
989.63	3135.44
989.80	6135.71
989.97	5486.51
990.13	3866.56
990.30	6799.26
990.47	4734.90
990.64	4497.34
990.80	3678.15
990.97	4405.18
991.14	4122.56
991.30	5173.17
991.47	4155.33
991.64	4415.42
991.80	4790.20
991.97	4831.16
992.14	3446.73
992.30	7266.19
992.47	4726.71
992.64	4587.45
992.80	4243.39
992.97	3510.22
993.14	7073.68
993.30	10256.23
993.47	3905.48
993.64	4190.14
993.80	6102.95
993.97	4317.12
994.14	4612.03
994.30	6031.27
994.47	5466.03
994.64	4587.45
994.80	5306.29
994.97	3612.62
995.14	6070.18
995.30	5269.42
995.47	5038.00
995.63	5117.87
995.80	5425.07
995.97	7987.08
996.13	4161.47
996.30	3741.64
996.47	4749.24
996.63	7782.28
996.80	7151.51
996.97	4894.65
997.13	4296.64
997.30	5787.56
997.46	4177.86
997.63	5173.17
997.80	5795.75
997.96	5631.91
998.13	4073.41
998.29	3991.49
998.46	4763.58
998.63	4405.18
998.79	3559.37
998.96	5058.48
999.12	6455.20
999.29	4939.70
999.46	4591.55
999.62	6156.19
999.79	5068.72
999.95	4665.27
1000.12	4485.05
1000.29	3645.38
1000.45	5439.40
1000.62	4913.08
1000.78	4695.99
1000.95	4069.31
1001.11	5275.57
1001.28	4945.84
1001.45	3592.14
1001.61	5560.24
1001.78	5777.32
1001.94	5722.02
1002.11	4685.75
1002.27	5597.10
1002.44	6168.48
1002.61	4960.18
1002.77	4347.84
1002.94	3602.38
1003.10	4519.87
1003.27	5767.08
1003.43	4343.74
1003.60	4751.29
1003.76	4184.00
1003.93	6651.80
1004.10	5115.83
1004.26	5459.88
1004.43	5222.32
1004.59	7307.15
1004.76	3598.28
1004.92	4343.74
1005.09	7526.29
1005.25	5447.60
1005.42	4360.13
1005.58	6242.21
1005.75	5656.49
1005.91	5027.76
1006.08	6356.90
1006.24	3497.93
1006.41	4302.78
1006.57	5052.34
1006.74	4310.97
1006.90	4460.48
1007.07	4349.89
1007.23	6995.86
1007.40	4310.97
1007.56	3923.91
1007.73	4954.04
1007.89	5552.04
1008.06	6102.95
1008.22	4507.58
1008.39	5404.59
1008.55	4231.10
1008.72	5124.02
1008.88	3727.30
1009.05	4743.10
1009.21	5824.42
1009.38	3450.83
1009.54	4243.39
1009.71	6506.40
1009.87	6436.77
1010.04	3225.55
1010.20	4720.57
1010.37	3782.60
1010.53	6395.81
1010.70	4847.54
1010.86	3360.72
1011.03	4042.69
1011.19	3895.24
1011.35	5556.14
1011.52	4612.03
1011.68	4724.66
1011.85	4450.24
1012.01	5267.38
1012.18	5119.92
1012.34	4042.69
1012.51	4642.75
1012.67	4624.31
1012.83	4652.98
1013.00	5189.55
1013.16	3702.73
1013.33	4480.96
1013.49	6940.57
1013.66	5210.03
1013.82	7255.95
1013.99	4552.63
1014.15	5142.45
1014.31	5744.55
1014.48	5568.43
1014.64	5257.14
1014.81	4652.98
1014.97	3686.34
1015.13	5570.48
1015.30	4712.38
1015.46	4751.29
1015.63	4120.51
1015.79	4186.05
1015.95	3760.07
1016.12	3801.03
1016.28	4976.56
1016.45	4198.34
1016.61	4652.98
1016.77	3971.01
1016.94	4904.89
1017.10	5126.07
1017.27	4822.97
1017.43	3715.02
1017.59	5158.83
1017.76	6070.18
1017.92	3872.71
1018.09	3891.14
1018.25	6373.28
1018.41	6016.93
1018.58	4603.83
1018.74	4167.62
1018.90	4526.01
1019.07	5646.25
1019.23	3979.20
1019.40	3915.72
1019.56	5560.24
1019.72	4081.60
1019.89	5255.09
1020.05	7518.09
1020.21	5742.50
1020.38	4751.29
1020.54	3803.08
1020.70	4970.42
1020.87	4691.90
1021.03	5558.19
1021.19	4603.83
1021.36	3139.54
1021.52	5484.46
1021.68	7014.29
1021.85	7862.15
1022.01	5117.87
1022.17	4747.19
1022.34	4587.45
1022.50	4532.15
1022.66	4857.78
1022.83	6156.19
1022.99	5316.53
1023.15	4212.67
1023.32	6018.98
1023.48	5126.07
1023.64	4599.74
1023.81	3217.36
1023.97	5128.11
1024.13	5431.21
1024.30	4218.82
1024.46	5767.08
1024.62	4632.51
1024.79	5058.48
1024.95	6090.66
1025.11	4224.96
1025.27	5038.00
1025.44	4143.04
1025.60	4556.73
1025.76	5218.22
1025.93	4169.66
1026.09	4691.90
1026.25	4343.74
1026.41	5015.48
1026.58	3356.62
1026.74	4896.69
1026.90	5576.62
1027.07	5525.42
1027.23	3598.28
1027.39	5349.29
1027.55	5590.95
1027.72	4505.53
1027.88	5701.54
1028.04	5650.35
1028.20	4751.29
1028.37	2998.23
1028.53	5134.26
1028.69	4239.30
1028.85	5533.61
1029.02	5715.88
1029.18	4059.07
1029.34	4057.03
1029.50	4870.07
1029.67	5691.31
1029.83	4112.32
1029.99	5267.38
1030.15	4536.25
1030.32	4231.10
1030.48	5076.91
1030.64	4464.57
1030.80	5754.79
1030.97	5537.71
1031.13	4331.45
1031.29	5754.79
1031.45	6225.82
1031.61	4028.35
1031.78	4161.47
1031.94	6422.43
1032.10	4900.79
1032.26	5429.17
1032.42	4788.15
1032.59	6098.85
1032.75	4777.91
1032.91	3772.36
1033.07	4169.66
1033.24	4028.35
1033.40	7303.06
1033.56	5361.58
1033.72	3954.63
1033.88	5283.76
1034.04	7075.73
1034.21	5447.60
1034.37	4954.04
1034.53	5162.93
1034.69	4321.21
1034.85	4267.97
1035.02	4005.83
1035.18	3829.70
1035.34	5369.77
1035.50	3682.25
1035.66	4978.61
1035.82	4534.20
1035.99	5607.34
1036.15	4739.00
1036.31	6107.04
1036.47	5410.73
1036.63	8550.27
1036.79	6872.98
1036.96	5496.75
1037.12	5865.38
1037.28	3944.39
1037.44	2910.16
1037.60	4157.38
1037.76	5132.21
1037.92	4288.45
1038.09	3112.91
1038.25	6250.40
1038.41	5103.54
1038.57	5738.41
1038.73	4636.60
1038.89	4227.01
1039.05	5719.98
1039.22	4724.66
1039.38	4530.11
1039.54	6733.72
1039.70	5855.14
1039.86	5793.70
1040.02	3784.65
1040.18	4186.05
1040.34	5013.43
1040.51	4706.23
1040.67	9539.44
1040.83	6287.26
1040.99	6074.28
1041.15	6635.42
1041.31	4278.21
1041.47	5693.35
1041.63	5654.44
