345.74	1370.09
345.96	1370.09
346.17	1370.09
346.39	1359.85
346.60	1382.38
346.81	2516.95
347.03	2574.30
347.24	3243.98
347.46	3225.55
347.67	2670.55
347.89	2594.78
348.10	3074.00
348.32	2916.31
348.53	2588.63
348.75	2596.82
348.96	2920.40
349.18	3223.50
349.39	2531.29
349.61	2600.92
349.82	3119.06
350.04	3059.67
350.25	2553.82
350.47	2627.54
350.68	3209.17
350.90	3284.94
351.11	2408.41
351.32	2602.97
351.54	3243.98
351.75	3291.09
351.97	2461.66
352.18	2519.00
352.40	2899.92
352.61	3266.51
352.83	2752.47
353.04	2351.07
353.26	3207.12
353.47	3043.28
353.69	2592.73
353.90	2547.67
354.11	2901.97
354.33	3471.31
354.54	2185.18
354.76	2594.78
354.97	2871.25
355.19	3125.20
355.40	2469.85
355.62	2947.03
355.83	3039.19
356.04	3112.91
356.26	2449.37
356.47	2629.59
356.69	2836.44
356.90	3620.81
357.12	2584.54
357.33	2424.80
357.55	2899.92
357.76	2971.60
357.97	2349.02
358.19	2605.02
358.40	2813.91
358.62	3252.17
358.83	2488.28
359.05	2744.28
359.26	2850.77
359.47	3104.72
359.69	2707.41
359.90	2887.64
360.12	2897.88
360.33	3022.80
360.55	2463.71
360.76	2721.75
360.97	3184.59
361.19	3364.81
361.40	2490.33
361.62	2658.26
361.83	3327.95
362.04	3397.58
362.26	2594.78
362.47	2602.97
362.69	2953.17
362.90	3125.20
363.12	2482.14
363.33	2578.39
363.54	3084.24
363.76	3268.56
363.97	2619.35
364.19	2645.98
364.40	3358.67
364.61	3022.80
364.83	2340.83
365.04	2744.28
365.26	3037.14
365.47	3354.57
365.68	2555.86
365.90	2619.35
366.11	2973.65
366.33	3373.00
366.54	2379.74
366.75	2521.05
366.97	2777.05
367.18	2883.54
367.40	2672.60
367.61	2576.34
367.82	2990.03
368.04	3246.03
368.25	2602.97
368.46	2643.93
368.68	2967.51
368.89	3405.77
369.11	2570.20
369.32	2695.13
369.53	3299.28
369.75	3067.86
369.96	2861.01
370.18	2803.67
370.39	2944.98
370.60	2987.99
370.82	2523.10
371.03	2514.91
371.24	3461.07
371.46	2891.73
371.67	2676.70
371.88	2555.86
372.10	2740.18
372.31	2703.32
372.53	2336.73
372.74	2557.91
372.95	2858.96
373.17	2897.88
373.38	2891.73
373.59	2678.74
373.81	2998.23
374.02	3332.05
374.23	2389.98
374.45	2908.12
374.66	3121.10
374.88	3002.32
375.09	2521.05
375.30	2944.98
375.52	3067.86
375.73	3420.11
375.94	2420.70
376.16	2916.31
376.37	3194.83
376.58	3235.79
376.80	2736.09
377.01	2742.23
377.22	3571.66
377.44	3192.78
377.65	2691.03
377.86	2324.44
378.08	3104.72
378.29	2856.92
378.50	2629.59
378.72	2400.22
378.93	3512.27
379.14	3323.85
379.36	2990.03
379.57	2670.55
379.78	2764.76
380.00	3186.64
380.21	2396.12
380.42	2377.69
380.64	2703.32
380.85	2738.13
381.06	2777.05
381.28	2572.25
381.49	3432.40
381.70	2883.54
381.92	2473.95
382.13	2639.83
382.34	3430.35
382.56	3338.19
382.77	2600.92
382.98	2570.20
383.19	3133.39
383.41	3127.25
383.62	2588.63
383.83	2623.45
384.05	3022.80
384.26	3203.02
384.47	2695.13
384.69	2594.78
384.90	2963.41
385.11	3336.14
385.33	2584.54
385.54	2766.81
385.75	2910.16
385.96	3196.88
386.18	3051.47
386.39	2678.74
386.60	2895.83
386.82	3334.09
387.03	2666.46
387.24	2658.26
387.45	2838.48
387.67	2854.87
387.88	2693.08
388.09	2727.89
388.31	2924.50
388.52	2996.18
388.73	2992.08
388.94	2596.82
389.16	3250.13
389.37	2809.81
389.58	2680.79
389.80	2621.40
390.01	2865.11
390.22	3190.74
390.43	2793.43
390.65	2662.36
390.86	2994.13
391.07	3147.73
391.29	2633.69
391.50	2258.91
391.71	3268.56
391.92	3170.26
392.14	2719.70
392.35	2748.37
392.56	2807.77
392.77	3219.41
392.99	2723.80
393.20	2463.71
393.41	2881.49
393.62	3010.51
393.84	2457.56
394.05	2611.16
394.26	3094.48
394.47	3291.09
394.69	2795.48
394.90	2873.30
395.11	2959.31
395.32	2977.75
395.54	2496.47
395.75	2465.75
395.96	2865.11
396.17	3452.88
396.39	2944.98
396.60	2549.72
396.81	3045.33
397.02	2979.79
397.24	2828.24
397.45	2904.02
397.66	2936.79
397.87	3213.26
398.09	2697.17
398.30	2447.32
398.51	3137.49
398.72	2883.54
398.94	2615.26
399.15	3104.72
399.36	3125.20
399.57	3266.51
399.79	2691.03
400.00	2971.60
400.21	2682.84
400.42	3125.20
400.63	2645.98
400.85	2820.05
401.06	3020.75
401.27	3100.62
401.48	3237.84
401.70	2686.94
401.91	3446.73
402.12	3278.80
402.33	2856.92
402.54	2598.87
402.76	2992.08
402.97	3358.67
403.18	2572.25
403.39	2572.25
403.60	3106.77
403.82	2940.88
404.03	2263.01
404.24	2553.82
404.45	3243.98
404.66	3340.24
404.88	2334.68
405.09	3092.43
405.30	3143.63
405.51	2955.22
405.73	2582.49
405.94	2447.32
406.15	2977.75
406.36	2969.55
406.57	2629.59
406.78	2516.95
407.00	3006.42
407.21	3284.94
407.42	2523.10
407.63	2944.98
407.84	3176.40
408.06	2985.94
408.27	2398.17
408.48	2592.73
408.69	3028.95
408.90	2877.40
409.12	2459.61
409.33	2529.24
409.54	2719.70
409.75	2940.88
409.96	2580.44
410.17	2830.29
410.39	2815.96
410.60	3416.01
410.81	2613.21
411.02	2858.96
411.23	4710.33
411.44	2795.48
411.66	2580.44
411.87	2922.45
412.08	3389.39
412.29	2869.20
412.50	2496.47
412.71	2555.86
412.93	2926.55
413.14	2885.59
413.35	2815.96
413.56	2557.91
413.77	3045.33
413.98	2932.69
414.20	2523.10
414.41	2795.48
414.62	2924.50
414.83	2684.89
415.04	2578.39
415.25	2740.18
415.46	3340.24
415.68	2965.46
415.89	2471.90
416.10	2762.71
416.31	2697.17
416.52	3137.49
416.73	2629.59
416.94	2625.50
417.16	3037.14
417.37	3039.19
417.58	2832.34
417.79	2496.47
418.00	2938.84
418.21	2918.36
418.42	2736.09
418.64	2541.53
418.85	2797.53
419.06	3063.76
419.27	2521.05
419.48	2736.09
419.69	3110.86
419.90	2836.44
420.11	2490.33
420.33	2469.85
420.54	3422.16
420.75	3246.03
420.96	2437.08
421.17	2760.66
421.38	2998.23
421.59	2797.53
421.80	2445.27
422.02	2572.25
422.23	2912.21
422.44	3176.40
422.65	2492.38
422.86	2600.92
423.07	2766.81
423.28	3004.37
423.49	2199.52
423.70	2654.17
423.92	2775.00
424.13	3227.60
424.34	2451.42
424.55	2502.62
424.76	3188.69
424.97	3340.24
425.18	2441.18
425.39	2725.85
425.60	2824.15
425.81	2867.16
426.03	2678.74
426.24	2555.86
426.45	2981.84
426.66	3444.68
426.87	2605.02
427.08	2832.34
427.29	3055.57
427.50	2928.60
427.71	2514.91
427.92	2516.95
428.13	2789.33
428.34	2908.12
428.56	2791.38
428.77	2768.85
428.98	3479.50
429.19	3133.39
429.40	2830.29
429.61	2621.40
429.82	3086.29
430.03	2873.30
430.24	2709.46
430.45	2385.88
430.66	3078.10
430.87	3039.19
431.08	2621.40
431.30	2473.95
431.51	3055.57
431.72	3071.95
431.93	2807.77
432.14	2506.71
432.35	3043.28
432.56	3323.85
432.77	2562.01
432.98	2686.94
433.19	2940.88
433.40	3010.51
433.61	2445.27
433.82	2617.30
434.03	2793.43
434.24	2916.31
434.45	3162.06
434.66	3004.37
434.87	3084.24
435.09	2981.84
435.30	2742.23
435.51	2815.96
435.72	3100.62
435.93	2746.33
436.14	2684.89
436.35	2559.96
436.56	3102.67
436.77	2940.88
436.98	2455.51
437.19	2758.61
437.40	3219.41
437.61	3074.00
437.82	2650.07
438.03	2695.13
438.24	2908.12
438.45	3065.81
438.66	2549.72
438.87	2469.85
439.08	2906.07
439.29	2901.97
439.50	2731.99
439.71	3088.34
439.92	2670.55
440.13	2705.37
440.34	2555.86
440.55	2783.19
440.76	2813.91
440.97	3102.67
441.18	2826.20
441.39	2531.29
441.60	2877.40
441.81	2807.77
442.02	2713.56
442.23	2613.21
442.44	3080.14
442.65	2785.24
442.86	2727.89
443.07	2865.11
443.28	2858.96
443.49	2955.22
443.70	2799.57
443.91	2475.99
444.12	2809.81
444.33	2826.20
444.54	2877.40
444.75	2625.50
444.96	3123.15
445.17	3198.93
445.38	2928.60
445.59	2672.60
445.80	2928.60
446.01	2725.85
446.22	3106.77
446.43	2605.02
446.64	2731.99
446.85	2791.38
447.06	2717.65
447.27	2727.89
447.48	3178.45
447.69	2914.26
447.90	2799.57
448.11	2383.84
448.32	2824.15
448.53	2818.00
448.74	2842.58
448.95	2684.89
449.16	2789.33
449.37	2889.68
449.58	2555.86
449.79	2529.24
450.00	2572.25
450.21	2752.47
450.42	2744.28
450.63	2615.26
450.84	2707.41
451.05	2668.50
451.26	2748.37
451.47	2754.52
451.68	2947.03
451.89	2828.24
452.10	2693.08
452.30	2965.46
452.51	2932.69
452.72	2562.01
452.93	2736.09
453.14	2783.19
453.35	2795.48
453.56	3008.47
453.77	2744.28
453.98	2559.96
454.19	2973.65
454.40	2770.90
454.61	2600.92
454.82	2777.05
455.03	2459.61
455.24	2701.27
455.45	2709.46
455.66	2908.12
455.87	2824.15
456.07	2711.51
456.28	2682.84
456.49	2498.52
456.70	3030.99
456.91	2758.61
457.12	2480.09
457.33	2531.29
457.54	2899.92
457.75	3041.23
457.96	2953.17
458.17	2713.56
458.38	2723.80
458.59	2549.72
458.79	2498.52
459.00	2459.61
459.21	2781.14
459.42	2654.17
459.63	2576.34
459.84	2402.27
460.05	3598.28
460.26	2938.84
460.47	2658.26
460.68	2566.10
460.89	2998.23
461.09	2957.27
461.30	2703.32
461.51	2639.83
461.72	3088.34
461.93	2904.02
462.14	2670.55
462.35	2461.66
462.56	2904.02
462.77	2547.67
462.98	2932.69
463.18	2652.12
463.39	2897.88
463.60	3004.37
463.81	2772.95
464.02	3012.56
464.23	2881.49
464.44	3379.15
464.65	2660.31
464.86	2514.91
465.06	2449.37
465.27	2725.85
465.48	2457.56
465.69	2656.22
465.90	2979.79
466.11	2734.04
466.32	2494.43
466.53	2525.15
466.74	2916.31
466.94	2799.57
467.15	2699.22
467.36	2502.62
467.57	3043.28
467.78	2904.02
467.99	2719.70
468.20	3076.05
468.40	2758.61
468.61	2627.54
468.82	2617.30
469.03	3057.62
469.24	3059.67
469.45	2742.23
469.66	2832.34
469.86	2557.91
470.07	2975.70
470.28	2736.09
470.49	2432.99
470.70	2555.86
470.91	2682.84
471.12	2848.72
471.32	2570.20
471.53	2621.40
471.74	2973.65
471.95	2897.88
472.16	2592.73
472.37	2695.13
472.58	2990.03
472.78	2715.61
472.99	2682.84
473.20	2697.17
473.41	2752.47
473.62	2709.46
473.83	3114.96
474.03	2875.35
474.24	2840.53
474.45	2891.73
474.66	2645.98
474.87	2613.21
475.08	2750.42
475.28	2906.07
475.49	3004.37
475.70	2596.82
475.91	2908.12
476.12	2899.92
476.32	2523.10
476.53	2725.85
476.74	2996.18
476.95	2838.48
477.16	2584.54
477.37	2734.04
477.57	2965.46
477.78	2727.89
477.99	2623.45
478.20	2588.63
478.41	3121.10
478.61	2975.70
478.82	2940.88
479.03	2584.54
479.24	2877.40
479.45	2799.57
479.65	2623.45
479.86	2828.24
480.07	2936.79
480.28	2674.65
480.49	3688.39
480.69	2578.39
480.90	2869.20
481.11	2834.39
481.32	2428.89
481.53	2797.53
481.73	2895.83
481.94	2850.77
482.15	2668.50
482.36	2650.07
482.57	2777.05
482.77	3051.47
482.98	2863.06
483.19	2695.13
483.40	2738.13
483.60	2727.89
483.81	2818.00
484.02	2834.39
484.23	2695.13
484.44	2590.68
484.64	2697.17
484.85	2637.78
485.06	2840.53
485.27	2844.63
485.47	2709.46
485.68	2770.90
485.89	2930.64
486.10	3125.20
486.31	3026.90
486.51	2688.98
486.72	2858.96
486.93	2727.89
487.14	2611.16
487.34	2504.67
487.55	2858.96
487.76	2990.03
487.97	2824.15
488.17	2697.17
488.38	2813.91
488.59	2762.71
488.80	2824.15
489.00	2742.23
489.21	2953.17
489.42	2723.80
489.63	2971.60
489.83	2811.86
490.04	2834.39
490.25	2705.37
490.46	2709.46
490.66	2936.79
490.87	2834.39
491.08	2652.12
491.29	2553.82
491.49	2605.02
491.70	2838.48
491.91	2807.77
492.11	2844.63
492.32	2793.43
492.53	2564.06
492.74	3125.20
492.94	3016.66
493.15	2768.85
493.36	2826.20
493.57	2758.61
493.77	2781.14
493.98	2922.45
494.19	3022.80
494.39	2912.21
494.60	2506.71
494.81	2510.81
495.02	3047.38
495.22	2987.99
495.43	2519.00
495.64	2488.28
495.84	2650.07
496.05	3215.31
496.26	2783.19
496.47	2924.50
496.67	3198.93
496.88	2912.21
497.09	2797.53
497.29	2484.19
497.50	2584.54
497.71	2971.60
497.91	2471.90
498.12	2910.16
498.33	2826.20
498.54	2891.73
498.74	2633.69
498.95	2562.01
499.16	2922.45
499.36	2680.79
499.57	2580.44
499.78	2496.47
499.98	2772.95
500.19	2777.05
500.40	2627.54
500.60	3010.51
500.81	2834.39
501.02	2963.41
501.22	3254.22
501.43	2562.01
501.64	2801.62
501.85	2947.03
502.05	3395.53
502.26	2643.93
502.47	3203.02
502.67	2787.29
502.88	2799.57
503.09	2789.33
503.29	2586.58
503.50	2848.72
503.71	2998.23
503.91	2678.74
504.12	2742.23
504.33	2748.37
504.53	2750.42
504.74	2715.61
504.95	3065.81
505.15	2766.81
505.36	2922.45
505.56	2748.37
505.77	3301.33
505.98	2588.63
506.18	3004.37
506.39	2496.47
506.60	2658.26
506.80	2961.36
507.01	2752.47
507.22	2752.47
507.42	2990.03
507.63	2627.54
507.84	2842.58
508.04	2441.18
508.25	3090.38
508.45	3227.60
508.66	2731.99
508.87	2506.71
509.07	2899.92
509.28	2805.72
509.49	2660.31
509.69	3063.76
509.90	2826.20
510.11	2715.61
510.31	2684.89
510.52	2609.11
510.72	2758.61
510.93	2875.35
511.14	2570.20
511.34	2451.42
511.55	2656.22
511.76	3186.64
511.96	3282.89
512.17	2815.96
512.37	2940.88
512.58	2752.47
512.79	2537.43
512.99	2672.60
513.20	2848.72
513.40	2965.46
513.61	2815.96
513.82	2682.84
514.02	2617.30
514.23	2789.33
514.43	3164.11
514.64	2695.13
514.85	2875.35
515.05	3022.80
515.26	2758.61
515.46	2928.60
515.67	2987.99
515.88	2578.39
516.08	3184.59
516.29	2678.74
516.49	2760.66
516.70	2807.77
516.91	2768.85
517.11	2846.68
517.32	2799.57
517.52	2957.27
517.73	2658.26
517.93	3030.99
518.14	2883.54
518.35	2705.37
518.55	2502.62
518.76	3022.80
518.96	3182.54
519.17	2537.43
519.38	2822.10
519.58	2916.31
519.79	2875.35
519.99	2799.57
520.20	2723.80
520.40	2676.70
520.61	2832.34
520.82	3114.96
521.02	3067.86
521.23	2826.20
521.43	2969.55
521.64	2641.88
521.84	2650.07
522.05	2641.88
522.25	2584.54
522.46	2652.12
522.67	2744.28
522.87	3030.99
523.08	3129.30
523.28	2777.05
523.49	3129.30
523.69	2693.08
523.90	2856.92
524.10	3024.85
524.31	2688.98
524.51	2957.27
524.72	2987.99
524.93	2938.84
525.13	2703.32
525.34	2709.46
525.54	2842.58
525.75	2944.98
525.95	2549.72
526.16	2969.55
526.36	2924.50
526.57	3104.72
526.77	2496.47
526.98	3172.30
527.18	2699.22
527.39	2713.56
527.59	3110.86
527.80	2760.66
528.00	2957.27
528.21	2879.44
528.42	2807.77
528.62	2799.57
528.83	2727.89
529.03	3366.86
529.24	2979.79
529.44	2652.12
529.65	3053.52
529.85	2815.96
530.06	3164.11
530.26	2746.33
530.47	3004.37
530.67	3080.14
530.88	2633.69
531.08	2818.00
531.29	2801.62
531.49	2682.84
531.70	2936.79
531.90	2512.86
532.11	2863.06
532.31	2879.44
532.52	2852.82
532.72	2525.15
532.93	2932.69
533.13	2650.07
533.34	2650.07
533.54	2871.25
533.75	2545.63
533.95	2682.84
534.16	2750.42
534.36	2715.61
534.57	2846.68
534.77	3106.77
534.97	2908.12
535.18	2609.11
535.38	2828.24
535.59	2639.83
535.79	2707.41
536.00	2611.16
536.20	2824.15
536.41	2537.43
536.61	2752.47
536.82	2629.59
537.02	2697.17
537.23	2785.24
537.43	2908.12
537.64	2578.39
537.84	2930.64
538.05	2867.16
538.25	2916.31
538.45	2633.69
538.66	2858.96
538.86	2777.05
539.07	2586.58
539.27	2631.64
539.48	2691.03
539.68	2971.60
539.89	2736.09
540.09	3289.04
540.29	3000.27
540.50	2437.08
540.70	2973.65
540.91	2633.69
541.11	3094.48
541.32	2664.41
541.52	2842.58
541.73	2734.04
541.93	2613.21
542.13	2879.44
542.34	2654.17
542.54	2818.00
542.75	2822.10
542.95	3465.16
543.16	2803.67
543.36	2791.38
543.56	2793.43
543.77	2940.88
543.97	2951.12
544.18	2775.00
544.38	2875.35
544.59	2717.65
544.79	2662.36
544.99	3190.74
545.20	3299.28
545.40	2602.97
545.61	2674.65
545.81	3010.51
546.01	3207.12
546.22	2871.25
546.42	2754.52
546.63	2553.82
546.83	2856.92
547.04	2873.30
547.24	2811.86
547.44	2557.91
547.65	2869.20
547.85	2664.41
548.06	2590.68
548.26	2691.03
548.46	3428.30
548.67	2873.30
548.87	2805.72
549.08	2754.52
549.28	2793.43
549.48	2899.92
549.69	3041.23
549.89	2609.11
550.09	3063.76
550.30	3137.49
550.50	2424.80
550.71	2695.13
550.91	2809.81
551.11	2564.06
551.32	3114.96
551.52	2619.35
551.73	3022.80
551.93	2619.35
552.13	2914.26
552.34	3076.05
552.54	2609.11
552.74	2932.69
552.95	2709.46
553.15	2746.33
553.35	2961.36
553.56	2920.40
553.76	3022.80
553.97	2822.10
554.17	2953.17
554.37	2727.89
554.58	2955.22
554.78	2744.28
554.98	2861.01
555.19	2736.09
555.39	2887.64
555.59	2570.20
555.80	2869.20
556.00	2789.33
556.20	2885.59
556.41	2719.70
556.61	2758.61
556.82	2654.17
557.02	2994.13
557.22	2750.42
557.43	2602.97
557.63	2815.96
557.83	2858.96
558.04	3256.27
558.24	2779.09
558.44	2883.54
558.65	2674.65
558.85	2535.39
559.05	2785.24
559.26	2795.48
559.46	2629.59
559.66	2621.40
559.87	2639.83
560.07	2967.51
560.27	3213.26
560.48	3061.71
560.68	2932.69
560.88	2611.16
561.08	2957.27
561.29	3088.34
561.49	2686.94
561.69	2723.80
561.90	3170.26
562.10	2768.85
562.30	3239.89
562.51	2854.87
562.71	2775.00
562.91	3233.74
563.12	2731.99
563.32	2736.09
563.52	2932.69
563.72	2809.81
563.93	2830.29
564.13	2791.38
564.33	3151.82
564.54	2895.83
564.74	2789.33
564.94	2889.68
565.15	2697.17
565.35	2713.56
565.55	3166.16
565.75	2506.71
565.96	2772.95
566.16	2850.77
566.36	2756.57
566.57	2693.08
566.77	3194.83
566.97	2912.21
567.17	3149.78
567.38	2678.74
567.58	2869.20
567.78	2953.17
567.99	3309.52
568.19	2807.77
568.39	2951.12
568.59	3104.72
568.80	2940.88
569.00	3030.99
569.20	2916.31
569.40	2695.13
569.61	3006.42
569.81	3000.27
570.01	2901.97
570.21	2668.50
570.42	3280.85
570.62	2695.13
570.82	2645.98
571.02	2635.74
571.23	2711.51
571.43	3145.68
571.63	2699.22
571.84	2529.24
572.04	2748.37
572.24	3084.24
572.44	2985.94
572.64	2793.43
572.85	2719.70
573.05	3086.29
573.25	3260.37
573.45	2408.41
573.66	3469.26
573.86	2725.85
574.06	2820.05
574.26	2947.03
574.47	2744.28
574.67	3039.19
574.87	2650.07
575.07	2832.34
575.28	2813.91
575.48	2793.43
575.68	2916.31
575.88	2701.27
576.08	3071.95
576.29	2858.96
576.49	2932.69
576.69	2965.46
576.89	2754.52
577.10	2881.49
577.30	3110.86
577.50	2768.85
577.70	2641.88
577.90	3248.08
578.11	3080.14
578.31	2629.59
578.51	3026.90
578.71	2654.17
578.91	2969.55
579.12	2926.55
579.32	3030.99
579.52	4624.31
579.72	2832.34
579.92	2824.15
580.13	3022.80
580.33	3241.93
580.53	2873.30
580.73	2768.85
580.93	2940.88
581.14	2863.06
581.34	3059.67
581.54	2695.13
581.74	2922.45
581.94	2748.37
582.15	3088.34
582.35	2688.98
582.55	2899.92
582.75	3364.81
582.95	2916.31
583.15	3223.50
583.36	3100.62
583.56	2910.16
583.76	2881.49
583.96	2887.64
584.16	3069.91
584.37	2783.19
584.57	2965.46
584.77	2666.46
584.97	2844.63
585.17	2815.96
585.37	3059.67
585.57	3030.99
585.78	2523.10
585.98	2781.14
586.18	2725.85
586.38	2764.76
586.58	2568.15
586.78	2797.53
586.99	2719.70
587.19	2996.18
587.39	2818.00
587.59	2699.22
587.79	2785.24
587.99	2830.29
588.19	2883.54
588.40	3022.80
588.60	2758.61
588.80	3289.04
589.00	2629.59
589.20	2981.84
589.40	3112.91
589.60	2650.07
589.81	2881.49
590.01	2799.57
590.21	3198.93
590.41	2719.70
590.61	2957.27
590.81	2645.98
591.01	3153.87
591.22	2899.92
591.42	3309.52
591.62	3028.95
591.82	2963.41
592.02	2858.96
592.22	2811.86
592.42	3538.89
592.62	2901.97
592.82	2869.20
593.03	3106.77
593.23	2858.96
593.43	3153.87
593.63	2842.58
593.83	2768.85
594.03	3125.20
594.23	3063.76
594.43	2693.08
594.63	2674.65
594.84	2901.97
595.04	3133.39
595.24	3028.95
595.44	2758.61
595.64	2949.08
595.84	2983.89
596.04	3006.42
596.24	2766.81
596.44	2910.16
596.64	2713.56
596.84	2875.35
597.05	2875.35
597.25	3069.91
597.45	3014.61
597.65	2645.98
597.85	2731.99
598.05	3016.66
598.25	2707.41
598.45	2719.70
598.65	2867.16
598.85	2766.81
599.05	3268.56
599.25	2965.46
599.46	2576.34
599.66	3004.37
599.86	2768.85
600.06	2926.55
600.26	2834.39
600.46	2820.05
600.66	3090.38
600.86	3030.99
601.06	2772.95
601.26	2738.13
601.46	3145.68
601.66	2861.01
601.86	2688.98
602.06	2904.02
602.26	2744.28
602.46	2551.77
602.66	2770.90
602.87	2795.48
603.07	3035.09
603.27	2918.36
603.47	2768.85
603.67	3456.97
603.87	3131.34
604.07	2842.58
604.27	3088.34
604.47	2815.96
604.67	2613.21
604.87	2826.20
605.07	2727.89
605.27	2887.64
605.47	2713.56
605.67	2848.72
605.87	2887.64
606.07	3215.31
606.27	2791.38
606.47	2731.99
606.67	2674.65
606.87	2705.37
607.07	2750.42
607.27	2721.75
607.47	2932.69
607.67	2916.31
607.87	2734.04
608.07	3006.42
608.27	3024.85
608.47	2746.33
608.67	3162.06
608.87	2863.06
609.07	3102.67
609.27	2807.77
609.47	2990.03
609.67	2799.57
609.87	3018.71
610.07	2963.41
610.27	5232.56
610.47	2736.09
610.67	3004.37
610.87	2768.85
611.07	3274.70
611.27	2793.43
611.47	2901.97
611.67	3090.38
611.87	2770.90
612.07	2750.42
612.27	2934.74
612.47	2682.84
612.67	2895.83
612.87	2922.45
613.07	2752.47
613.27	2809.81
613.47	2981.84
613.67	2795.48
613.87	2924.50
614.07	2807.77
614.27	2627.54
614.47	2854.87
614.67	2940.88
614.87	2762.71
615.07	2779.09
615.27	2785.24
615.47	2818.00
615.67	3022.80
615.87	2662.36
616.07	2947.03
616.27	2990.03
616.47	2701.27
616.67	2676.70
616.87	2908.12
617.07	2635.74
617.27	2854.87
617.47	2856.92
617.66	2893.78
617.86	2887.64
618.06	2729.94
618.26	2670.55
618.46	2944.98
618.66	3149.78
618.86	2996.18
619.06	2924.50
619.26	2932.69
619.46	2785.24
619.66	3010.51
619.86	2957.27
620.06	2987.99
620.26	3037.14
620.46	3827.65
620.66	3426.25
620.85	3125.20
621.05	3266.51
621.25	2981.84
621.45	2703.32
621.65	3129.30
621.85	2887.64
622.05	3080.14
622.25	2750.42
622.45	2846.68
622.65	2850.77
622.85	2623.45
623.05	2918.36
623.25	2957.27
623.44	3219.41
623.64	2594.78
623.84	2922.45
624.04	2670.55
624.24	2920.40
624.44	2953.17
624.64	2842.58
624.84	2906.07
625.04	2820.05
625.24	2772.95
625.43	2748.37
625.63	3123.15
625.83	2889.68
626.03	2676.70
626.23	2887.64
626.43	2883.54
626.63	2764.76
626.83	2942.93
627.03	3014.61
627.22	2752.47
627.42	2783.19
627.62	2527.19
627.82	2799.57
628.02	2791.38
628.22	2709.46
628.42	2885.59
628.62	2562.01
628.82	2805.72
629.01	3334.09
629.21	2762.71
629.41	3084.24
629.61	2957.27
629.81	2785.24
630.01	2985.94
630.21	3194.83
630.40	3051.47
630.60	3002.32
630.80	3004.37
631.00	2858.96
631.20	3006.42
631.40	2818.00
631.60	2947.03
631.79	2727.89
631.99	2985.94
632.19	2899.92
632.39	2897.88
632.59	2985.94
632.79	2834.39
632.99	4929.46
633.18	2805.72
633.38	2813.91
633.58	2918.36
633.78	2785.24
633.98	2676.70
634.18	2842.58
634.37	3547.08
634.57	2924.50
634.77	3831.75
634.97	2830.29
635.17	3030.99
635.37	3327.95
635.56	2875.35
635.76	3123.15
635.96	2768.85
636.16	2967.51
636.36	2842.58
636.56	2738.13
636.75	2873.30
636.95	2994.13
637.15	2811.86
637.35	2879.44
637.55	3092.43
637.74	3102.67
637.94	2789.33
638.14	2994.13
638.34	2940.88
638.54	2504.67
638.73	2971.60
638.93	3035.09
639.13	2975.70
639.33	2998.23
639.53	2721.75
639.73	2727.89
639.92	2879.44
640.12	2670.55
640.32	2703.32
640.52	3088.34
640.71	2721.75
640.91	2875.35
641.11	2834.39
641.31	2828.24
641.51	2871.25
641.70	2938.84
641.90	2969.55
642.10	2867.16
642.30	2987.99
642.50	3033.04
642.69	2822.10
642.89	2721.75
643.09	2863.06
643.29	2973.65
643.48	3018.71
643.68	2887.64
643.88	3129.30
644.08	2496.47
644.28	2928.60
644.47	3059.67
644.67	2600.92
644.87	2623.45
645.07	2858.96
645.26	2824.15
645.46	2719.70
645.66	2830.29
645.86	2940.88
646.05	3293.13
646.25	2918.36
646.45	2955.22
646.65	2947.03
646.84	3067.86
647.04	2742.23
647.24	2904.02
647.44	2912.21
647.63	2842.58
647.83	3067.86
648.03	2924.50
648.23	2865.11
648.42	2861.01
648.62	2588.63
648.82	2551.77
649.02	2764.76
649.21	2818.00
649.41	3090.38
649.61	3104.72
649.80	2545.63
650.00	3282.89
650.20	2781.14
650.40	2762.71
650.59	3129.30
650.79	2758.61
650.99	3354.57
651.18	2791.38
651.38	2693.08
651.58	2957.27
651.78	2955.22
651.97	2883.54
652.17	2764.76
652.37	2990.03
652.56	2969.55
652.76	2928.60
652.96	2635.74
653.16	3080.14
653.35	3039.19
653.55	3164.11
653.75	2676.70
653.94	3102.67
654.14	2893.78
654.34	2932.69
654.54	2580.44
654.73	3123.15
654.93	2801.62
655.13	3061.71
655.32	2830.29
655.52	2809.81
655.72	2901.97
655.91	2791.38
656.11	2627.54
656.31	2938.84
656.50	2899.92
656.70	2809.81
656.90	2629.59
657.09	3026.90
657.29	2949.08
657.49	2834.39
657.68	2531.29
657.88	2830.29
658.08	2742.23
658.27	3301.33
658.47	2932.69
658.67	3059.67
658.86	2750.42
659.06	2926.55
659.26	2750.42
659.45	2701.27
659.65	2807.77
659.85	3012.56
660.04	2842.58
660.24	2797.53
660.44	2850.77
660.63	2885.59
660.83	3026.90
661.03	3092.43
661.22	2676.70
661.42	3006.42
661.62	2826.20
661.81	2990.03
662.01	2686.94
662.21	2652.12
662.40	2723.80
662.60	3264.46
662.79	2564.06
662.99	3076.05
663.19	2820.05
663.38	2990.03
663.58	2834.39
663.78	3088.34
663.97	2858.96
664.17	3022.80
664.36	2775.00
664.56	3033.04
664.76	2605.02
664.95	2910.16
665.15	2949.08
665.35	2938.84
665.54	3221.45
665.74	3063.76
665.93	3233.74
666.13	2834.39
666.33	2842.58
666.52	2932.69
666.72	2994.13
666.91	2672.60
667.11	2678.74
667.31	2940.88
667.50	2709.46
667.70	3043.28
667.89	3069.91
668.09	3215.31
668.29	2842.58
668.48	2777.05
668.68	3440.59
668.87	2899.92
669.07	2623.45
669.27	3000.27
669.46	2568.15
669.66	2781.14
669.85	2584.54
670.05	3055.57
670.25	2789.33
670.44	2717.65
670.64	2912.21
670.83	3139.54
671.03	2914.26
671.22	3014.61
671.42	2959.31
671.62	2617.30
671.81	2768.85
672.01	2951.12
672.20	2846.68
672.40	2893.78
672.59	3227.60
672.79	3168.21
672.99	2709.46
673.18	2987.99
673.38	2983.89
673.57	3123.15
673.77	3063.76
673.96	2805.72
674.16	2842.58
674.36	3123.15
674.55	2846.68
674.75	2973.65
674.94	2734.04
675.14	3004.37
675.33	3037.14
675.53	2924.50
675.72	2670.55
675.92	3327.95
676.11	3033.04
676.31	2748.37
676.50	2834.39
676.70	3039.19
676.90	2811.86
677.09	2930.64
677.29	2809.81
677.48	2934.74
677.68	2854.87
677.87	2711.51
678.07	2887.64
678.26	3051.47
678.46	2865.11
678.65	2813.91
678.85	2789.33
679.04	3063.76
679.24	2629.59
679.43	2709.46
679.63	2490.33
679.82	3370.96
680.02	3481.55
680.21	2938.84
680.41	2463.71
680.60	3055.57
680.80	3395.53
680.99	3053.52
681.19	3069.91
681.38	3020.75
681.58	2803.67
681.77	3327.95
681.97	2723.80
682.16	3094.48
682.36	3157.97
682.55	2944.98
682.75	2691.03
682.94	3088.34
683.14	2971.60
683.33	2531.29
683.53	3215.31
683.72	3182.54
683.92	2889.68
684.11	3166.16
684.31	2719.70
684.50	2789.33
684.70	2742.23
684.89	2795.48
685.09	2523.10
685.28	2736.09
685.48	2738.13
685.67	2813.91
685.87	2643.93
686.06	2990.03
686.26	2981.84
686.45	2799.57
686.64	2623.45
686.84	2858.96
687.03	2955.22
687.23	2775.00
687.42	2883.54
687.62	2832.34
687.81	3065.81
688.01	2914.26
688.20	2895.83
688.40	3160.02
688.59	3030.99
688.78	3071.95
688.98	2983.89
689.17	3166.16
689.37	2789.33
689.56	2858.96
689.76	3000.27
689.95	3186.64
690.15	2738.13
690.34	3135.44
690.53	2678.74
690.73	2705.37
690.92	2754.52
691.12	2834.39
691.31	3059.67
691.51	3112.91
691.70	3006.42
691.89	2719.70
692.09	2598.87
692.28	2987.99
692.48	2912.21
692.67	3018.71
692.87	2867.16
693.06	2770.90
693.25	2818.00
693.45	2752.47
693.64	2926.55
693.84	3047.38
694.03	2854.87
694.22	2801.62
694.42	2650.07
694.61	2826.20
694.81	4435.90
695.00	2908.12
695.19	2740.18
695.39	3160.02
695.58	2961.36
695.78	2840.53
695.97	2826.20
696.16	3297.23
696.36	3209.17
696.55	2885.59
696.75	2609.11
696.94	2662.36
697.13	3397.58
697.33	2719.70
697.52	2883.54
697.71	2914.26
697.91	3125.20
698.10	3332.05
698.30	2756.57
698.49	3086.29
698.68	2670.55
698.88	2770.90
699.07	2824.15
699.26	3608.52
699.46	2938.84
699.65	2924.50
699.85	2836.44
700.04	2848.72
700.23	2629.59
700.43	2971.60
700.62	2811.86
700.81	2985.94
701.01	2758.61
701.20	2897.88
701.39	2756.57
701.59	2887.64
701.78	2729.94
701.98	2719.70
702.17	2736.09
702.36	2957.27
702.56	3055.57
702.75	2854.87
702.94	2856.92
703.14	4517.82
703.33	2887.64
703.52	6627.23
703.72	2635.74
703.91	3086.29
704.10	2719.70
704.30	2697.17
704.49	2619.35
704.68	2895.83
704.88	3291.09
705.07	3129.30
705.26	2830.29
705.46	2826.20
705.65	2809.81
705.84	2625.50
706.03	2824.15
706.23	2873.30
706.42	2811.86
706.61	2842.58
706.81	2979.79
707.00	3198.93
707.19	2824.15
707.39	3039.19
707.58	2609.11
707.77	2908.12
707.97	3256.27
708.16	2932.69
708.35	2789.33
708.55	2852.82
708.74	2813.91
708.93	3200.98
709.12	2920.40
709.32	2920.40
709.51	3100.62
709.70	2998.23
709.90	2994.13
710.09	2899.92
710.28	2893.78
710.47	2674.65
710.67	2797.53
710.86	3139.54
711.05	2645.98
711.25	2641.88
711.44	2539.48
711.63	3057.62
711.82	3065.81
712.02	3438.54
712.21	2789.33
712.40	3039.19
712.59	3213.26
712.79	3141.58
712.98	2865.11
713.17	3112.91
713.37	2852.82
713.56	2643.93
713.75	2637.78
713.94	3047.38
714.14	2865.11
714.33	3000.27
714.52	2717.65
714.71	2865.11
714.91	2912.21
715.10	2981.84
715.29	2660.31
715.48	2873.30
715.68	3149.78
715.87	2715.61
716.06	2959.31
716.25	2879.44
716.45	2998.23
716.64	2938.84
716.83	2842.58
717.02	3219.41
717.21	2916.31
717.41	3317.71
717.60	3137.49
717.79	2670.55
717.98	2750.42
718.18	2858.96
718.37	2709.46
718.56	3432.40
718.75	3278.80
718.94	2879.44
719.14	2580.44
719.33	3010.51
719.52	2934.74
719.71	2715.61
719.91	2627.54
720.10	3510.22
720.29	2963.41
720.48	2785.24
720.67	2981.84
720.87	3383.24
721.06	2654.17
721.25	3049.43
721.44	2600.92
721.63	3076.05
721.83	3252.17
722.02	2596.82
722.21	2820.05
722.40	2875.35
722.59	3055.57
722.79	2824.15
722.98	2963.41
723.17	2783.19
723.36	2736.09
723.55	2627.54
723.74	2578.39
723.94	3012.56
724.13	2766.81
724.32	2752.47
724.51	2914.26
724.70	2973.65
724.90	2867.16
725.09	3055.57
725.28	2944.98
725.47	2813.91
725.66	2969.55
725.85	2822.10
726.05	2891.73
726.24	2965.46
726.43	2963.41
726.62	3094.48
726.81	2623.45
727.00	2881.49
727.20	3080.14
727.39	2996.18
727.58	2777.05
727.77	2721.75
727.96	2824.15
728.15	3198.93
728.34	2777.05
728.54	2979.79
728.73	3061.71
728.92	2865.11
729.11	2779.09
729.30	2787.29
729.49	3160.02
729.68	2998.23
729.88	2873.30
730.07	2570.20
730.26	2660.31
730.45	3268.56
730.64	3350.48
730.83	2723.80
731.02	2430.94
731.21	3110.86
731.41	3053.52
731.60	2480.09
731.79	2801.62
731.98	3325.90
732.17	3137.49
732.36	2498.52
732.55	2424.80
732.74	3309.52
732.93	2998.23
733.13	2662.36
733.32	2666.46
733.51	2869.20
733.70	3467.21
733.89	2727.89
734.08	2729.94
734.27	2836.44
734.46	3106.77
734.65	2584.54
734.85	2750.42
735.04	2891.73
735.23	3205.07
735.42	2752.47
735.61	2242.53
735.80	2947.03
735.99	3211.22
736.18	3260.37
736.37	2418.65
736.56	3170.26
736.75	2850.77
736.94	2633.69
737.14	2408.41
737.33	2975.70
737.52	2834.39
737.71	2742.23
737.90	2754.52
738.09	3172.30
738.28	2973.65
738.47	2854.87
738.66	2756.57
738.85	3127.25
739.04	2805.72
739.23	2824.15
739.42	2383.84
739.61	2987.99
739.80	2854.87
740.00	2580.44
740.19	2529.24
740.38	2924.50
740.57	2846.68
740.76	2445.27
740.95	2588.63
741.14	3291.09
741.33	3463.12
741.52	2744.28
741.71	2502.62
741.90	3135.44
742.09	3137.49
742.28	2549.72
742.47	2353.12
742.66	2961.36
742.85	2754.52
743.04	2492.38
743.23	2723.80
743.42	3074.00
743.61	2910.16
743.80	2506.71
743.99	2361.31
744.18	3024.85
744.37	2934.74
744.56	2611.16
744.75	2400.22
744.94	3137.49
745.13	3039.19
745.32	2150.37
745.51	2500.57
745.71	3071.95
745.90	2985.94
746.09	2627.54
746.28	2576.34
746.47	3053.52
746.66	3121.10
746.85	2654.17
747.04	2605.02
747.23	2891.73
747.42	3284.94
747.61	2375.64
747.80	2883.54
747.99	3082.19
748.18	2764.76
748.36	2400.22
748.55	2877.40
748.74	3258.32
748.93	3145.68
749.12	2529.24
749.31	2564.06
749.50	2914.26
749.69	3166.16
749.88	2527.19
750.07	2373.60
750.26	3209.17
750.45	2772.95
750.64	2230.24
750.83	2451.42
751.02	2949.08
751.21	3071.95
751.40	2625.50
751.59	2693.08
751.78	3186.64
751.97	3151.82
752.16	2850.77
752.35	2678.74
752.54	3069.91
752.73	3065.81
752.92	2588.63
753.11	2795.48
753.30	2777.05
753.49	2699.22
753.68	2717.65
753.87	2582.49
754.05	3196.88
754.24	2930.64
754.43	2787.29
754.62	2361.31
754.81	3626.95
755.00	3211.22
755.19	2539.48
755.38	2668.50
755.57	3217.36
755.76	3088.34
755.95	2736.09
756.14	2330.59
756.33	3139.54
756.52	2990.03
756.70	2631.64
756.89	2541.53
757.08	3241.93
757.27	3149.78
757.46	2596.82
757.65	2385.88
757.84	3143.63
758.03	2789.33
758.22	2510.81
758.41	2652.12
758.60	2809.81
758.79	2975.70
758.97	2756.57
759.16	2809.81
759.35	3000.27
759.54	3030.99
759.73	2473.95
759.92	2465.75
760.11	2752.47
760.30	2957.27
760.49	2506.71
760.67	2516.95
760.86	3145.68
761.05	3360.72
761.24	2527.19
761.43	2340.83
761.62	3069.91
761.81	2977.75
762.00	2674.65
762.19	2389.98
762.37	3053.52
762.56	3311.57
762.75	2220.00
762.94	2684.89
763.13	2865.11
763.32	2920.40
763.51	2400.22
763.70	2367.45
763.88	3305.42
764.07	3102.67
764.26	2715.61
764.45	2396.12
764.64	3094.48
764.83	3258.32
765.02	2650.07
765.20	2662.36
765.39	3094.48
765.58	3407.82
765.77	2731.99
765.96	3055.57
766.15	3033.04
766.33	2928.60
766.52	2824.15
766.71	2514.91
766.90	3446.73
767.09	2910.16
767.28	2285.53
767.46	2504.67
767.65	2861.01
767.84	2969.55
768.03	2576.34
768.22	2383.84
768.41	2807.77
768.59	2834.39
768.78	2557.91
768.97	2586.58
769.16	3309.52
769.35	2822.10
769.54	2609.11
769.72	2504.67
769.91	3000.27
770.10	3356.62
770.29	2377.69
770.48	2654.17
770.66	3063.76
770.85	3059.67
771.04	2633.69
771.23	2377.69
771.42	3256.27
771.60	3194.83
771.79	2531.29
771.98	2633.69
772.17	3137.49
772.36	3192.78
772.54	2412.51
772.73	2611.16
772.92	3184.59
773.11	2787.29
773.30	2625.50
773.48	2402.27
773.67	2893.78
773.86	2920.40
774.05	2455.51
774.23	2719.70
774.42	3203.02
774.61	3289.04
774.80	2535.39
774.99	2408.41
775.17	3117.01
775.36	2912.21
775.55	2514.91
775.74	2615.26
775.92	3127.25
776.11	2867.16
776.30	2930.64
776.49	2365.40
776.67	3016.66
776.86	2695.13
777.05	2453.47
777.24	2383.84
777.42	3002.32
777.61	2809.81
777.80	2807.77
777.99	2412.51
778.17	2869.20
778.36	3016.66
778.55	2463.71
778.74	2734.04
778.92	2908.12
779.11	3235.79
779.30	2572.25
779.49	2473.95
779.67	3108.82
779.86	2967.51
780.05	2375.64
780.24	2326.49
780.42	3096.53
780.61	3076.05
780.80	2568.15
780.98	2240.48
781.17	2949.08
781.36	2908.12
781.55	2719.70
781.73	2394.08
781.92	3069.91
782.11	3012.56
782.29	2549.72
782.48	2572.25
782.67	3330.00
782.86	3182.54
783.04	2586.58
783.23	2568.15
783.42	3168.21
783.60	3157.97
783.79	2578.39
783.98	2441.18
784.16	3076.05
784.35	3018.71
784.54	2703.32
784.73	2367.45
784.91	3082.19
785.10	2824.15
785.29	2588.63
785.47	2701.27
785.66	3119.06
785.85	2832.34
786.03	2502.62
786.22	2359.26
786.41	3176.40
786.59	3092.43
786.78	2408.41
786.97	2490.33
787.15	3102.67
787.34	2940.88
787.53	2555.86
787.71	2568.15
787.90	2994.13
788.09	3026.90
788.27	2807.77
788.46	2570.20
788.65	3096.53
788.83	2893.78
789.02	2226.14
789.21	2367.45
789.39	2807.77
789.58	3164.11
789.77	2455.51
789.95	2326.49
790.14	3299.28
790.33	2949.08
790.51	2326.49
790.70	2815.96
790.88	2906.07
791.07	3055.57
791.26	3086.29
791.44	2510.81
791.63	2850.77
791.82	3082.19
792.00	2359.26
792.19	2592.73
792.38	3422.16
792.56	3030.99
792.75	2676.70
792.93	2750.42
793.12	3117.01
793.31	2965.46
793.49	2707.41
793.68	2494.43
793.86	2938.84
794.05	3293.13
794.24	2527.19
794.42	2617.30
794.61	3014.61
794.80	2899.92
794.98	2818.00
795.17	2578.39
795.35	3225.55
795.54	2969.55
795.73	2617.30
795.91	3246.03
796.10	3178.45
796.28	3160.02
796.47	2432.99
796.66	2430.94
796.84	3456.97
797.03	2969.55
797.21	2365.40
797.40	2635.74
797.58	3293.13
797.77	2971.60
797.96	2750.42
798.14	3004.37
798.33	3321.81
798.51	3082.19
798.70	2379.74
798.88	2621.40
799.07	3045.33
799.26	3039.19
799.44	2627.54
799.63	2598.87
799.81	2830.29
800.00	2979.79
800.18	2947.03
800.37	2580.44
800.56	2861.01
800.74	3037.14
800.93	2539.48
801.11	2637.78
801.30	3094.48
801.48	2926.55
801.67	2734.04
801.85	2682.84
802.04	3114.96
802.22	2924.50
802.41	2596.82
802.60	2764.76
802.78	3102.67
802.97	2861.01
803.15	2748.37
803.34	2664.41
803.52	3094.48
803.71	3176.40
803.89	2387.93
804.08	2957.27
804.26	3364.81
804.45	2949.08
804.63	2717.65
804.82	2645.98
805.00	2977.75
805.19	3442.64
805.37	2506.71
805.56	2492.38
805.74	3301.33
805.93	2916.31
806.11	2734.04
806.30	2455.51
806.48	2926.55
806.67	3057.62
806.85	2781.14
807.04	2613.21
807.22	2871.25
807.41	3057.62
807.59	2949.08
807.78	2562.01
807.96	3370.96
808.15	2926.55
808.33	2813.91
808.52	2901.97
808.70	3270.61
808.89	3110.86
809.07	3219.41
809.26	2668.50
809.44	2944.98
809.63	3200.98
809.81	2979.79
810.00	2826.20
810.18	3119.06
810.37	2965.46
810.55	2836.44
810.74	2770.90
810.92	3307.47
811.11	3252.17
811.29	2291.68
811.48	2609.11
811.66	2822.10
811.84	2789.33
812.03	2766.81
812.21	2828.24
812.40	2942.93
812.58	2756.57
812.77	2938.84
812.95	2559.96
813.14	2973.65
813.32	2885.59
813.51	2592.73
813.69	2748.37
813.87	2707.41
814.06	3047.38
814.24	2734.04
814.43	2402.27
814.61	3114.96
814.80	3123.15
814.98	2568.15
815.16	2607.06
815.35	3309.52
815.53	3520.46
815.72	2674.65
815.90	2635.74
816.09	3039.19
816.27	3004.37
816.45	2766.81
816.64	2656.22
816.82	3448.78
817.01	2879.44
817.19	2519.00
817.37	2863.06
817.56	3213.26
817.74	2818.00
817.93	2963.41
818.11	2684.89
818.30	2928.60
818.48	2777.05
818.66	2643.93
818.85	2615.26
819.03	3129.30
819.21	2987.99
819.40	2871.25
819.58	3160.02
819.77	3078.10
819.95	2916.31
820.13	3071.95
820.32	2416.60
820.50	3295.18
820.69	3344.33
820.87	2705.37
821.05	2498.52
821.24	3059.67
821.42	3141.58
821.60	2572.25
821.79	2910.16
821.97	3141.58
822.16	3358.67
822.34	2625.50
822.52	2760.66
822.71	3405.77
822.89	3170.26
823.07	2840.53
823.26	2588.63
823.44	2961.36
823.62	2840.53
823.81	2793.43
823.99	2443.23
824.18	3162.06
824.36	2901.97
824.54	2830.29
824.73	2717.65
824.91	3430.35
825.09	3104.72
825.28	2987.99
825.46	2840.53
825.64	3233.74
825.83	3045.33
826.01	2834.39
826.19	2629.59
826.38	2934.74
826.56	3030.99
826.74	2535.39
826.93	2678.74
827.11	3012.56
827.29	3049.43
827.48	2740.18
827.66	2674.65
827.84	3119.06
828.03	2959.31
828.21	2449.37
828.39	2379.74
828.57	3291.09
828.76	3215.31
828.94	2562.01
829.12	3022.80
829.31	3071.95
829.49	2992.08
829.67	2605.02
829.86	2707.41
830.04	3006.42
830.22	3104.72
830.40	2596.82
830.59	2727.89
830.77	3057.62
830.95	3045.33
831.14	3035.09
831.32	2566.10
831.50	2996.18
831.69	3121.10
831.87	2928.60
832.05	2731.99
832.23	2967.51
832.42	3258.32
832.60	2596.82
832.78	2609.11
832.96	4495.29
833.15	3266.51
833.33	2664.41
833.51	3043.28
833.70	3157.97
833.88	3057.62
834.06	2723.80
834.24	2752.47
834.43	3475.40
834.61	2996.18
834.79	2922.45
834.97	3102.67
835.16	3162.06
835.34	2963.41
835.52	3004.37
835.70	2551.77
835.89	3045.33
836.07	3383.24
836.25	2848.72
836.43	2594.78
836.62	2987.99
836.80	3235.79
836.98	2572.25
837.16	2551.77
837.34	3004.37
837.53	3268.56
837.71	2707.41
837.89	3057.62
838.07	3180.50
838.26	3313.61
838.44	2828.24
838.62	3325.90
838.80	3157.97
838.99	3141.58
839.17	2674.65
839.35	2826.20
839.53	3178.45
839.71	3350.48
839.90	2672.60
840.08	2797.53
840.26	3235.79
840.44	3248.08
840.62	2908.12
840.81	2521.05
840.99	3643.34
841.17	3082.19
841.35	2840.53
841.53	2658.26
841.72	3266.51
841.90	2994.13
842.08	2682.84
842.26	2564.06
842.44	3071.95
842.63	3397.58
842.81	3121.10
842.99	2883.54
843.17	3184.59
843.35	3121.10
843.53	2924.50
843.72	2799.57
843.90	3289.04
844.08	3059.67
844.26	2731.99
844.44	2750.42
844.62	3422.16
844.81	3317.71
844.99	3043.28
845.17	2676.70
845.35	3157.97
845.53	3043.28
845.71	4790.20
845.90	2756.57
846.08	3094.48
846.26	3053.52
846.44	2498.52
846.62	2740.18
846.80	3022.80
846.98	2969.55
847.17	3848.13
847.35	3241.93
847.53	3186.64
847.71	3145.68
847.89	3211.22
848.07	2705.37
848.25	2994.13
848.44	2904.02
848.62	2924.50
848.80	2680.79
848.98	3119.06
849.16	3108.82
849.34	3053.52
849.52	2750.42
849.70	3074.00
849.89	3170.26
850.07	2861.01
850.25	3010.51
850.43	3129.30
850.61	3352.52
850.79	2549.72
850.97	2809.81
851.15	3389.39
851.33	3123.15
851.52	2705.37
851.70	3170.26
851.88	3344.33
852.06	3006.42
852.24	2699.22
852.42	3055.57
852.60	3411.92
852.78	3469.26
852.96	2830.29
853.14	2996.18
853.33	3428.30
853.51	3094.48
853.69	2990.03
853.87	2897.88
854.05	3047.38
854.23	2838.48
854.41	2731.99
854.59	2865.11
854.77	3270.61
854.95	3110.86
855.13	2760.66
855.31	3002.32
855.49	3045.33
855.68	3028.95
855.86	2826.20
856.04	3233.74
856.22	3014.61
856.40	3096.53
856.58	2748.37
856.76	2994.13
856.94	2949.08
857.12	3145.68
857.30	2557.91
857.48	2848.72
857.66	3227.60
857.84	3626.95
858.02	2848.72
858.20	3082.19
858.38	3096.53
858.56	3114.96
858.74	2637.78
858.92	2727.89
859.10	3160.02
859.29	3274.70
859.47	2711.51
859.65	3184.59
859.83	3219.41
860.01	3131.34
860.19	2799.57
860.37	2928.60
860.55	3383.24
860.73	3065.81
860.91	2725.85
861.09	3166.16
861.27	3180.50
861.45	3276.75
861.63	2795.48
861.81	3164.11
861.99	3157.97
862.17	3010.51
862.35	2797.53
862.53	2858.96
862.71	3440.59
862.89	3096.53
863.07	2783.19
863.25	3108.82
863.43	3299.28
863.61	3403.72
863.79	3108.82
863.97	3100.62
864.15	3215.31
864.33	3112.91
864.51	2877.40
864.69	2703.32
864.87	3323.85
865.05	3119.06
865.23	2928.60
865.41	2916.31
865.59	3418.06
865.77	3282.89
865.95	3037.14
866.13	2678.74
866.30	3125.20
866.48	3088.34
866.66	2971.60
866.84	2899.92
867.02	3268.56
867.20	3100.62
867.38	2752.47
867.56	2924.50
867.74	3440.59
867.92	3225.55
868.10	2891.73
868.28	2815.96
868.46	3264.46
868.64	3416.01
868.82	2873.30
869.00	2930.64
869.18	3108.82
869.36	3520.46
869.54	3227.60
869.72	3182.54
869.89	3164.11
870.07	3125.20
870.25	3016.66
870.43	3061.71
870.61	3100.62
870.79	3280.85
870.97	2887.64
871.15	3117.01
871.33	3633.10
871.51	3233.74
871.69	3061.71
871.87	2998.23
872.05	3432.40
872.22	3456.97
872.40	2762.71
872.58	3121.10
872.76	3450.83
872.94	3338.19
873.12	3002.32
873.30	2637.78
873.48	3403.72
873.66	3370.96
873.84	3078.10
874.01	2885.59
874.19	3231.69
874.37	3051.47
874.55	2834.39
874.73	2842.58
874.91	3547.08
875.09	3051.47
875.27	2815.96
875.45	2938.84
875.62	3334.09
875.80	3168.21
875.98	2867.16
876.16	3157.97
876.34	3432.40
876.52	2998.23
876.70	3311.57
876.88	2914.26
877.05	3422.16
877.23	3350.48
877.41	3002.32
877.59	3471.31
877.77	3416.01
877.95	3039.19
878.13	2748.37
878.30	2957.27
878.48	3346.38
878.66	3362.76
878.84	3268.56
879.02	2901.97
879.20	3377.10
879.37	3348.43
879.55	3117.01
879.73	3106.77
879.91	3338.19
880.09	3272.65
880.27	3424.20
880.45	2930.64
880.62	3340.24
880.80	3135.44
880.98	2979.79
881.16	3016.66
881.34	3155.92
881.51	3166.16
881.69	3053.52
881.87	2873.30
882.05	3305.42
882.23	3096.53
882.41	2797.53
882.58	3104.72
882.76	3256.27
882.94	3125.20
883.12	3291.09
883.30	3125.20
883.47	3522.51
883.65	3334.09
883.83	3198.93
884.01	3028.95
884.19	3203.02
884.36	3198.93
884.54	2709.46
884.72	3291.09
884.90	3174.35
885.08	3520.46
885.25	3981.25
885.43	3057.62
885.61	3145.68
885.79	3237.84
885.97	3203.02
886.14	3235.79
886.32	3346.38
886.50	3710.92
886.68	3006.42
886.85	3024.85
887.03	3547.08
887.21	3463.12
887.39	3190.74
887.56	3389.39
887.74	3180.50
887.92	3364.81
888.10	3254.22
888.27	3190.74
888.45	3555.27
888.63	3571.66
888.81	3061.71
888.99	3145.68
889.16	3260.37
889.34	3332.05
889.52	2854.87
889.69	3157.97
889.87	3585.99
890.05	3381.20
890.23	3219.41
890.40	3059.67
890.58	3383.24
890.76	3485.64
890.94	3223.50
891.11	3119.06
891.29	3448.78
891.47	3239.89
891.65	3456.97
891.82	3413.96
892.00	3211.22
892.18	3532.75
892.35	3246.03
892.53	3217.36
892.71	3725.26
892.89	3645.38
893.06	3399.63
893.24	3190.74
893.42	3225.55
893.59	3397.58
893.77	3119.06
893.95	3178.45
894.13	3266.51
894.30	3643.34
894.48	3211.22
894.66	3821.51
894.83	3377.10
895.01	3545.03
895.19	3403.72
895.36	3299.28
895.54	3737.54
895.72	3553.23
895.89	3117.01
896.07	3162.06
896.25	3665.86
896.43	3446.73
896.60	3561.42
896.78	3350.48
896.96	3766.21
897.13	3622.86
897.31	3223.50
897.49	3477.45
897.66	3839.94
897.84	3604.42
898.02	3563.47
898.19	3383.24
898.37	3481.55
898.55	3790.79
898.72	3573.71
898.90	3418.06
899.07	3624.90
899.25	3708.87
899.43	3559.37
899.60	4104.13
899.78	3514.31
899.96	3379.15
900.13	3272.65
900.31	3649.48
900.49	3612.62
900.66	3917.76
900.84	3723.21
901.02	3663.82
901.19	3723.21
901.37	3649.48
901.54	3499.98
901.72	3377.10
901.90	3704.78
902.07	3706.82
902.25	3528.65
902.43	3616.71
902.60	3952.58
902.78	3407.82
902.95	3620.81
903.13	3510.22
903.31	3692.49
903.48	3798.98
903.66	3563.47
903.83	3751.88
904.01	3948.48
904.19	3731.40
904.36	3676.10
904.54	3370.96
904.71	3895.24
904.89	3612.62
905.07	3610.57
905.24	3649.48
905.42	3878.85
905.59	4124.61
905.77	3872.71
905.95	3686.34
906.12	3755.97
906.30	4009.92
906.47	3866.56
906.65	4120.51
906.82	4118.47
907.00	4179.90
907.18	3436.49
907.35	3567.56
907.53	4108.23
907.70	4005.83
907.88	3776.45
908.05	4988.85
908.23	4048.83
908.41	4140.99
908.58	3817.41
908.76	3426.25
908.93	4282.30
909.11	4147.14
909.28	3776.45
909.46	3784.65
909.63	4237.25
909.81	4304.83
909.99	3932.10
910.16	3708.87
910.34	4028.35
910.51	4204.48
910.69	4046.79
910.86	3651.53
911.04	4284.35
911.21	3942.34
911.39	4730.81
911.56	3827.65
911.74	4200.38
911.91	4333.50
912.09	4102.08
912.26	3981.25
912.44	3887.04
912.62	4065.22
912.79	4110.27
912.97	4235.20
913.14	4544.44
913.32	4399.04
913.49	4073.41
913.67	4272.06
913.84	4067.27
914.02	4167.62
914.19	4155.33
914.37	4259.78
914.54	4227.01
914.72	4079.55
914.89	4218.82
915.07	4517.82
915.24	4448.19
915.42	4493.24
915.59	4386.75
915.77	4440.00
915.94	4855.73
916.12	4855.73
916.29	4306.88
916.46	4374.46
916.64	4657.08
916.81	4790.20
916.99	4487.10
917.16	4366.27
917.34	4911.03
917.51	4726.71
917.69	4321.21
917.86	4292.54
918.04	4591.55
918.21	4896.69
918.39	4521.92
918.56	4411.32
918.74	4349.89
918.91	4970.42
919.08	4331.45
919.26	4681.66
919.43	4751.29
919.61	4726.71
919.78	4523.96
919.96	5038.00
920.13	4935.60
920.31	4700.09
920.48	4655.03
920.65	4726.71
920.83	5158.83
921.00	4917.17
921.18	4505.53
921.35	4792.25
921.53	4743.10
921.70	4710.33
921.88	4513.72
922.05	4612.03
922.22	4618.17
922.40	4745.14
922.57	4661.18
922.75	4388.80
922.92	4954.04
923.09	4960.18
923.27	4650.94
923.44	5240.75
923.62	4804.53
923.79	5158.83
923.96	4730.81
924.14	4669.37
924.31	5152.69
924.49	4927.41
924.66	4765.62
924.83	4890.55
925.01	5066.67
925.18	5390.25
925.36	5056.43
925.53	4589.50
925.70	5021.62
925.88	4739.00
926.05	5179.31
926.23	5173.17
926.40	5156.79
926.57	5146.55
926.75	5013.43
926.92	4771.77
927.09	5316.53
927.27	5038.00
927.44	5013.43
927.62	4816.82
927.79	5298.10
927.96	5035.96
928.14	4833.21
928.31	5128.11
928.48	5523.37
928.66	5261.23
928.83	4759.48
929.00	5025.72
929.18	5283.76
929.35	5363.63
929.52	5439.40
929.70	5072.82
929.87	5205.94
930.05	5197.74
930.22	5160.88
930.39	5203.89
930.57	5304.24
930.74	5984.16
930.91	5160.88
931.09	5396.40
931.26	5445.55
931.43	5535.66
931.61	5007.28
931.78	5214.13
931.95	5445.55
932.12	5758.89
932.30	5107.63
932.47	5693.35
932.64	5220.27
932.82	5320.62
932.99	5439.40
933.16	5332.91
933.34	5531.56
933.51	5685.16
933.68	5324.72
933.86	5685.16
934.03	5463.98
934.20	5384.11
934.38	5595.05
934.55	5181.36
934.72	6066.08
934.89	5846.95
935.07	5441.45
935.24	5593.00
935.41	5668.78
935.59	5726.12
935.76	5480.36
935.93	5461.93
936.10	5699.50
936.28	5642.15
936.45	5537.71
936.62	5570.48
936.79	5996.45
936.97	5699.50
937.14	5693.35
937.31	5750.70
937.49	5595.05
937.66	5965.73
937.83	5887.91
938.00	5896.10
938.18	6082.47
938.35	6119.33
938.52	5945.25
938.69	5898.15
938.87	5980.07
939.04	5947.30
939.21	5767.08
939.38	5734.31
939.56	6057.89
939.73	5593.00
939.90	5857.19
940.07	5654.44
940.25	6121.38
940.42	5992.36
940.59	6084.52
940.76	5896.10
940.94	5996.45
941.11	5980.07
941.28	6049.70
941.45	6248.35
941.62	6246.30
941.80	5898.15
941.97	6217.63
942.14	5986.21
942.31	6487.96
942.48	6016.93
942.66	6061.99
942.83	6215.59
943.00	5967.78
943.17	6463.39
943.35	6266.78
943.52	6156.19
943.69	5994.40
943.86	6021.03
944.03	6029.22
944.21	6428.57
944.38	6373.28
944.55	6289.31
944.72	6055.84
944.89	6078.37
945.06	6340.51
945.24	6119.33
945.41	6616.99
945.58	6297.50
945.75	6381.47
945.92	6254.50
946.10	6584.22
946.27	5988.26
946.44	6322.08
946.61	6234.02
946.78	6555.55
946.95	5902.25
947.13	6246.30
947.30	6404.00
947.47	6193.06
947.64	6444.96
947.81	6655.90
947.98	6324.13
948.16	6375.33
948.33	6320.03
948.50	6469.53
948.67	6297.50
948.84	6475.68
949.01	6313.89
949.18	6651.80
949.36	6756.25
949.53	6324.13
949.70	6238.11
949.87	6686.62
950.04	6342.56
950.21	6764.44
950.38	6234.02
950.56	6352.80
950.73	6453.15
950.90	6305.70
951.07	6512.54
951.24	6471.58
951.41	6557.60
951.58	6430.62
951.75	6600.60
951.92	6508.44
952.10	6418.33
952.27	6156.19
952.44	6430.62
952.61	7143.32
952.78	6479.77
952.95	5992.36
953.12	6569.88
953.29	6637.47
953.46	6557.60
953.64	6543.26
953.81	6340.51
953.98	6602.65
954.15	6408.09
954.32	6451.10
954.49	6092.71
954.66	6479.77
954.83	6520.73
955.00	6254.50
955.17	6471.58
955.34	6281.12
955.51	6440.86
955.69	7159.70
955.86	6463.39
956.03	6481.82
956.20	6412.19
956.37	6412.19
956.54	6170.53
956.71	6494.11
956.88	6135.71
957.05	6406.05
957.22	6037.41
957.39	6594.46
957.56	6195.11
957.73	6113.19
957.90	6197.15
958.07	6659.99
958.24	6543.26
958.41	6041.51
958.59	6324.13
958.76	6506.40
958.93	6541.21
959.10	6039.46
959.27	5943.21
959.44	6397.85
959.61	6043.56
959.78	6221.73
959.95	6088.61
960.12	6479.77
960.29	6252.45
960.46	5937.06
960.63	5726.12
960.80	6037.41
960.97	6152.10
961.14	5939.11
961.31	5953.45
961.48	6422.43
961.65	6449.05
961.82	5959.59
961.99	6029.22
962.16	6102.95
962.33	6123.43
962.50	6080.42
962.67	5767.08
962.84	5918.63
963.01	5918.63
963.18	5765.03
963.35	5705.64
963.52	6180.77
963.69	6119.33
963.86	6135.71
964.03	5904.29
964.20	6336.42
964.37	6031.27
964.54	5955.49
964.71	5791.66
964.88	5849.00
965.05	5758.89
965.22	5476.27
965.39	5590.95
965.56	5572.52
965.73	5617.58
965.90	5666.73
966.07	5437.36
966.24	5668.78
966.41	5545.90
966.58	5586.86
966.74	5664.68
966.91	6018.98
967.08	5988.26
967.25	5257.14
967.42	5205.94
967.59	5629.87
967.76	5330.86
967.93	5568.43
968.10	5218.22
968.27	5390.25
968.44	5324.72
968.61	5238.70
968.78	5085.11
968.95	5169.07
969.12	5248.94
969.29	5236.66
969.46	4927.41
969.62	5330.86
969.79	5050.29
969.96	4949.94
970.13	4820.92
970.30	5365.68
970.47	5269.42
970.64	5091.25
970.81	5031.86
970.98	5142.45
971.15	5033.91
971.32	4569.02
971.49	5126.07
971.65	5158.83
971.82	4923.32
971.99	4767.67
972.16	4945.84
972.33	4921.27
972.50	4982.71
972.67	4931.51
972.84	4995.00
973.01	4943.80
973.17	5144.50
973.34	5111.73
973.51	4951.99
973.68	4906.93
973.85	4706.23
974.02	4710.33
974.19	4530.11
974.36	4792.25
974.53	4861.88
974.69	4648.89
974.86	4325.31
975.03	4802.49
975.20	4392.89
975.37	4485.05
975.54	4644.79
975.71	4534.20
975.87	4478.91
976.04	4466.62
976.21	4331.45
976.38	4587.45
976.55	4433.85
976.72	4214.72
976.89	4757.43
977.05	4759.48
977.22	4702.14
977.39	4190.14
977.56	4458.43
977.73	4433.85
977.90	4177.86
978.06	4251.58
978.23	4235.20
978.40	4100.03
978.57	4411.32
978.74	4351.93
978.91	4138.94
979.07	4179.90
979.24	4243.39
979.41	3852.23
979.58	3844.04
979.75	4353.98
979.91	3809.22
980.08	3491.79
980.25	3868.61
980.42	4102.08
980.59	3887.04
980.75	3669.96
980.92	3735.50
981.09	3805.13
981.26	4069.31
981.43	3979.20
981.59	3682.25
981.76	3704.78
981.93	3600.33
982.10	3563.47
982.27	3571.66
982.43	3813.32
982.60	3594.19
982.77	3397.58
982.94	3553.23
983.11	3538.89
983.27	3485.64
983.44	3600.33
983.61	3577.80
983.78	3940.29
983.94	3856.33
984.11	3346.38
984.28	3469.26
984.45	3862.47
984.61	3317.71
984.78	3411.92
984.95	3254.22
985.12	3629.00
985.28	3821.51
985.45	3272.65
985.62	3284.94
985.79	3463.12
985.95	3364.81
986.12	3114.96
986.29	3307.47
986.46	3755.97
986.62	3760.07
986.79	3426.25
986.96	3162.06
987.13	3530.70
987.29	3737.54
987.46	3203.02
987.63	3325.90
987.80	3203.02
987.96	3753.93
988.13	3170.26
988.30	3143.63
988.46	3225.55
988.63	3430.35
988.80	2619.35
988.97	2621.40
989.13	3422.16
989.30	3475.40
989.47	2543.58
989.63	2547.67
989.80	3526.60
989.97	3411.92
990.13	2834.39
990.30	3153.87
990.47	3192.78
990.64	3213.26
990.80	2523.10
990.97	2670.55
991.14	3213.26
991.30	3254.22
991.47	2627.54
991.64	2656.22
991.80	3217.36
991.97	3114.96
992.14	2488.28
992.30	3074.00
992.47	3002.32
992.64	3266.51
992.80	2445.27
992.97	2441.18
993.14	3542.99
993.30	4155.33
993.47	2508.76
993.64	2533.34
993.80	3504.07
993.97	3166.16
994.14	2572.25
994.30	2879.44
994.47	3270.61
994.64	3145.68
994.80	2684.89
994.97	2525.15
995.14	3387.34
995.30	3215.31
995.47	2643.93
995.63	2572.25
995.80	3145.68
995.97	3506.12
996.13	2437.08
996.30	2506.71
996.47	3020.75
996.63	3684.30
996.80	2975.70
996.97	2639.83
997.13	3219.41
997.30	3436.49
997.46	2461.66
997.63	2707.41
997.80	3325.90
997.96	3203.02
998.13	2482.14
998.29	2498.52
998.46	3080.14
998.63	2965.46
998.79	2373.60
998.96	2682.84
999.12	3397.58
999.29	3035.09
999.46	2510.81
999.62	2856.92
999.79	3176.40
999.95	3045.33
1000.12	2512.86
1000.29	2568.15
1000.45	3200.98
1000.62	3299.28
1000.78	2568.15
1000.95	2490.33
1001.11	3137.49
1001.28	3203.02
1001.45	2365.40
1001.61	2813.91
1001.78	3297.23
1001.94	3217.36
1002.11	2596.82
1002.27	2760.66
1002.44	3303.37
1002.61	3223.50
1002.77	2432.99
1002.94	2471.90
1003.10	3110.86
1003.27	3203.02
1003.43	2488.28
1003.60	2551.77
1003.76	3047.38
1003.93	3086.29
1004.10	2611.16
1004.26	2719.70
1004.43	3219.41
1004.59	3526.60
1004.76	2426.84
1004.92	2531.29
1005.09	3530.70
1005.25	3280.85
1005.42	2521.05
1005.58	2680.79
1005.75	3184.59
1005.91	3162.06
1006.08	2783.19
1006.24	2375.64
1006.41	3053.52
1006.57	3065.81
1006.74	2355.16
1006.90	2572.25
1007.07	2928.60
1007.23	3452.88
1007.40	2578.39
1007.56	2416.60
1007.73	2858.96
1007.89	3268.56
1008.06	2781.14
1008.22	2633.69
1008.39	3190.74
1008.55	2971.60
1008.72	2502.62
1008.88	2432.99
1009.05	2932.69
1009.21	3299.28
1009.38	2265.05
1009.54	2496.47
1009.71	3459.02
1009.87	3465.16
1010.04	2293.72
1010.20	2711.51
1010.37	2723.80
1010.53	3268.56
1010.70	2553.82
1010.86	2297.82
1011.03	2858.96
1011.19	2918.36
1011.35	2670.55
1011.52	2580.44
1011.68	2928.60
1011.85	3047.38
1012.01	2791.38
1012.18	2648.02
1012.34	2987.99
1012.51	2961.36
1012.67	2473.95
1012.83	2488.28
1013.00	3194.83
1013.16	2944.98
1013.33	2338.78
1013.49	3020.75
1013.66	3141.58
1013.82	3446.73
1013.99	2592.73
1014.15	2512.86
1014.31	3203.02
1014.48	3129.30
1014.64	2643.93
1014.81	2564.06
1014.97	2891.73
1015.13	3258.32
1015.30	2478.04
1015.46	2602.97
1015.63	2869.20
1015.79	3051.47
1015.95	2338.78
1016.12	2449.37
1016.28	2996.18
1016.45	2971.60
1016.61	2619.35
1016.77	2553.82
1016.94	2897.88
1017.10	3119.06
1017.27	2533.34
1017.43	2461.66
1017.59	2944.98
1017.76	3184.59
1017.92	2332.64
1018.09	2293.72
1018.25	3387.34
1018.41	3227.60
1018.58	2621.40
1018.74	2596.82
1018.90	3102.67
1019.07	3088.34
1019.23	2486.23
1019.40	2432.99
1019.56	3127.25
1019.72	2809.81
1019.89	2602.97
1020.05	3020.75
1020.21	3178.45
1020.38	3098.58
1020.54	2328.54
1020.70	2625.50
1020.87	3043.28
1021.03	3270.61
1021.19	2478.04
1021.36	2351.07
1021.52	3243.98
1021.68	3436.49
1021.85	3024.85
1022.01	2574.30
1022.17	3106.77
1022.34	3082.19
1022.50	2455.51
1022.66	2635.74
1022.83	3370.96
1022.99	3127.25
1023.15	2357.21
1023.32	2815.96
1023.48	3114.96
1023.64	3082.19
1023.81	2320.35
1023.97	2752.47
1024.13	3049.43
1024.30	3026.90
1024.46	2725.85
1024.62	2553.82
1024.79	3121.10
1024.95	3276.75
1025.11	2277.34
1025.27	2535.39
1025.44	2856.92
1025.60	2981.84
1025.76	2574.30
1025.93	2451.42
1026.09	3059.67
1026.25	2981.84
1026.41	2576.34
1026.58	2387.93
1026.74	2940.88
1026.90	3280.85
1027.07	2654.17
1027.23	2389.98
1027.39	2967.51
1027.55	3286.99
1027.72	2469.85
1027.88	2691.03
1028.04	3082.19
1028.20	3233.74
1028.37	2168.80
1028.53	2586.58
1028.69	2844.63
1028.85	3282.89
1029.02	2691.03
1029.18	2510.81
1029.34	2916.31
1029.50	3170.26
1029.67	2670.55
1029.83	2449.37
1029.99	3039.19
1030.15	2971.60
1030.32	2410.46
1030.48	2672.60
1030.64	3016.66
1030.80	3436.49
1030.97	2824.15
1031.13	2568.15
1031.29	3375.05
1031.45	3182.54
1031.61	2478.04
1031.78	2408.41
1031.94	3512.27
1032.10	3182.54
1032.26	2602.97
1032.42	2693.08
1032.59	3332.05
1032.75	3028.95
1032.91	2607.06
1033.07	2574.30
1033.24	2891.73
1033.40	3641.29
1033.56	2670.55
1033.72	2324.44
1033.88	3217.36
1034.04	3555.27
1034.21	2678.74
1034.37	2623.45
1034.53	3172.30
1034.69	2873.30
1034.85	2490.33
1035.02	2609.11
1035.18	2996.18
1035.34	3293.13
1035.50	2351.07
1035.66	2701.27
1035.82	3039.19
1035.99	3370.96
1036.15	2478.04
1036.31	2777.05
1036.47	3160.02
1036.63	3743.69
1036.79	2947.03
1036.96	2799.57
1037.12	3248.08
1037.28	2916.31
1037.44	2217.95
1037.60	2465.75
1037.76	3094.48
1037.92	3047.38
1038.09	2295.77
1038.25	2846.68
1038.41	3301.33
1038.57	3241.93
1038.73	2510.81
1038.89	2467.80
1039.05	3252.17
1039.22	3145.68
1039.38	2471.90
1039.54	2973.65
1039.70	3186.64
1039.86	3305.42
1040.02	2572.25
1040.18	2537.43
1040.34	3110.86
1040.51	3262.41
1040.67	3465.16
1040.83	2834.39
1040.99	3282.89
1041.15	3471.31
1041.31	2424.80
1041.47	2815.96
1041.63	3051.47
