345.74	1425.39
345.96	1425.39
346.17	1425.39
346.39	1433.58
346.60	1396.71
346.81	6717.34
347.03	6754.20
347.24	8966.01
347.46	9879.40
347.67	8822.65
347.89	5767.08
348.10	7643.02
348.32	7258.00
348.53	6248.35
348.75	6942.61
348.96	5384.11
349.18	8832.89
349.39	5881.77
349.61	6037.41
349.82	7745.42
350.04	7276.43
350.25	6313.89
350.47	6805.40
350.68	9168.76
350.90	9445.23
351.11	6234.02
351.32	6737.82
351.54	9871.21
351.75	8908.66
351.97	6119.33
352.18	4855.73
352.40	6170.53
352.61	7786.38
352.83	8830.84
353.04	6117.28
353.26	9383.79
353.47	7100.31
353.69	7935.88
353.90	6895.51
354.11	6678.43
354.33	11507.54
354.54	4235.20
354.76	7067.54
354.97	6885.27
355.19	8001.41
355.40	7112.60
355.62	10237.80
355.83	6633.37
356.04	7526.29
356.26	5502.89
356.47	7071.64
356.69	5599.15
356.90	12228.42
357.12	5035.96
357.33	4956.08
357.55	7217.04
357.76	6971.29
357.97	5607.34
358.19	7714.70
358.40	5300.14
358.62	11364.18
358.83	5914.53
359.05	8699.77
359.26	6070.18
359.47	7667.60
359.69	7247.76
359.90	9977.70
360.12	5410.73
360.33	8316.80
360.55	6012.84
360.76	9457.52
360.97	9965.42
361.19	9852.78
361.40	6274.98
361.62	5775.27
361.83	9125.75
362.04	10657.63
362.26	7769.99
362.47	6999.96
362.69	6895.51
362.90	6434.72
363.12	5267.38
363.33	6068.13
363.54	7923.59
363.76	9607.02
363.97	5902.25
364.19	6870.94
364.40	9717.61
364.61	6258.59
364.83	4571.07
365.04	7737.23
365.26	6268.83
365.47	9142.13
365.68	6295.46
365.90	5961.64
366.11	6723.48
366.33	9799.53
366.54	5519.28
366.75	6113.19
366.97	5431.21
367.18	6344.61
367.40	9478.00
367.61	6735.77
367.82	7051.16
368.04	9215.86
368.25	8107.91
368.46	7759.75
368.68	6207.39
368.89	11446.10
369.11	7028.63
369.32	7808.90
369.53	9574.25
369.75	7602.06
369.96	11511.63
370.18	8232.83
370.39	5975.97
370.60	7004.05
370.82	6012.84
371.03	6553.50
371.24	13545.27
371.46	6733.72
371.67	7458.70
371.88	5642.15
372.10	5506.99
372.31	5691.31
372.53	4685.75
372.74	6557.60
372.95	6535.07
373.17	6375.33
373.38	9211.76
373.59	7006.10
373.81	6313.89
374.02	8509.31
374.23	5478.32
374.45	10411.87
374.66	8413.06
374.88	7151.51
375.09	5787.56
375.30	9690.99
375.52	7778.19
375.73	11175.77
375.94	4906.93
376.16	8357.76
376.37	8757.11
376.58	9879.40
376.80	9025.40
377.01	8818.55
377.22	14628.64
377.44	7962.50
377.65	7698.31
377.86	5007.28
378.08	8134.53
378.29	6985.62
378.50	7974.79
378.72	4988.85
378.93	12771.13
379.14	9453.42
379.36	11056.98
379.57	6700.95
379.78	6395.81
380.00	7716.75
380.21	5119.92
380.42	4609.98
380.64	4923.32
380.85	5113.78
381.06	8255.36
381.28	5119.92
381.49	12101.45
381.70	5896.10
381.92	7368.59
382.13	8298.37
382.34	12431.17
382.56	10809.18
382.77	6350.75
382.98	7774.09
383.19	8316.80
383.41	7544.72
383.62	7554.96
383.83	8624.00
384.05	8624.00
384.26	8003.46
384.47	8134.53
384.69	6479.77
384.90	7434.13
385.11	10481.50
385.33	7409.55
385.54	8073.09
385.75	7042.96
385.96	8318.85
386.18	13223.73
386.39	7653.26
386.60	7122.84
386.82	11599.70
387.03	8959.86
387.24	7163.79
387.45	6961.05
387.67	5533.61
387.88	9641.84
388.09	7264.15
388.31	7024.53
388.52	6483.87
388.73	12478.27
388.94	7135.12
389.16	8791.93
389.37	5953.45
389.58	8841.08
389.80	7655.31
390.01	6213.54
390.22	7765.90
390.43	9336.69
390.65	7847.82
390.86	9164.66
391.07	8290.18
391.29	7651.21
391.50	4782.01
391.71	9838.44
391.92	11999.05
392.14	7147.41
392.35	7245.71
392.56	6616.99
392.77	8949.62
392.99	7839.62
393.20	5115.83
393.41	6059.94
393.62	6088.61
393.84	6786.97
394.05	7909.26
394.26	8411.01
394.47	9955.18
394.69	11253.59
394.90	9140.08
395.11	6434.72
395.32	5834.66
395.54	6404.00
395.75	6483.87
395.96	5881.77
396.17	11689.81
396.39	10487.65
396.60	5703.59
396.81	7962.50
397.02	6086.56
397.24	9324.40
397.45	10321.76
397.66	5246.90
397.87	9152.37
398.09	8875.90
398.30	7464.85
398.51	7470.99
398.72	6625.18
398.94	8638.33
399.15	11366.23
399.36	9459.57
399.57	8118.15
399.79	9033.59
400.00	12527.42
400.21	5078.96
400.42	9224.05
400.63	8032.13
400.85	9869.16
401.06	7554.96
401.27	7579.53
401.48	15097.63
401.70	6940.57
401.91	12556.10
402.12	9521.01
402.33	10723.16
402.54	6633.37
402.76	7163.79
402.97	11362.13
403.18	8857.46
403.39	7135.12
403.60	9187.19
403.82	6766.49
404.03	3817.41
404.24	6287.26
404.45	8593.28
404.66	9979.75
404.88	4911.03
405.09	11585.36
405.30	7798.66
405.51	6965.14
405.73	8228.74
405.94	5734.31
406.15	6690.71
406.36	7128.98
406.57	7683.98
406.78	7321.49
407.00	7462.80
407.21	10205.03
407.42	6549.40
407.63	12205.89
407.84	7415.69
408.06	7034.77
408.27	5115.83
408.48	6676.38
408.69	7421.84
408.90	6315.94
409.12	5599.15
409.33	8179.59
409.54	4845.49
409.75	8105.86
409.96	7937.93
410.17	8691.58
410.39	7214.99
410.60	11454.29
410.81	5312.43
411.02	8879.99
411.23	25509.50
411.44	6545.31
411.66	8445.82
411.87	10594.14
412.08	11351.89
412.29	5277.62
412.50	7669.64
412.71	6483.87
412.93	5361.58
413.14	6569.88
413.35	9162.61
413.56	6160.29
413.77	7876.49
413.98	8077.19
414.20	6692.76
414.41	9209.72
414.62	5750.70
414.83	4759.48
415.04	7214.99
415.25	8941.43
415.46	9025.40
415.68	6487.96
415.89	5545.90
416.10	7399.31
416.31	5171.12
416.52	8896.38
416.73	8560.51
416.94	6444.96
417.16	8554.37
417.37	7745.42
417.58	8912.76
417.79	5816.23
418.00	7655.31
418.21	7487.37
418.42	8331.14
418.64	6115.23
418.85	5627.82
419.06	6854.55
419.27	7149.46
419.48	8822.65
419.69	7364.50
419.90	4964.28
420.11	6694.81
420.33	6029.22
420.54	10477.41
420.75	10508.13
420.96	5885.86
421.17	8918.90
421.38	7266.19
421.59	6064.04
421.80	6225.82
422.02	8345.47
422.23	7722.89
422.44	9152.37
422.65	7573.39
422.86	7241.62
423.07	5210.03
423.28	7870.34
423.49	3864.52
423.70	6705.05
423.92	5496.75
424.13	9576.30
424.34	5369.77
424.55	6469.53
424.76	9002.87
424.97	10551.14
425.18	6557.60
425.39	8060.80
425.60	5463.98
425.81	7278.48
426.03	7661.45
426.24	7118.74
426.45	6322.08
426.66	12801.85
426.87	7260.05
427.08	10014.57
427.29	6590.36
427.50	8142.72
427.71	6860.70
427.92	6680.47
428.13	5441.45
428.34	7030.68
428.56	9639.79
428.77	10452.83
428.98	12920.63
429.19	7325.58
429.40	9672.56
429.61	7514.00
429.82	7587.72
430.03	6360.99
430.24	9099.13
430.45	4882.36
430.66	7573.39
430.87	6721.43
431.08	7782.28
431.30	4882.36
431.51	7587.72
431.72	6950.81
431.93	9568.11
432.14	5056.43
432.35	7350.16
432.56	10807.13
432.77	6643.61
432.98	7862.15
433.19	6504.35
433.40	7200.66
433.61	5277.62
433.82	8062.85
434.03	5185.46
434.24	5793.70
434.45	13137.72
434.66	10981.21
434.87	8173.44
435.09	6961.05
435.30	8277.89
435.51	8449.92
435.72	7759.75
435.93	6049.70
436.14	9017.21
436.35	7411.60
436.56	8294.27
436.77	6789.02
436.98	5255.09
437.19	9443.18
437.40	10450.78
437.61	8703.87
437.82	7237.52
438.03	7364.50
438.24	7946.12
438.45	7960.45
438.66	5531.56
438.87	5273.52
439.08	7774.09
439.29	6274.98
439.50	10295.14
439.71	13344.56
439.92	6363.04
440.13	6551.45
440.34	6602.65
440.55	7808.90
440.76	6709.15
440.97	10690.40
441.18	7872.39
441.39	5715.88
441.60	7524.24
441.81	7364.50
442.02	6512.54
442.23	6952.85
442.44	8552.32
442.65	7735.18
442.86	9101.17
443.07	7499.66
443.28	8101.76
443.49	9502.58
443.70	6924.18
443.91	5234.61
444.12	7436.17
444.33	7333.78
444.54	7929.74
444.75	6104.99
444.96	9084.79
445.17	11927.37
445.38	10678.11
445.59	7092.12
445.80	6866.84
446.01	6688.67
446.22	11798.35
446.43	6311.84
446.64	6537.12
446.85	7108.50
447.06	6033.32
447.27	7643.02
447.48	11943.75
447.69	7376.78
447.90	7251.86
448.11	4308.93
448.32	7927.69
448.53	7901.06
448.74	7481.23
448.95	6811.54
449.16	5746.60
449.37	7688.07
449.58	4988.85
449.79	6119.33
450.00	4954.04
450.21	6479.77
450.42	5902.25
450.63	5158.83
450.84	5201.84
451.05	6408.09
451.26	6545.31
451.47	7880.58
451.68	8066.95
451.89	7102.36
452.10	8511.36
452.30	9817.96
452.51	10588.00
452.72	5375.92
452.93	7274.38
453.14	6315.94
453.35	7260.05
453.56	9826.15
453.77	6303.65
453.98	6586.27
454.19	10069.86
454.40	6657.95
454.61	6813.59
454.82	7542.67
455.03	4890.55
455.24	5017.52
455.45	7407.50
455.66	9535.34
455.87	6453.15
456.07	5545.90
456.28	4718.52
456.49	5236.66
456.70	7970.69
456.91	7083.92
457.12	5386.16
457.33	5515.18
457.54	7872.39
457.75	9176.95
457.96	10073.96
458.17	8060.80
458.38	6789.02
458.59	5365.68
458.79	3928.00
459.00	4351.93
459.21	4489.15
459.42	4683.70
459.63	6772.63
459.84	4181.95
460.05	16006.92
460.26	7673.74
460.47	6401.95
460.68	6281.12
460.89	8961.91
461.09	9742.19
461.30	9674.60
461.51	6463.39
461.72	9379.70
461.93	8427.39
462.14	5908.39
462.35	4769.72
462.56	8343.42
462.77	4532.15
462.98	10317.67
463.18	6207.39
463.39	7671.69
463.60	9379.70
463.81	8210.31
464.02	10483.55
464.23	7243.67
464.44	13604.66
464.65	7171.99
464.86	5572.52
465.06	4091.84
465.27	7042.96
465.48	4882.36
465.69	6817.69
465.90	7931.78
466.11	7683.98
466.32	6100.90
466.53	4399.04
466.74	8142.72
466.94	7045.01
467.15	8009.61
467.36	5887.91
467.57	9899.88
467.78	7792.52
467.99	6854.55
468.20	11575.12
468.40	5883.81
468.61	5316.53
468.82	6616.99
469.03	10686.30
469.24	9545.58
469.45	6832.02
469.66	7321.49
469.86	6807.45
470.07	8673.15
470.28	6537.12
470.49	6330.27
470.70	6307.74
470.91	6234.02
471.12	8302.47
471.32	6891.41
471.53	5951.40
471.74	9152.37
471.95	7583.63
472.16	5652.39
472.37	7798.66
472.58	9492.34
472.78	5613.48
472.99	5488.56
473.20	7020.44
473.41	6643.61
473.62	4919.22
473.83	10391.39
474.03	8175.49
474.24	7831.43
474.45	7731.08
474.66	6152.10
474.87	7034.77
475.08	6051.75
475.28	9914.22
475.49	9850.73
475.70	6653.85
475.91	7829.38
476.12	6168.48
476.32	6371.23
476.53	6858.65
476.74	7761.80
476.95	8046.47
477.16	5826.47
477.37	9322.35
477.57	8038.28
477.78	6356.90
477.99	5259.18
478.20	7749.51
478.41	8691.58
478.61	9518.96
478.82	9502.58
479.03	7090.07
479.24	7978.89
479.45	6107.04
479.65	5142.45
479.86	7952.26
480.07	8200.07
480.28	6659.99
480.49	19586.77
480.69	6510.49
480.90	7493.52
481.11	5779.37
481.32	4372.41
481.53	7090.07
481.73	7274.38
481.94	7964.55
482.15	7954.31
482.36	6725.53
482.57	6193.06
482.77	11169.62
482.98	9676.65
483.19	7968.65
483.40	5414.83
483.60	6909.85
483.81	8509.31
484.02	8830.84
484.23	5765.03
484.44	4562.87
484.64	6172.58
484.85	6576.03
485.06	7051.16
485.27	6741.91
485.47	6993.81
485.68	8355.71
485.89	8675.20
486.10	12269.38
486.31	10499.94
486.51	9082.74
486.72	5744.55
486.93	6520.73
487.14	6887.32
487.34	5423.02
487.55	6301.60
487.76	8605.56
487.97	8404.86
488.17	6653.85
488.38	6182.82
488.59	6160.29
488.80	8798.07
489.00	8908.66
489.21	8900.47
489.42	6557.60
489.63	8951.67
489.83	8482.69
490.04	5394.35
490.25	6160.29
490.46	6756.25
490.66	9312.11
490.87	6479.77
491.08	5552.04
491.29	7114.64
491.49	7143.32
491.70	5914.53
491.91	6823.83
492.11	7589.77
492.32	6184.87
492.53	3870.66
492.74	10016.62
492.94	10221.41
493.15	8662.91
493.36	6633.37
493.57	7755.66
493.77	6479.77
493.98	8812.41
494.19	9547.63
494.39	7899.02
494.60	5255.09
494.81	6193.06
495.02	9305.97
495.22	9639.79
495.43	4759.48
495.64	4872.12
495.84	4921.27
496.05	9533.29
496.26	8927.10
496.47	8974.20
496.67	9566.06
496.88	7178.13
497.09	9074.55
497.29	4097.99
497.50	4054.98
497.71	6899.61
497.91	5005.24
498.12	9441.14
498.33	6133.67
498.54	8503.17
498.74	8058.76
498.95	5257.14
499.16	7749.51
499.36	7481.23
499.57	6051.75
499.78	6889.37
499.98	6385.57
500.19	5160.88
500.40	7061.40
500.60	10487.65
500.81	5871.53
501.02	8464.25
501.22	12869.44
501.43	6313.89
501.64	6340.51
501.85	8107.91
502.05	13010.75
502.26	5193.65
502.47	9461.62
502.67	6754.20
502.88	7669.64
503.09	10061.67
503.29	4573.11
503.50	7323.54
503.71	12058.44
503.91	7593.87
504.12	5959.59
504.33	7485.33
504.53	7182.23
504.74	8605.56
504.95	9275.25
505.15	7354.26
505.36	10080.10
505.56	7208.85
505.77	12185.41
505.98	5584.81
506.18	11306.84
506.39	6571.93
506.60	6569.88
506.80	8853.37
507.01	7137.17
507.22	6666.14
507.42	8814.46
507.63	5918.63
507.84	8050.57
508.04	3784.65
508.25	7995.27
508.45	11820.88
508.66	6129.57
508.87	5828.52
509.07	8738.68
509.28	9060.21
509.49	5586.86
509.69	8040.33
509.90	8304.51
510.11	5660.59
510.31	7411.60
510.52	7096.21
510.72	6827.93
510.93	7395.22
511.14	6172.58
511.34	5183.41
511.55	5842.85
511.76	12531.52
511.96	11665.23
512.17	7536.52
512.37	9029.49
512.58	6778.78
512.79	4847.54
512.99	7778.19
513.20	7423.89
513.40	9430.90
513.61	7681.93
513.82	6889.37
514.02	4536.25
514.23	6508.44
514.43	11286.36
514.64	6905.75
514.85	7860.10
515.05	8826.75
515.26	8740.73
515.46	10053.48
515.67	9219.96
515.88	6479.77
516.08	10585.95
516.29	7149.46
516.49	5529.52
516.70	5908.39
516.91	6389.66
517.11	9709.42
517.32	7024.53
517.52	8208.26
517.73	5425.07
517.93	9906.02
518.14	9783.15
518.35	5552.04
518.55	4585.40
518.76	9117.56
518.96	9965.42
519.17	6047.65
519.38	7126.93
519.58	8667.00
519.79	6823.83
519.99	6999.96
520.20	6727.58
520.40	6317.98
520.61	9502.58
520.82	11024.22
521.02	10166.12
521.23	8824.70
521.43	7876.49
521.64	4689.85
521.84	5904.29
522.05	5570.48
522.25	5607.34
522.46	6068.13
522.67	7468.94
522.87	10788.70
523.08	8425.34
523.28	5980.07
523.49	9672.56
523.69	7434.13
523.90	6479.77
524.10	8634.24
524.31	6444.96
524.51	9920.36
524.72	8810.36
524.93	10080.10
525.13	6834.07
525.34	7604.11
525.54	6993.81
525.75	8230.79
525.95	4437.95
526.16	10559.33
526.36	6121.38
526.57	9914.22
526.77	4915.12
526.98	12748.61
527.18	5523.37
527.39	6059.94
527.59	10516.32
527.80	7389.07
528.00	7733.13
528.21	8324.99
528.42	6258.59
528.62	8286.08
528.83	7561.10
529.03	12517.18
529.24	8152.96
529.44	6963.09
529.65	7968.65
529.85	7477.13
530.06	9957.22
530.26	6600.60
530.47	9125.75
530.67	10051.43
530.88	5343.15
531.08	7477.13
531.29	6703.00
531.49	6295.46
531.70	8937.34
531.90	6148.00
532.11	7837.58
532.31	8075.14
532.52	8159.11
532.72	4689.85
532.93	8218.50
533.13	6074.28
533.34	6258.59
533.54	8474.49
533.75	5011.38
533.95	6584.22
534.16	6528.92
534.36	7067.54
534.57	5695.40
534.77	9285.49
534.97	8236.93
535.18	6369.18
535.38	5504.94
535.59	4483.00
535.79	6305.70
536.00	5265.33
536.20	5992.36
536.41	4106.18
536.61	8124.29
536.82	5613.48
537.02	5070.77
537.23	8462.21
537.43	8976.25
537.64	5816.23
537.84	7159.70
538.05	7456.65
538.25	9152.37
538.45	5439.40
538.66	7835.53
538.86	6463.39
539.07	5380.01
539.27	7036.82
539.48	6369.18
539.68	8585.08
539.89	6913.94
540.09	9750.38
540.29	8511.36
540.50	4251.58
540.70	8413.06
540.91	5500.84
541.11	9328.50
541.32	7116.69
541.52	7778.19
541.73	7737.23
541.93	5423.02
542.13	8712.06
542.34	6258.59
542.54	5965.73
542.75	7157.65
542.95	14090.02
543.16	6715.29
543.36	6469.53
543.56	8048.52
543.77	8937.34
543.97	9420.66
544.18	8003.46
544.38	7227.28
544.59	5463.98
544.79	6375.33
544.99	11689.81
545.20	11802.44
545.40	6068.13
545.61	7309.20
545.81	8241.03
546.01	9164.66
546.22	7319.44
546.42	6934.42
546.63	6666.14
546.83	9303.92
547.04	6117.28
547.24	7059.35
547.44	5066.67
547.65	8314.75
547.85	5558.19
548.06	5431.21
548.26	6766.49
548.46	13983.53
548.67	7042.96
548.87	6879.13
549.08	5550.00
549.28	7399.31
549.48	8200.07
549.69	9975.66
549.89	5767.08
550.09	10520.42
550.30	9701.23
550.50	5607.34
550.71	5455.79
550.91	7421.84
551.11	4618.17
551.32	8523.65
551.52	6713.24
551.73	7757.71
551.93	6094.76
552.13	8368.00
552.34	10680.16
552.54	4612.03
552.74	9224.05
552.95	5746.60
553.15	8206.21
553.35	6430.62
553.56	8290.18
553.76	8169.35
553.97	6576.03
554.17	7432.08
554.37	5046.20
554.58	9424.75
554.78	7090.07
554.98	6610.84
555.19	6459.29
555.39	8408.96
555.59	5525.42
555.80	7739.27
556.00	6580.12
556.20	8662.91
556.41	6270.88
556.61	6141.86
556.82	4958.13
557.02	8632.19
557.22	6041.51
557.43	5107.63
557.63	7096.21
557.83	8583.04
558.04	11196.25
558.24	5625.77
558.44	7421.84
558.65	5941.16
558.85	4233.15
559.05	4904.89
559.26	5918.63
559.46	6070.18
559.66	5201.84
559.87	5707.69
560.07	8066.95
560.27	11478.86
560.48	9424.75
560.68	8566.65
560.88	5609.39
561.08	8286.08
561.29	10037.09
561.49	5451.69
561.69	5373.87
561.90	12111.69
562.10	6182.82
562.30	11726.67
562.51	7741.32
562.71	6176.67
562.91	11069.27
563.12	6758.30
563.32	5875.62
563.52	6903.70
563.72	7210.90
563.93	7366.54
564.13	5935.01
564.33	11124.57
564.54	6471.58
564.74	7800.71
564.94	8118.15
565.15	5703.59
565.35	5074.87
565.55	10428.26
565.75	3915.72
565.96	7675.79
566.16	6399.90
566.36	5660.59
566.57	6657.95
566.77	12312.39
566.97	8712.06
567.17	10542.94
567.38	6242.21
567.58	7485.33
567.78	6930.33
567.99	12685.12
568.19	7380.88
568.39	8097.67
568.59	10606.43
568.80	7960.45
569.00	8560.51
569.20	6840.22
569.40	6647.71
569.61	9877.35
569.81	9148.28
570.01	5945.25
570.21	6977.43
570.42	10800.99
570.62	6580.12
570.82	6008.74
571.02	5273.52
571.23	5756.84
571.43	10592.09
571.63	5910.44
571.84	4931.51
572.04	5119.92
572.24	8812.41
572.44	7079.83
572.64	7059.35
572.85	7184.27
573.05	10710.88
573.25	11124.57
573.45	4919.22
573.66	12885.82
573.86	5531.56
574.06	6614.94
574.26	9131.89
574.47	6041.51
574.67	8642.43
574.87	4560.83
575.07	6422.43
575.28	5560.24
575.48	7796.62
575.68	6799.26
575.88	7329.68
576.08	10657.63
576.29	7640.97
576.49	8757.11
576.69	7784.33
576.89	6049.70
577.10	6416.29
577.30	8425.34
577.50	7016.34
577.70	5087.15
577.90	10835.80
578.11	8404.86
578.31	5816.23
578.51	8167.30
578.71	5529.52
578.91	7827.34
579.12	7634.83
579.32	8507.26
579.52	28425.81
579.72	6631.32
579.92	8345.47
580.13	8134.53
580.33	11687.76
580.53	7954.31
580.73	8159.11
580.93	8542.08
581.14	7516.05
581.34	9295.73
581.54	5177.26
581.74	8284.03
581.94	7225.23
582.15	10172.26
582.35	4603.83
582.55	6012.84
582.75	14096.17
582.95	6141.86
583.15	11583.31
583.36	8836.99
583.56	8419.20
583.76	5427.12
583.96	7466.89
584.16	7235.47
584.37	7475.09
584.57	7600.01
584.77	5060.53
584.97	6928.28
585.17	7948.17
585.37	8947.58
585.57	8359.81
585.78	5562.28
585.98	6688.67
586.18	6655.90
586.38	6674.33
586.58	5550.00
586.78	5367.73
586.99	5894.05
587.19	7755.66
587.39	6731.67
587.59	6485.92
587.79	6993.81
587.99	7925.64
588.19	6471.58
588.40	7802.76
588.60	5926.82
588.80	12816.19
589.00	5224.37
589.20	8007.56
589.40	10010.47
589.60	5437.36
589.81	7935.88
590.01	5883.81
590.21	11083.61
590.41	5607.34
590.61	7251.86
590.81	4878.26
591.01	10336.10
591.22	5455.79
591.42	12537.66
591.62	8466.30
591.82	6152.10
592.02	9074.55
592.22	7053.20
592.42	14106.41
592.62	8671.10
592.82	7528.33
593.03	7440.27
593.23	7067.54
593.43	9983.85
593.63	5291.95
593.83	6932.37
594.03	11753.29
594.23	10356.58
594.43	6326.18
594.63	3909.57
594.84	6440.86
595.04	10415.97
595.24	7968.65
595.44	6221.73
595.64	8609.66
595.84	7505.81
596.04	8550.27
596.24	6471.58
596.44	7798.66
596.64	5388.21
596.84	5437.36
597.05	7081.88
597.25	9922.41
597.45	7655.31
597.65	5912.49
597.85	6287.26
598.05	7092.12
598.25	5748.65
598.45	6993.81
598.65	6025.12
598.85	7839.62
599.05	10729.31
599.25	7868.30
599.46	4640.70
599.66	9375.60
599.86	6260.64
600.06	6909.85
600.26	5900.20
600.46	5820.33
600.66	7415.69
600.86	8740.73
601.06	5476.27
601.26	6125.47
601.46	9910.12
601.66	5853.09
601.86	5676.97
602.06	8224.64
602.26	5975.97
602.46	5115.83
602.66	5625.77
602.87	6578.08
603.07	8005.51
603.27	7585.68
603.47	6205.35
603.67	13182.77
603.87	9758.57
604.07	6918.04
604.27	8673.15
604.47	7780.23
604.67	5785.51
604.87	6780.82
605.07	6127.52
605.27	7405.46
605.47	5152.69
605.67	7036.82
605.87	8161.16
606.07	10665.82
606.27	6084.52
606.47	6533.02
606.67	4734.90
606.87	5253.04
607.07	8378.24
607.27	4915.12
607.47	7169.94
607.67	7608.20
607.87	5330.86
608.07	7659.40
608.27	8501.12
608.47	5273.52
608.67	9234.29
608.87	6872.98
609.07	8851.32
609.27	9185.14
609.47	6823.83
609.67	8005.51
609.87	7794.57
610.07	6350.75
610.27	33254.92
610.47	4554.68
610.67	7073.68
610.87	7085.97
611.07	11845.45
611.27	6498.20
611.47	8716.16
611.67	9492.34
611.87	6807.45
612.07	7436.17
612.27	6330.27
612.47	4489.15
612.67	6942.61
612.87	7466.89
613.07	5193.65
613.27	7497.61
613.47	7726.99
613.67	5078.96
613.87	7534.48
614.07	6856.60
614.27	6008.74
614.47	7509.90
614.67	8318.85
614.87	6553.50
615.07	7452.56
615.27	5943.21
615.47	6872.98
615.67	9932.65
615.87	4345.79
616.07	6573.98
616.27	8185.73
616.47	6326.18
616.67	4646.84
616.87	6238.11
617.07	5365.68
617.27	6387.61
617.47	6274.98
617.66	7329.68
617.86	7616.40
618.06	6139.81
618.26	5156.79
618.46	7497.61
618.66	9473.90
618.86	9742.19
619.06	6215.59
619.26	7118.74
619.46	6317.98
619.66	10874.71
619.86	6662.04
620.06	7360.40
620.26	10911.58
620.46	17116.92
620.66	11575.12
620.85	7610.25
621.05	10680.16
621.25	8707.96
621.45	6090.66
621.65	9832.30
621.85	7055.25
622.05	8947.58
622.25	5945.25
622.45	6336.42
622.65	6027.17
622.85	5029.81
623.05	6985.62
623.25	6496.16
623.44	9484.14
623.64	4120.51
623.84	5390.25
624.04	4681.66
624.24	6563.74
624.44	7417.74
624.64	6944.66
624.84	6037.41
625.04	5246.90
625.24	4820.92
625.43	5668.78
625.63	8435.58
625.83	5103.54
626.03	6299.55
626.23	7903.11
626.43	7929.74
626.63	5455.79
626.83	8355.71
627.03	7688.07
627.22	5922.73
627.42	7198.61
627.62	4323.26
627.82	7722.89
628.02	6139.81
628.22	4962.23
628.42	7446.41
628.62	4267.97
628.82	5582.76
629.01	10651.49
629.21	4659.13
629.41	9150.32
629.61	8030.09
629.81	5658.54
630.01	9396.08
630.21	9508.72
630.40	6664.09
630.60	7348.11
630.80	8136.58
631.00	8425.34
631.20	9029.49
631.40	6651.80
631.60	7937.93
631.79	4730.81
631.99	8787.83
632.19	7002.01
632.39	6262.69
632.59	8075.14
632.79	6420.38
632.99	31282.72
633.18	7417.74
633.38	5951.40
633.58	8529.79
633.78	5994.40
633.98	6592.41
634.18	5679.02
634.37	12820.28
634.57	8013.70
634.77	19926.74
634.97	5431.21
635.17	7589.77
635.37	10225.51
635.56	5484.46
635.76	10454.88
635.96	5021.62
636.16	6225.82
636.36	5971.88
636.56	5537.71
636.75	6786.97
636.95	9142.13
637.15	7530.38
637.35	6164.39
637.55	9355.12
637.74	9140.08
637.94	7161.75
638.14	7741.32
638.34	7282.58
638.54	3893.19
638.73	6823.83
638.93	6911.89
639.13	8015.75
639.33	7993.22
639.53	6086.56
639.73	6365.09
639.92	6684.57
640.12	5380.01
640.32	6643.61
640.52	8763.26
640.71	4276.16
640.91	6918.04
641.11	6719.39
641.31	5631.91
641.51	5427.12
641.70	7653.26
641.90	7659.40
642.10	7094.16
642.30	7325.58
642.50	7765.90
642.69	6811.54
642.89	5226.42
643.09	5013.43
643.29	6995.86
643.48	8798.07
643.68	5423.02
643.88	10583.90
644.08	3973.06
644.28	7808.90
644.47	8345.47
644.67	5044.15
644.87	4579.26
645.07	6477.73
645.26	6039.46
645.46	5445.55
645.66	6477.73
645.86	8691.58
646.05	9576.30
646.25	8363.90
646.45	8601.47
646.65	9183.09
646.84	8234.88
647.04	6150.05
647.24	7696.27
647.44	7477.13
647.63	7468.94
647.83	8527.74
648.03	6625.18
648.23	7548.81
648.42	4892.60
648.62	4192.19
648.82	4038.59
649.02	6922.13
649.21	5334.96
649.41	9783.15
649.61	10411.87
649.80	4835.25
650.00	9772.91
650.20	5205.94
650.40	8449.92
650.59	10628.96
650.79	4923.32
650.99	9574.25
651.18	6746.01
651.38	4949.94
651.58	7057.30
651.78	7692.17
651.97	8087.43
652.17	6543.26
652.37	7614.35
652.56	7034.77
652.76	8667.00
652.96	6004.64
653.16	7501.71
653.35	7888.78
653.55	8787.83
653.75	7071.64
653.94	8894.33
654.14	6016.93
654.34	6559.64
654.54	6094.76
654.73	8542.08
654.93	6727.58
655.13	9789.29
655.32	8857.46
655.52	5142.45
655.72	7466.89
655.91	6078.37
656.11	4181.95
656.31	7425.93
656.50	6471.58
656.70	6703.00
656.90	5728.17
657.09	6770.58
657.29	6061.99
657.49	6649.75
657.68	4698.04
657.88	7575.44
658.08	5717.93
658.27	10284.90
658.47	10076.01
658.67	6047.65
658.86	6709.15
659.06	8435.58
659.26	6647.71
659.45	6250.40
659.65	6498.20
659.85	6961.05
660.04	8652.67
660.24	5840.81
660.44	6655.90
660.63	6578.08
660.83	10622.81
661.03	8474.49
661.22	5810.09
661.42	7307.15
661.62	7438.22
661.81	6709.15
662.01	5832.62
662.21	4521.92
662.40	5326.77
662.60	10198.88
662.79	4480.96
662.99	8818.55
663.19	7036.82
663.38	6641.56
663.58	6643.61
663.78	8456.06
663.97	7608.20
664.17	6840.22
664.36	4788.15
664.56	8695.68
664.76	4767.67
664.95	6578.08
665.15	6451.10
665.35	7378.83
665.54	10682.20
665.74	7397.26
665.93	10727.26
666.13	7096.21
666.33	5699.50
666.52	5158.83
666.72	7051.16
666.91	6199.20
667.11	5248.94
667.31	6649.75
667.50	5283.76
667.70	8511.36
667.89	10534.75
668.09	10194.79
668.29	7258.00
668.48	6973.33
668.68	13846.32
668.87	6068.13
669.07	4132.80
669.27	9025.40
669.46	4562.87
669.66	5939.11
669.85	4274.11
670.05	7405.46
670.25	6467.49
670.44	6725.53
670.64	5855.14
670.83	10567.52
671.03	8558.46
671.22	8466.30
671.42	7358.35
671.62	4906.93
671.81	6805.40
672.01	6682.52
672.20	5953.45
672.40	8372.10
672.59	11087.70
672.79	8341.38
672.99	5781.42
673.18	9394.03
673.38	9197.43
673.57	9072.50
673.77	6887.32
673.96	6469.53
674.16	6625.18
674.36	9289.59
674.55	6813.59
674.75	8142.72
674.94	7133.08
675.14	7368.59
675.33	7536.52
675.53	7135.12
675.72	6156.19
675.92	12373.83
676.11	7602.06
676.31	6741.91
676.50	7624.59
676.70	7870.34
676.90	6526.88
677.09	6500.25
677.29	8155.01
677.48	6727.58
677.68	7532.43
677.87	5474.22
678.07	5769.13
678.26	7835.53
678.46	7434.13
678.65	6322.08
678.85	7409.55
679.04	6455.20
679.24	5306.29
679.43	5496.75
679.63	5330.86
679.82	11632.46
680.02	12078.92
680.21	6479.77
680.41	4341.69
680.60	8040.33
680.80	11108.18
680.99	9013.11
681.19	9539.44
681.38	6639.51
681.58	5728.17
681.77	13442.87
681.97	6238.11
682.16	8722.30
682.36	8329.09
682.55	7825.29
682.75	6049.70
682.94	8617.85
683.14	8576.89
683.33	4165.57
683.53	9803.63
683.72	9908.07
683.92	6789.02
684.11	10708.83
684.31	7253.91
684.50	5423.02
684.70	5820.33
684.89	6436.77
685.09	5044.15
685.28	6164.39
685.48	6651.80
685.67	6694.81
685.87	6721.43
686.06	6969.24
686.26	8886.14
686.45	5683.11
686.64	5939.11
686.84	4896.69
687.03	7116.69
687.23	6782.87
687.42	7686.03
687.62	6838.17
687.81	8949.62
688.01	7329.68
688.20	7651.21
688.40	9803.63
688.59	9682.80
688.78	8085.38
688.98	9340.79
689.17	8568.70
689.37	6463.39
689.56	7698.31
689.76	7782.28
689.95	9645.93
690.15	6520.73
690.34	10510.18
690.53	7499.66
690.73	5892.01
690.92	5324.72
691.12	5889.96
691.31	10518.37
691.51	8458.11
691.70	8908.66
691.89	6287.26
692.09	5214.13
692.28	7153.55
692.48	8476.54
692.67	9293.68
692.87	7030.68
693.06	5787.56
693.25	7090.07
693.45	6119.33
693.64	7876.49
693.84	5914.53
694.03	5160.88
694.22	6399.90
694.42	6578.08
694.61	6377.37
694.81	28646.99
695.00	5552.04
695.19	7292.82
695.39	8234.88
695.58	8789.88
695.78	7303.06
695.97	7417.74
696.16	10526.56
696.36	8556.41
696.55	7149.46
696.75	6225.82
696.94	4825.01
697.13	11505.49
697.33	5234.61
697.52	8030.09
697.71	7065.49
697.91	8687.48
698.10	13293.37
698.30	6834.07
698.49	6051.75
698.68	5296.05
698.88	4804.53
699.07	6856.60
699.26	13582.13
699.46	6469.53
699.65	8494.97
699.85	8390.53
700.04	5830.57
700.23	5326.77
700.43	7384.98
700.62	6635.42
700.81	6385.57
701.01	4882.36
701.20	6330.27
701.39	7163.79
701.59	6770.58
701.78	4628.41
701.98	5447.60
702.17	6666.14
702.36	7442.32
702.56	8075.14
702.75	5541.80
702.94	8060.80
703.14	26308.21
703.33	6789.02
703.52	49513.74
703.72	5762.98
703.91	7948.17
704.10	6348.70
704.30	6975.38
704.49	5709.74
704.68	4874.17
704.88	9334.64
705.07	10848.09
705.26	5992.36
705.46	5601.19
705.65	6021.03
705.84	5939.11
706.03	6150.05
706.23	5949.35
706.42	7692.17
706.61	6778.78
706.81	10862.43
707.00	8253.31
707.19	5506.99
707.39	8052.61
707.58	5697.45
707.77	5787.56
707.97	9355.12
708.16	6008.74
708.35	8896.38
708.55	6176.67
708.74	6193.06
708.93	10909.53
709.12	8101.76
709.32	6234.02
709.51	8910.71
709.70	9516.91
709.90	7542.67
710.09	6274.98
710.28	8687.48
710.47	5947.30
710.67	8859.51
710.86	10213.22
711.05	5523.37
711.25	6432.67
711.44	5226.42
711.63	8519.55
711.82	7880.58
712.02	15343.38
712.21	8130.44
712.40	7102.36
712.59	9615.21
712.79	11358.03
712.98	7331.73
713.17	9660.27
713.37	5328.81
713.56	5226.42
713.75	6037.41
713.94	7421.84
714.14	6328.22
714.33	8656.76
714.52	6410.14
714.71	5463.98
714.91	7724.94
715.10	10219.36
715.29	6530.97
715.48	5814.18
715.68	8550.27
715.87	5615.53
716.06	9172.85
716.25	5801.90
716.45	7675.79
716.64	6942.61
716.83	6862.74
717.02	8204.16
717.21	7317.39
717.41	10403.68
717.60	10260.32
717.79	5498.80
717.98	6289.31
718.18	5836.71
718.37	5390.25
718.56	11712.33
718.75	9326.45
718.94	7552.91
719.14	3784.65
719.33	7772.04
719.52	7575.44
719.71	7122.84
719.91	6129.57
720.10	11460.43
720.29	5803.94
720.48	4902.84
720.67	7835.53
720.87	10796.89
721.06	4437.95
721.25	7950.21
721.44	6313.89
721.63	6360.99
721.83	9088.89
722.02	4306.88
722.21	9150.32
722.40	7227.28
722.59	7045.01
722.79	6487.96
722.98	9572.21
723.17	4333.50
723.36	6027.17
723.55	4435.90
723.74	4882.36
723.94	6866.84
724.13	5715.88
724.32	6522.78
724.51	7151.51
724.70	6205.35
724.90	6283.17
725.09	9092.98
725.28	8388.48
725.47	7585.68
725.66	6872.98
725.85	6025.12
726.05	9387.89
726.24	7292.82
726.43	7266.19
726.62	9006.97
726.81	6277.02
727.00	5545.90
727.20	7962.50
727.39	7126.93
727.58	6819.74
727.77	4775.86
727.96	6320.03
728.15	10655.58
728.34	7581.58
728.54	6506.40
728.73	8327.04
728.92	7688.07
729.11	7153.55
729.30	6328.22
729.49	9207.67
729.68	6207.39
729.88	6322.08
730.07	7247.76
730.26	7171.99
730.45	8609.66
730.64	9797.48
730.83	7892.87
731.02	5232.56
731.21	6264.74
731.41	7905.16
731.60	5615.53
731.79	9064.31
731.98	8843.13
732.17	7679.88
732.36	5455.79
732.55	6178.72
732.74	8664.96
732.93	8675.20
733.13	6967.19
733.32	8785.79
733.51	4810.68
733.70	10305.38
733.89	9029.49
734.08	8421.25
734.27	4675.51
734.46	9463.66
734.65	5545.90
734.85	8095.62
735.04	6340.51
735.23	9807.72
735.42	7796.62
735.61	4118.47
735.80	5668.78
735.99	9781.10
736.18	14978.84
736.37	5558.19
736.56	9248.63
736.75	6793.11
736.94	7704.46
737.14	5476.27
737.33	5175.22
737.52	4829.11
737.71	7237.52
737.90	7647.12
738.09	9236.34
738.28	8028.04
738.47	8331.14
738.66	9052.02
738.85	8406.91
739.04	8435.58
739.23	8673.15
739.42	5050.29
739.61	5095.35
739.80	5019.57
740.00	7395.22
740.19	6139.81
740.38	5216.18
740.57	6188.96
740.76	5375.92
740.95	7430.03
741.14	7679.88
741.33	12095.30
741.52	6909.85
741.71	4732.86
741.90	8849.27
742.09	8339.33
742.28	8132.48
742.47	5193.65
742.66	6262.69
742.85	5457.84
743.04	5050.29
743.23	8310.66
743.42	6934.42
743.61	6637.47
743.80	5095.35
743.99	3567.56
744.18	6516.64
744.37	6246.30
744.56	5861.29
744.75	5060.53
744.94	7114.64
745.13	6004.64
745.32	3872.71
745.51	7411.60
745.71	8968.06
745.90	6688.67
746.09	6125.47
746.28	7456.65
746.47	8103.81
746.66	6342.56
746.85	8732.54
747.04	6258.59
747.23	6946.71
747.42	11061.08
747.61	3995.59
747.80	10788.70
747.99	5410.73
748.18	4784.06
748.36	6041.51
748.55	11769.68
748.74	8552.32
748.93	8056.71
749.12	5664.68
749.31	7843.72
749.50	4923.32
749.69	9387.89
749.88	7169.94
750.07	4169.66
750.26	9670.51
750.45	4278.21
750.64	3991.49
750.83	6797.21
751.02	5351.34
751.21	7530.38
751.40	7905.16
751.59	7796.62
751.78	8863.61
751.97	7114.64
752.16	7014.29
752.35	6307.74
752.54	7643.02
752.73	8851.32
752.92	6659.99
753.11	8542.08
753.30	5257.14
753.49	5101.49
753.68	9281.39
753.87	6182.82
754.05	6371.23
754.24	6426.53
754.43	9592.69
754.62	5377.97
754.81	12468.03
755.00	9985.90
755.19	6451.10
755.38	8107.91
755.57	9090.93
755.76	10616.67
755.95	8142.72
756.14	4669.37
756.33	7862.15
756.52	7896.97
756.70	7747.47
756.89	7413.65
757.08	7456.65
757.27	6942.61
757.46	6016.93
757.65	5027.76
757.84	5576.62
758.03	6412.19
758.22	5392.30
758.41	6631.32
758.60	4693.94
758.79	6248.35
758.97	8695.68
759.16	9598.83
759.35	6457.25
759.54	8179.59
759.73	5971.88
759.92	4806.58
760.11	5183.41
760.30	7229.33
760.49	6805.40
760.67	6365.09
760.86	7290.77
761.05	11863.88
761.24	5140.40
761.43	4724.66
761.62	6213.54
761.81	6864.79
762.00	9205.62
762.19	5814.18
762.37	6696.86
762.56	9244.53
762.75	4583.35
762.94	7085.97
763.13	5765.03
763.32	7298.96
763.51	4577.21
763.70	5443.50
763.88	9281.39
764.07	8327.04
764.26	6928.28
764.45	4607.93
764.64	6676.38
764.83	9893.74
765.02	6260.64
765.20	7235.47
765.39	8992.63
765.58	10379.11
765.77	8658.81
765.96	12136.26
766.15	6469.53
766.33	6633.37
766.52	9650.03
766.71	7045.01
766.90	9379.70
767.09	6168.48
767.28	3784.65
767.46	5932.97
767.65	5478.32
767.84	7667.60
768.03	5021.62
768.22	4732.86
768.41	4149.18
768.59	5857.19
768.78	5316.53
768.97	7298.96
769.16	8896.38
769.35	4136.90
769.54	7577.48
769.72	7274.38
769.91	6924.18
770.10	11640.65
770.29	5580.71
770.48	8124.29
770.66	7552.91
770.85	7970.69
771.04	8058.76
771.23	4798.39
771.42	9199.48
771.60	9082.74
771.79	6248.35
771.98	7778.19
772.17	8052.61
772.36	9817.96
772.54	4892.60
772.73	5750.70
772.92	6854.55
773.11	5801.90
773.30	5740.46
773.48	4788.15
773.67	5447.60
773.86	6338.46
774.05	4943.80
774.23	8630.14
774.42	8224.64
774.61	9287.54
774.80	5988.26
774.99	4763.58
775.17	7511.95
775.36	8806.27
775.55	5736.36
775.74	6145.95
775.92	9183.09
776.11	6889.37
776.30	10227.56
776.49	5787.56
776.67	6602.65
776.86	4315.07
777.05	5709.74
777.24	5674.92
777.42	6356.90
777.61	4403.13
777.80	9545.58
777.99	6393.76
778.17	5758.89
778.36	7544.72
778.55	5814.18
778.74	7593.87
778.92	5906.34
779.11	7688.07
779.30	6713.24
779.49	6590.36
779.67	7212.95
779.86	6176.67
780.05	4571.07
780.24	4757.43
780.42	7712.65
780.61	6518.68
780.80	7380.88
780.98	4358.08
781.17	5377.97
781.36	5805.99
781.55	8331.14
781.73	4773.82
781.92	8324.99
782.11	6741.91
782.29	6125.47
782.48	5713.83
782.67	7624.59
782.86	8806.27
783.04	6117.28
783.23	5488.56
783.42	6946.71
783.60	9842.54
783.79	7147.41
783.98	6264.74
784.16	6537.12
784.35	6571.93
784.54	8490.88
784.73	5476.27
784.91	5638.06
785.10	5533.61
785.29	6037.41
785.47	8941.43
785.66	8785.79
785.85	5353.39
786.03	6563.74
786.22	4218.82
786.41	6991.77
786.59	8505.21
786.78	4718.52
786.97	5607.34
787.15	8277.89
787.34	8380.29
787.53	5947.30
787.71	8140.68
787.90	6834.07
788.09	7321.49
788.27	7876.49
788.46	6600.60
788.65	6725.53
788.83	7903.11
789.02	4255.68
789.21	4435.90
789.39	4052.93
789.58	8720.25
789.77	5361.58
789.95	4501.44
790.14	9793.39
790.33	6967.19
790.51	4607.93
790.70	9205.62
790.88	6068.13
791.07	6168.48
791.26	11362.13
791.44	7061.40
791.63	4765.62
791.82	8327.04
792.00	4872.12
792.19	7286.67
792.38	9641.84
792.56	7485.33
792.75	7927.69
792.93	9262.96
793.12	8767.35
793.31	7946.12
793.49	9189.24
793.68	5963.68
793.86	6162.34
794.05	10637.15
794.24	5443.50
794.42	7030.68
794.61	6061.99
794.80	7133.08
794.98	6840.22
795.17	5762.98
795.35	7702.41
795.54	7397.26
795.73	8445.82
795.91	12373.83
796.10	8746.87
796.28	10370.91
796.47	3932.10
796.66	5310.38
796.84	12318.53
797.03	6629.27
797.21	4054.98
797.40	7276.43
797.58	8304.51
797.77	6832.02
797.96	7729.03
798.14	11964.23
798.33	10778.46
798.51	7739.27
798.70	4562.87
798.88	6809.50
799.07	6209.44
799.26	6250.40
799.44	7557.00
799.63	7643.02
799.81	5388.21
800.00	7176.08
800.18	8478.59
800.37	6795.16
800.56	5812.14
800.74	7008.15
800.93	6457.25
801.11	6213.54
801.30	8449.92
801.48	6459.29
801.67	7520.14
801.85	8290.18
802.04	8124.29
802.22	6117.28
802.41	8265.60
802.60	7659.40
802.78	6678.43
802.97	5693.35
803.15	7925.64
803.34	7765.90
803.52	7659.40
803.71	7341.97
803.89	5009.33
804.08	11018.07
804.26	8707.96
804.45	7436.17
804.63	6037.41
804.82	7831.43
805.00	5291.95
805.19	10725.21
805.37	5713.83
805.56	6184.87
805.74	10444.64
805.93	6780.82
806.11	7843.72
806.30	5574.57
806.48	6510.49
806.67	8030.09
806.85	6946.71
807.04	6862.74
807.22	7591.82
807.41	6887.32
807.59	8994.68
807.78	6045.60
807.96	8716.16
808.15	5648.30
808.33	8435.58
808.52	11325.27
808.70	6741.91
808.89	9514.86
809.07	10776.41
809.26	6705.05
809.44	5474.22
809.63	8374.14
809.81	5703.59
810.00	8308.61
810.18	7229.33
810.37	5537.71
810.55	7974.79
810.74	7411.60
810.92	9609.07
811.11	10588.00
811.29	3932.10
811.48	6072.23
811.66	6823.83
811.84	4333.50
812.03	7765.90
812.21	7618.44
812.40	6076.32
812.58	4515.77
812.77	8460.16
812.95	5771.18
813.14	5711.78
813.32	5656.49
813.51	7165.84
813.69	7135.12
813.87	5320.62
814.06	6455.20
814.24	6641.56
814.43	5103.54
814.61	6356.90
814.80	9250.67
814.98	5058.48
815.16	7413.65
815.35	9535.34
815.53	12316.48
815.72	7255.95
815.90	5623.72
816.09	6979.48
816.27	7856.01
816.45	7751.56
816.64	6676.38
816.82	10923.87
817.01	5420.97
817.19	4931.51
817.37	7577.48
817.56	9119.60
817.74	4554.68
817.93	10069.86
818.11	5547.95
818.30	6121.38
818.48	5517.23
818.66	8355.71
818.85	6240.16
819.03	7487.37
819.21	7763.85
819.40	8580.99
819.58	13041.46
819.77	6430.62
819.95	7026.58
820.13	11290.45
820.32	5470.12
820.50	9834.35
820.69	10049.38
820.87	6743.96
821.05	5183.41
821.24	6850.46
821.42	7575.44
821.60	4911.03
821.79	10393.44
821.97	8314.75
822.16	10458.98
822.34	6051.75
822.52	7974.79
822.71	9410.42
822.89	9379.70
823.07	6926.23
823.26	5279.66
823.44	5578.67
823.62	5603.24
823.81	7624.59
823.99	4816.82
824.18	8116.10
824.36	6713.24
824.54	7804.81
824.73	9486.19
824.91	10327.91
825.09	8304.51
825.28	10065.77
825.46	10346.34
825.64	8091.52
825.83	7231.38
826.01	8050.57
826.19	6948.76
826.38	6258.59
826.56	7251.86
826.74	4513.72
826.93	6905.75
827.11	6846.36
827.29	7266.19
827.48	6287.26
827.66	8091.52
827.84	6447.01
828.03	6369.18
828.21	4667.32
828.39	4882.36
828.57	10100.58
828.76	9095.03
828.94	5195.70
829.12	11575.12
829.31	6455.20
829.49	6514.59
829.67	5070.77
829.86	7266.19
830.04	6573.98
830.22	7241.62
830.40	4345.79
830.59	7473.04
830.77	6264.74
830.95	8189.83
831.14	11960.14
831.32	6033.32
831.50	6602.65
831.69	8038.28
831.87	10037.09
832.05	5914.53
832.23	6496.16
832.42	8632.19
832.60	6662.04
832.78	5808.04
832.96	24667.78
833.15	8802.17
833.33	4880.31
833.51	11720.53
833.70	6240.16
833.88	7042.96
834.06	7241.62
834.24	6612.89
834.43	9688.94
834.61	7331.73
834.79	8572.80
834.97	12566.34
835.16	7432.08
835.34	8146.82
835.52	8716.16
835.70	7602.06
835.89	6336.42
836.07	9682.80
836.25	7927.69
836.43	5513.13
836.62	7143.32
836.80	9187.19
836.98	5658.54
837.16	6623.13
837.34	6651.80
837.53	10102.63
837.71	7585.68
837.89	11468.62
838.07	7059.35
838.26	9117.56
838.44	8787.83
838.62	13879.08
838.80	7126.93
838.99	8224.64
839.17	6537.12
839.35	8550.27
839.53	7149.46
839.71	9879.40
839.90	5969.83
840.08	8118.15
840.26	9793.39
840.44	7626.64
840.62	10323.81
840.81	4407.23
840.99	12277.57
841.17	5840.81
841.35	8267.65
841.53	6209.44
841.72	10340.19
841.90	8200.07
842.08	5250.99
842.26	5250.99
842.44	8023.94
842.63	10792.80
842.81	10852.19
842.99	8241.03
843.17	8707.96
843.35	7815.05
843.53	9713.52
843.72	7956.36
843.90	6789.02
844.08	5482.41
844.26	6125.47
844.44	7327.63
844.62	10248.04
844.81	9772.91
844.99	10749.79
845.17	6477.73
845.35	7778.19
845.53	7718.79
845.71	32554.51
845.90	6700.95
846.08	6416.29
846.26	6766.49
846.44	4931.51
846.62	7536.52
846.80	7020.44
846.98	7608.20
847.17	19611.35
847.35	11935.56
847.53	7923.59
847.71	8789.88
847.89	11915.08
848.07	5363.63
848.25	6559.64
848.44	5179.31
848.62	8550.27
848.80	6627.23
848.98	6948.76
849.16	7692.17
849.34	9344.88
849.52	7710.60
849.70	7360.40
849.89	8929.14
850.07	8394.62
850.25	8941.43
850.43	7346.06
850.61	7387.02
850.79	6643.61
850.97	6186.91
851.15	8400.77
851.33	6903.70
851.52	6016.93
851.70	11333.46
851.88	9625.45
852.06	5638.06
852.24	5754.79
852.42	9631.60
852.60	11401.04
852.78	11589.46
852.96	7819.14
853.14	6725.53
853.33	10737.50
853.51	7294.86
853.69	8025.99
853.87	9254.77
854.05	7014.29
854.23	4534.20
854.41	5537.71
854.59	6922.13
854.77	8632.19
854.95	6942.61
855.13	7266.19
855.31	8212.35
855.49	6844.31
855.68	6252.45
855.86	5824.42
856.04	11761.48
856.22	6899.61
856.40	7393.17
856.58	5937.06
856.76	9508.72
856.94	5967.78
857.12	8238.98
857.30	4284.35
857.48	7323.54
857.66	7452.56
857.84	14507.81
858.02	5887.91
858.20	10739.55
858.38	7477.13
858.56	6666.14
858.74	5285.81
858.92	5744.55
859.10	7479.18
859.29	8925.05
859.47	5496.75
859.65	10401.63
859.83	5650.35
860.01	6838.17
860.19	5119.92
860.37	8058.76
860.55	8320.90
860.73	4695.99
860.91	6152.10
861.09	10037.09
861.27	7874.44
861.45	8961.91
861.63	6643.61
861.81	9205.62
861.99	6528.92
862.17	6395.81
862.35	7186.32
862.53	6995.86
862.71	9262.96
862.89	6889.37
863.07	7266.19
863.25	8595.32
863.43	8347.52
863.61	9848.68
863.79	9402.22
863.97	9156.47
864.15	8257.41
864.33	7159.70
864.51	5959.59
864.69	5169.07
864.87	8402.82
865.05	6750.10
865.23	8322.94
865.41	6201.25
865.59	10575.71
865.77	6922.13
865.95	8099.72
866.13	5685.16
866.30	7544.72
866.48	5969.83
866.66	7915.40
866.84	6797.21
867.02	6877.08
867.20	6795.16
867.38	6061.99
867.56	7483.28
867.74	10119.01
867.92	8167.30
868.10	6858.65
868.28	6061.99
868.46	8091.52
868.64	9447.28
868.82	6320.03
869.00	7858.06
869.18	5050.29
869.36	11198.29
869.54	8157.06
869.72	8707.96
869.89	7411.60
870.07	6807.45
870.25	7567.24
870.43	8619.90
870.61	4759.48
870.79	7724.94
870.97	5074.87
871.15	8601.47
871.33	11945.80
871.51	6666.14
871.69	10178.40
871.87	8216.45
872.05	9906.02
872.22	8396.67
872.40	4771.77
872.58	6877.08
872.76	9160.56
872.94	8812.41
873.12	5582.76
873.30	3798.98
873.48	8136.58
873.66	7030.68
873.84	7923.59
874.01	8875.90
874.19	6444.96
874.37	6442.91
874.55	6573.98
874.73	8216.45
874.91	11751.24
875.09	6510.49
875.27	5040.05
875.45	7151.51
875.62	8114.05
875.80	6766.49
875.98	6133.67
876.16	7239.57
876.34	9977.70
876.52	6258.59
876.70	11685.71
876.88	6111.14
877.05	8472.45
877.23	7505.81
877.41	6592.41
877.59	12769.09
877.77	9082.74
877.95	6152.10
878.13	5533.61
878.30	6201.25
878.48	8347.52
878.66	8499.07
878.84	8517.50
879.02	5111.73
879.20	8494.97
879.37	8085.38
879.55	7808.90
879.73	9607.02
879.91	6922.13
880.09	8863.61
880.27	12097.35
880.45	7495.57
880.62	7290.77
880.80	7843.72
880.98	7171.99
881.16	6879.13
881.34	6406.05
881.51	6379.42
881.69	6285.22
881.87	6969.24
882.05	6999.96
882.23	5787.56
882.41	7159.70
882.58	7171.99
882.76	7782.28
882.94	6848.41
883.12	9723.76
883.30	8675.20
883.47	9353.07
883.65	7833.48
883.83	8482.69
884.01	6021.03
884.19	7073.68
884.36	7223.19
884.54	5222.32
884.72	8460.16
884.90	5732.26
885.08	10721.12
885.25	17579.76
885.43	8384.38
885.61	7405.46
885.79	7200.66
885.97	11435.86
886.14	10606.43
886.32	7231.38
886.50	10966.87
886.68	8253.31
886.85	6201.25
887.03	10452.83
887.21	7853.96
887.39	7524.24
887.56	10127.21
887.74	6533.02
887.92	7868.30
888.10	9582.45
888.27	8345.47
888.45	9305.97
888.63	9815.91
888.81	7518.09
888.99	6395.81
889.16	5928.87
889.34	5941.16
889.52	5740.46
889.69	8454.02
889.87	9430.90
890.05	7339.92
890.23	5830.57
890.40	5967.78
890.58	7202.71
890.76	7831.43
890.94	6528.92
891.11	6121.38
891.29	9875.31
891.47	5945.25
891.65	9877.35
891.82	10766.17
892.00	5500.84
892.18	8738.68
892.35	8177.54
892.53	7802.76
892.71	9695.08
892.89	9002.87
893.06	8998.77
893.24	7890.82
893.42	5461.93
893.59	6797.21
893.77	5408.69
893.95	7536.52
894.13	5031.86
894.30	9817.96
894.48	6629.27
894.66	13184.82
894.83	6668.19
895.01	8458.11
895.19	10868.57
895.36	7004.05
895.54	10942.30
895.72	7387.02
895.89	7061.40
896.07	6819.74
896.25	8451.97
896.43	6692.76
896.60	9940.84
896.78	7085.97
896.96	8247.17
897.13	9191.28
897.31	5799.85
897.49	7622.54
897.66	9949.03
897.84	7583.63
898.02	9975.66
898.19	7829.38
898.37	5519.28
898.55	8462.21
898.72	8642.43
898.90	9772.91
899.07	7958.41
899.25	9023.35
899.43	10542.94
899.60	13416.24
899.78	5826.47
899.96	4704.18
900.13	7053.20
900.31	8839.03
900.49	6227.87
900.66	11769.68
900.84	9699.18
901.02	10473.31
901.19	9434.99
901.37	6608.80
901.54	9777.00
901.72	5558.19
901.90	7882.63
902.07	7368.59
902.25	8261.51
902.43	7180.18
902.60	10592.09
902.78	5953.45
902.95	8304.51
903.13	7737.23
903.31	7085.97
903.48	7518.09
903.66	8038.28
903.83	8802.17
904.01	7456.65
904.19	7024.53
904.36	8296.32
904.54	6166.43
904.71	8806.27
904.89	6797.21
905.07	8431.49
905.24	7667.60
905.42	7827.34
905.59	10479.46
905.77	8638.33
905.95	9561.97
906.12	6834.07
906.30	8247.17
906.47	10030.95
906.65	12070.73
906.82	9049.97
907.00	10647.39
907.18	5097.39
907.35	6694.81
907.53	8474.49
907.70	8445.82
907.88	7729.03
908.05	19275.48
908.23	8904.57
908.41	9596.78
908.58	7458.70
908.76	5857.19
908.93	10477.41
909.11	9629.55
909.28	7550.86
909.46	8597.37
909.63	8904.57
909.81	10393.44
909.99	8724.35
910.16	6471.58
910.34	6256.54
910.51	9869.16
910.69	9807.72
910.86	6643.61
911.04	7649.16
911.21	5736.36
911.39	12179.27
911.56	6782.87
911.74	7878.54
911.91	9017.21
912.09	7108.50
912.26	6422.43
912.44	5136.31
912.62	7470.99
912.79	7073.68
912.97	8466.30
913.14	11638.61
913.32	9420.66
913.49	7212.95
913.67	9273.20
913.84	5072.82
914.02	7579.53
914.19	7806.86
914.37	8486.78
914.54	7014.29
914.72	5916.58
914.89	6272.93
915.07	11450.19
915.24	6725.53
915.42	6854.55
915.59	6346.66
915.77	11622.22
915.94	12517.18
916.12	13621.04
916.29	8144.77
916.46	8753.02
916.64	6827.93
916.81	12105.54
916.99	9566.06
917.16	6864.79
917.34	11179.86
917.51	10456.93
917.69	7249.81
917.86	5570.48
918.04	7174.03
918.21	12025.67
918.39	9232.24
918.56	8380.29
918.74	6092.71
918.91	11986.76
919.08	6168.48
919.26	10596.19
919.43	8066.95
919.61	8249.22
919.78	7823.24
919.96	11280.21
920.13	11040.60
920.31	8519.55
920.48	8597.37
920.65	7503.76
920.83	11917.13
921.00	9322.35
921.18	6979.48
921.35	9736.04
921.53	8038.28
921.70	6770.58
921.88	7421.84
922.05	8009.61
922.22	6176.67
922.40	8208.26
922.57	8284.03
922.75	5834.66
922.92	8183.68
923.09	9109.36
923.27	7272.34
923.44	12117.83
923.62	6535.07
923.79	11278.16
923.96	7520.14
924.14	5803.94
924.31	9652.08
924.49	8619.90
924.66	7315.34
924.83	9449.33
925.01	6442.91
925.18	13956.91
925.36	11081.56
925.53	7673.74
925.70	6915.99
925.88	7036.82
926.05	11331.41
926.23	9770.86
926.40	9166.71
926.57	8314.75
926.75	8695.68
926.92	7214.99
927.09	9844.59
927.27	6152.10
927.44	10901.34
927.62	8494.97
927.79	10827.61
927.96	7409.55
928.14	5943.21
928.31	9824.11
928.48	11814.73
928.66	8249.22
928.83	6360.99
929.00	7626.64
929.18	7950.21
929.35	8226.69
929.52	10839.90
929.70	10041.19
929.87	7391.12
930.05	7335.82
930.22	7358.35
930.39	9707.37
930.57	6500.25
930.74	12492.61
930.91	7073.68
931.09	12089.16
931.26	10010.47
931.43	10698.59
931.61	5547.95
931.78	8771.45
931.95	10047.33
932.12	11607.89
932.30	7389.07
932.47	11280.21
932.64	6928.28
932.82	5971.88
932.99	8361.86
933.16	8519.55
933.34	8085.38
933.51	9871.21
933.68	8175.49
933.86	8972.15
934.03	8097.67
934.20	7772.04
934.38	10127.21
934.55	7419.79
934.72	12558.14
934.89	11724.62
935.07	6829.98
935.24	9678.70
935.41	8941.43
935.59	8562.56
935.76	8144.77
935.93	8824.70
936.10	7747.47
936.28	9303.92
936.45	8187.78
936.62	8923.00
936.79	11687.76
936.97	9551.73
937.14	8265.60
937.31	10389.35
937.49	7466.89
937.66	10766.17
937.83	11806.54
938.00	10807.13
938.18	12273.48
938.35	11046.74
938.52	8775.55
938.69	8781.69
938.87	9504.62
939.04	10532.70
939.21	9123.70
939.38	9035.64
939.56	8564.61
939.73	6608.80
939.90	8044.42
940.07	7860.10
940.25	8845.18
940.42	9076.60
940.59	9430.90
940.76	8548.22
940.94	8249.22
941.11	8314.75
941.28	8423.30
941.45	10819.42
941.62	8970.10
941.80	7606.16
941.97	10440.54
942.14	8388.48
942.31	12197.70
942.48	7878.54
942.66	9121.65
942.83	11376.47
943.00	6270.88
943.17	11202.39
943.35	10721.12
943.52	9154.42
943.69	6936.47
943.86	8675.20
944.03	6963.09
944.21	13997.87
944.38	7890.82
944.55	9871.21
944.72	9267.06
944.89	8566.65
945.06	7632.78
945.24	8339.33
945.41	15066.91
945.58	10964.82
945.75	10915.67
945.92	9031.54
946.10	12459.84
946.27	6754.20
946.44	9285.49
946.61	7653.26
946.78	11052.89
946.95	7131.03
947.13	6283.17
947.30	9645.93
947.47	8929.14
947.64	10235.75
947.81	12001.10
947.98	10231.65
948.16	10276.71
948.33	8275.84
948.50	8466.30
948.67	9346.93
948.84	10882.91
949.01	8419.20
949.18	9404.27
949.36	12730.17
949.53	8595.32
949.70	9977.70
949.87	10704.73
950.04	8431.49
950.21	9316.21
950.38	7423.89
950.56	8451.97
950.73	9324.40
950.90	9185.14
951.07	10581.85
951.24	9729.90
951.41	8828.79
951.58	8552.32
951.75	10686.30
951.92	7282.58
952.10	8576.89
952.27	6926.23
952.44	10743.64
952.61	17186.55
952.78	9424.75
952.95	6789.02
953.12	11548.50
953.29	9578.35
953.46	9647.98
953.64	10755.93
953.81	8265.60
953.98	9166.71
954.15	9627.50
954.32	8804.22
954.49	7423.89
954.66	9674.60
954.83	9650.03
955.00	7847.82
955.17	10592.09
955.34	8007.56
955.51	8687.48
955.69	17278.71
955.86	10215.27
956.03	7116.69
956.20	10551.14
956.37	10385.25
956.54	7251.86
956.71	9551.73
956.88	9156.47
957.05	9072.50
957.22	8105.86
957.39	10055.53
957.56	9275.25
957.73	7509.90
957.90	7772.04
958.07	11736.91
958.24	10262.37
958.41	8654.72
958.59	10538.85
958.76	10727.26
958.93	13358.90
959.10	7925.64
959.27	8228.74
959.44	11491.15
959.61	8095.62
959.78	9160.56
959.95	7872.39
960.12	11075.42
960.29	11599.70
960.46	8445.82
960.63	6076.32
960.80	8226.69
960.97	9629.55
961.14	7151.51
961.31	9273.20
961.48	11507.54
961.65	11153.24
961.82	9469.81
961.99	9279.35
962.16	7395.22
962.33	8761.21
962.50	9351.03
962.67	8085.38
962.84	10129.25
963.01	7026.58
963.18	7155.60
963.35	7466.89
963.52	10121.06
963.69	8204.16
963.86	11718.48
964.03	11163.48
964.20	12263.24
964.37	11040.60
964.54	10301.28
964.71	8591.23
964.88	8945.53
965.05	8689.53
965.22	8171.40
965.39	10422.11
965.56	6608.80
965.73	8732.54
965.90	10198.88
966.07	7548.81
966.24	7534.48
966.41	8871.80
966.58	7872.39
966.74	11347.79
966.91	12412.74
967.08	14061.35
967.25	6799.26
967.42	7690.12
967.59	12605.25
967.76	8025.99
967.93	8841.08
968.10	7239.57
968.27	8968.06
968.44	8839.03
968.61	8134.53
968.78	6901.65
968.95	8017.80
969.12	9557.87
969.29	9592.69
969.46	7274.38
969.62	9211.76
969.79	7145.36
969.96	5767.08
970.13	7303.06
970.30	9889.64
970.47	9142.13
970.64	10624.86
970.81	9885.55
970.98	7749.51
971.15	9373.55
971.32	6586.27
971.49	10063.72
971.65	9269.11
971.82	9656.17
971.99	8380.29
972.16	9969.51
972.33	7438.22
972.50	7182.23
972.67	9000.82
972.84	8134.53
973.01	7061.40
973.17	9688.94
973.34	10186.60
973.51	10831.71
973.68	6803.35
973.85	8165.25
974.02	7554.96
974.19	7425.93
974.36	9043.83
974.53	10147.69
974.69	9549.68
974.86	7346.06
975.03	9721.71
975.20	7323.54
975.37	9328.50
975.54	9701.23
975.71	9842.54
975.87	9367.41
976.04	10477.41
976.21	9072.50
976.38	8171.40
976.55	7452.56
976.72	6703.00
976.89	9688.94
977.05	8468.35
977.22	11853.64
977.39	6401.95
977.56	10297.19
977.73	8232.83
977.90	5767.08
978.06	8578.94
978.23	7827.34
978.40	6807.45
978.57	10958.68
978.74	8724.35
978.91	10321.76
979.07	6676.38
979.24	10870.62
979.41	8341.38
979.58	9437.04
979.75	8953.72
979.91	5470.12
980.08	5177.26
980.25	8574.85
980.42	8693.63
980.59	7405.46
980.75	6977.43
980.92	7432.08
981.09	7485.33
981.26	9498.48
981.43	10524.51
981.59	8779.64
981.76	8277.89
981.93	8611.71
982.10	7241.62
982.27	6803.35
982.43	6578.08
982.60	6371.23
982.77	6676.38
982.94	7225.23
983.11	6295.46
983.27	6148.00
983.44	7468.94
983.61	7946.12
983.78	11304.79
983.94	11317.08
984.11	6750.10
984.28	7974.79
984.45	10096.49
984.61	5674.92
984.78	6676.38
984.95	7012.24
985.12	7970.69
985.28	10415.97
985.45	5625.77
985.62	5662.63
985.79	6401.95
985.95	7317.39
986.12	5048.24
986.29	6979.48
986.46	9387.89
986.62	8912.76
986.79	7739.27
986.96	6553.50
987.13	8507.26
987.29	11226.96
987.46	7096.21
987.63	9115.51
987.80	5709.74
987.96	12275.52
988.13	7231.38
988.30	6447.01
988.46	6385.57
988.63	9215.86
988.80	5431.21
988.97	5451.69
989.13	7151.51
989.30	8363.90
989.47	4814.77
989.63	4014.02
989.80	9322.35
989.97	8132.48
990.13	5255.09
990.30	11360.08
990.47	6768.54
990.64	6137.76
990.80	5224.37
990.97	6961.05
991.14	5519.28
991.30	7470.99
991.47	6332.32
991.64	6735.77
991.80	6619.04
991.97	6676.38
992.14	4964.28
992.30	12369.73
992.47	6891.41
992.64	6373.28
992.80	6604.70
992.97	4847.54
993.14	11515.73
993.30	17696.50
993.47	5789.61
993.64	6154.15
993.80	9203.57
993.97	5885.86
994.14	7008.15
994.30	9586.54
994.47	8114.05
994.64	6463.39
994.80	8490.88
994.97	5105.59
995.14	9363.31
995.30	7661.45
995.47	7944.07
995.63	7909.26
995.80	7985.03
995.97	13635.38
996.13	6217.63
996.30	5353.39
996.47	6756.25
996.63	12906.30
996.80	12511.04
996.97	7679.88
997.13	5767.08
997.30	8843.13
997.46	6252.45
997.63	8066.95
997.80	8978.30
997.96	8574.85
998.13	6109.09
998.29	6059.94
998.46	6913.94
998.63	6236.06
998.79	5291.95
998.96	8353.66
999.12	10239.84
999.29	7094.16
999.46	6942.61
999.62	9809.77
999.79	7294.86
999.95	6676.38
1000.12	6977.43
1000.29	5322.67
1000.45	8114.05
1000.62	7301.01
1000.78	7176.08
1000.95	5824.42
1001.11	7694.22
1001.28	7311.25
1001.45	5201.84
1001.61	9052.02
1001.78	8845.18
1001.94	8646.52
1002.11	7384.98
1002.27	9148.28
1002.44	9846.63
1002.61	7002.01
1002.77	6549.40
1002.94	5167.03
1003.10	6549.40
1003.27	8980.34
1003.43	6727.58
1003.60	7575.44
1003.76	5676.97
1003.93	10905.43
1004.10	8167.30
1004.26	8568.70
1004.43	7495.57
1004.59	12089.16
1004.76	5418.93
1004.92	6803.35
1005.09	12453.70
1005.25	8294.27
1005.42	6672.28
1005.58	10452.83
1005.75	8933.24
1005.91	7233.43
1006.08	10624.86
1006.24	5152.69
1006.41	5740.46
1006.57	7489.42
1006.74	6659.99
1006.90	6959.00
1007.07	6340.51
1007.23	11394.90
1007.40	6432.67
1007.56	5945.25
1007.73	7432.08
1007.89	8765.31
1008.06	10250.08
1008.22	6903.70
1008.39	8005.51
1008.55	6004.64
1008.72	7813.00
1008.88	5363.63
1009.05	6813.59
1009.21	8812.41
1009.38	4956.08
1009.54	6567.84
1009.71	10295.14
1009.87	10413.92
1010.04	4386.75
1010.20	7266.19
1010.37	5210.03
1010.53	10141.54
1010.70	7444.37
1010.86	4839.35
1011.03	5605.29
1011.19	5193.65
1011.35	8994.68
1011.52	6971.29
1011.68	7016.34
1011.85	6397.85
1012.01	8492.93
1012.18	8132.48
1012.34	5570.48
1012.51	6518.68
1012.67	6987.67
1012.83	7313.30
1013.00	7681.93
1013.16	4890.55
1013.33	6946.71
1013.49	11640.65
1013.66	7790.47
1013.82	11849.55
1013.99	7100.31
1014.15	8126.34
1014.31	8961.91
1014.48	8826.75
1014.64	8707.96
1014.81	7145.36
1014.97	4767.67
1015.13	8425.34
1015.30	7444.37
1015.46	7337.87
1015.63	5945.25
1015.79	5664.68
1015.95	5849.00
1016.12	5662.63
1016.28	7323.54
1016.45	5928.87
1016.61	7290.77
1016.77	5912.49
1016.94	7073.68
1017.10	7772.04
1017.27	7503.76
1017.43	5550.00
1017.59	7774.09
1017.76	9662.32
1017.92	5945.25
1018.09	5797.80
1018.25	9938.79
1018.41	9506.67
1018.58	7217.04
1018.74	6135.71
1018.90	6418.33
1019.07	8601.47
1019.23	5945.25
1019.40	5941.16
1019.56	8609.66
1019.72	5838.76
1019.89	8558.46
1020.05	12865.34
1020.21	8957.82
1020.38	6877.08
1020.54	5996.45
1020.70	8021.89
1020.87	7092.12
1021.03	8566.65
1021.19	6936.47
1021.36	4366.27
1021.52	7176.08
1021.68	11513.68
1021.85	13778.73
1022.01	8183.68
1022.17	7171.99
1022.34	6414.24
1022.50	6866.84
1022.66	8066.95
1022.83	9879.40
1022.99	8195.97
1023.15	6199.20
1023.32	9920.36
1023.48	7696.27
1023.64	6774.68
1023.81	4583.35
1023.97	8187.78
1024.13	8535.93
1024.30	5816.23
1024.46	9181.04
1024.62	7720.84
1024.79	7483.28
1024.95	9674.60
1025.11	6473.63
1025.27	8087.43
1025.44	5986.21
1025.60	6645.66
1025.76	8642.43
1025.93	6231.97
1026.09	6879.13
1026.25	6225.82
1026.41	8167.30
1026.58	4831.16
1026.74	7190.42
1026.90	8437.63
1027.07	8855.42
1027.23	5527.47
1027.39	7851.91
1027.55	8394.62
1027.72	6987.67
1027.88	9514.86
1028.04	8673.15
1028.20	6989.72
1028.37	4151.23
1028.53	8490.88
1028.69	6111.14
1028.85	8591.23
1029.02	9322.35
1029.18	6080.42
1029.34	5562.28
1029.50	7042.96
1029.67	9502.58
1029.83	6307.74
1029.99	7980.93
1030.15	6516.64
1030.32	6401.95
1030.48	8386.43
1030.64	6490.01
1030.80	8720.25
1030.97	9099.13
1031.13	6700.95
1031.29	11401.04
1031.45	9844.59
1031.61	6291.36
1031.78	6180.77
1031.94	10360.67
1032.10	7010.20
1032.26	8650.62
1032.42	7726.99
1032.59	9371.50
1032.75	7126.93
1032.91	5455.79
1033.07	6258.59
1033.24	5828.52
1033.40	11786.06
1033.56	8523.65
1033.72	6156.19
1033.88	8380.29
1034.04	11685.71
1034.21	8787.83
1034.37	7831.43
1034.53	7704.46
1034.69	6418.33
1034.85	6504.35
1035.02	5826.47
1035.18	5226.42
1035.34	8202.11
1035.50	5439.40
1035.66	7989.13
1035.82	6516.64
1035.99	8378.24
1036.15	7477.13
1036.31	9920.36
1036.47	8005.51
1036.63	14573.35
1036.79	11915.08
1036.96	8896.38
1037.12	9355.12
1037.28	5259.18
1037.44	4093.89
1037.60	6438.81
1037.76	7600.01
1037.92	6049.70
1038.09	4390.84
1038.25	10542.94
1038.41	7729.03
1038.57	8892.28
1038.73	7481.23
1038.89	6516.64
1039.05	8728.44
1039.22	6821.78
1039.38	7372.69
1039.54	11355.99
1039.70	9168.76
1039.86	8871.80
1040.02	5658.54
1040.18	6326.18
1040.34	7184.27
1040.51	6557.60
1040.67	17215.23
1040.83	10469.22
1040.99	9690.99
1041.15	10270.56
1041.31	6432.67
1041.47	9404.27
1041.63	8462.21
