345.74	1423.34
345.96	1423.34
346.17	1423.34
346.39	1376.24
346.60	1406.95
346.81	3954.63
347.03	3817.41
347.24	5259.18
347.46	5537.71
347.67	4700.09
347.89	3635.14
348.10	4585.40
348.32	4378.56
348.53	3868.61
348.75	4030.40
348.96	3667.91
349.18	5056.43
349.39	3743.69
349.61	3669.96
349.82	4632.51
350.04	4415.42
350.25	3710.92
350.47	4054.98
350.68	5253.04
350.90	5304.24
351.11	3710.92
351.32	4024.26
351.54	5445.55
351.75	5130.16
351.97	3717.06
352.18	3403.72
352.40	3870.66
352.61	4669.37
352.83	4775.86
353.04	3708.87
353.26	5324.72
353.47	4358.08
353.69	4325.31
353.90	4075.46
354.11	4003.78
354.33	6242.21
354.54	2998.23
354.76	4104.13
354.97	4192.19
355.19	4835.25
355.40	3962.82
355.62	5451.69
355.83	4190.14
356.04	4614.07
356.26	3526.60
356.47	4194.24
356.69	3690.44
356.90	6428.57
357.12	3434.44
357.33	3284.94
357.55	4464.57
357.76	4390.84
357.97	3334.09
358.19	4325.31
358.40	3706.82
358.62	6055.84
358.83	3571.66
359.05	4859.83
359.26	4011.97
359.47	4595.64
359.69	4153.28
359.90	5255.09
360.12	3594.19
360.33	4784.06
360.55	3594.19
360.76	4951.99
360.97	5273.52
361.19	5431.21
361.40	3764.17
361.62	3864.52
361.83	5316.53
362.04	5724.07
362.26	4241.34
362.47	4075.46
362.69	4171.71
362.90	4229.06
363.12	3252.17
363.33	3776.45
363.54	4700.09
363.76	5253.04
363.97	3678.15
364.19	4089.79
364.40	5537.71
364.61	4065.22
364.83	3074.00
365.04	4415.42
365.26	4167.62
365.47	5322.67
365.68	3803.08
365.90	3657.67
366.11	4216.77
366.33	5410.73
366.54	3463.12
366.75	3602.38
366.97	3637.19
367.18	3979.20
367.40	4898.74
367.61	3917.76
367.82	4390.84
368.04	5195.70
368.25	4552.63
368.46	4382.65
368.68	3915.72
368.89	6279.07
369.11	4124.61
369.32	4458.43
369.53	6168.48
369.75	4583.35
369.96	5830.57
370.18	4042.69
370.39	4034.50
370.60	4384.70
370.82	3532.75
371.03	3960.77
371.24	6866.84
371.46	4173.76
371.67	4198.34
371.88	3495.88
372.10	3745.73
372.31	3731.40
372.53	3119.06
372.74	3815.37
372.95	4044.74
373.17	3993.54
373.38	4976.56
373.59	4173.76
373.81	4181.95
374.02	5218.22
374.23	3479.50
374.45	5392.30
374.66	4925.36
374.88	4458.43
375.09	3665.86
375.30	5115.83
375.52	4695.99
375.73	5791.66
375.94	3348.43
376.16	4521.92
376.37	4995.00
376.58	5390.25
376.80	4894.65
377.01	4765.62
377.22	7569.29
377.44	4730.81
377.65	4306.88
377.86	3209.17
378.08	4726.71
378.29	4306.88
378.50	4390.84
378.72	3246.03
378.93	6580.12
379.14	5253.04
379.36	5722.02
379.57	4032.45
379.78	3973.06
380.00	4667.32
380.21	3225.55
380.42	3063.76
380.64	3487.69
380.85	3633.10
381.06	4628.41
381.28	3522.51
381.49	6315.94
381.70	3882.95
381.92	4173.76
382.13	4521.92
382.34	6471.58
382.56	5939.11
382.77	3907.52
382.98	4337.60
383.19	4921.27
383.41	4583.35
383.62	4155.33
383.83	4603.83
384.05	4775.86
384.26	4673.46
384.47	4476.86
384.69	3909.57
384.90	4474.81
385.11	5742.50
385.33	4153.28
385.54	4489.15
385.75	4356.03
385.96	4980.66
386.18	6545.31
386.39	4349.89
386.60	4331.45
386.82	6125.47
387.03	4792.25
387.24	4157.38
387.45	4274.11
387.67	3676.10
387.88	5136.31
388.09	4184.00
388.31	4296.64
388.52	4093.89
388.73	6125.47
388.94	4087.75
389.16	5021.62
389.37	3866.56
389.58	4638.65
389.80	4153.28
390.01	3997.64
390.22	4644.79
390.43	5058.48
390.65	4591.55
390.86	5046.20
391.07	4370.37
391.29	4153.28
391.50	3121.10
391.71	5377.97
391.92	6070.18
392.14	4104.13
392.35	4284.35
392.56	4065.22
392.77	5076.91
392.99	4333.50
393.20	3239.89
393.41	3950.53
393.62	3997.64
393.84	3903.43
394.05	4329.41
394.26	4859.83
394.47	5371.82
394.69	5502.89
394.90	4855.73
395.11	4075.46
395.32	3958.72
395.54	3731.40
395.75	3686.34
395.96	3858.37
396.17	6113.19
396.39	5435.31
396.60	3555.27
396.81	4749.24
397.02	4016.07
397.24	4999.09
397.45	5367.73
397.66	3755.97
397.87	5027.76
398.09	4679.61
398.30	4194.24
398.51	4632.51
398.72	4095.94
398.94	4540.35
399.15	5728.17
399.36	5205.94
399.57	4669.37
399.79	4870.07
400.00	6109.09
400.21	3495.88
400.42	5158.83
400.63	4339.65
400.85	5076.91
401.06	4399.04
401.27	4552.63
401.48	7128.98
401.70	4003.78
401.91	6479.77
402.12	5316.53
402.33	5447.60
402.54	3831.75
402.76	4253.63
402.97	6129.57
403.18	4673.46
403.39	4087.75
403.60	5111.73
403.82	4259.78
404.03	2742.23
404.24	3737.54
404.45	4943.80
404.66	5494.70
404.88	3196.88
405.09	5859.24
405.30	4655.03
405.51	4263.87
405.73	4476.86
405.94	3616.71
406.15	4149.18
406.36	4388.80
406.57	4235.20
406.78	4161.47
407.00	4517.82
407.21	5584.81
407.42	3839.94
407.63	5986.21
407.84	4603.83
408.06	4386.75
408.27	3377.10
408.48	3981.25
408.69	4493.24
408.90	4005.83
409.12	3508.17
409.33	4280.25
409.54	3436.49
409.75	4655.03
409.96	4468.67
410.17	4710.33
410.39	4237.25
410.60	6131.62
410.81	3596.23
411.02	4859.83
411.23	11804.49
411.44	3977.16
411.66	4577.21
411.87	5470.12
412.08	6068.13
412.29	3698.63
412.50	4188.10
412.71	3768.26
412.93	3684.30
413.14	4149.18
413.35	5027.76
413.56	3817.41
413.77	4562.87
413.98	4722.62
414.20	3870.66
414.41	4978.61
414.62	3876.80
414.83	3506.12
415.04	4063.17
415.25	4796.34
415.46	5308.34
415.68	4120.51
415.89	3428.30
416.10	4306.88
416.31	3516.36
416.52	5072.82
416.73	4595.64
416.94	3870.66
417.16	4779.96
417.37	4569.02
417.58	4808.63
417.79	3499.98
418.00	4534.20
418.21	4478.91
418.42	4769.72
418.64	3708.87
418.85	3798.98
419.06	4331.45
419.27	4159.42
419.48	4773.82
419.69	4427.71
419.90	3545.03
420.11	3868.61
420.33	3629.00
420.54	5795.75
420.75	5593.00
420.96	3504.07
421.17	4820.92
421.38	4423.61
421.59	3870.66
421.80	3700.68
422.02	4515.77
422.23	4493.24
422.44	5138.35
422.65	4192.19
422.86	4227.01
423.07	3606.47
423.28	4487.10
423.49	2783.19
423.70	3995.59
423.92	3620.81
424.13	5326.77
424.34	3399.63
424.55	3790.79
424.76	5136.31
424.97	5816.23
425.18	3749.83
425.39	4345.79
425.60	3710.92
425.81	4310.97
426.03	4292.54
426.24	4022.21
426.45	3979.20
426.66	6502.30
426.87	3964.87
427.08	5183.41
427.29	4134.85
427.50	4837.30
427.71	3938.24
427.92	3887.04
428.13	3588.04
428.34	4323.26
428.56	5101.49
428.77	5359.53
428.98	6897.56
429.19	4489.15
429.40	5052.34
429.61	4173.76
429.82	4609.98
430.03	3858.37
430.24	4978.61
430.45	3137.49
430.66	4601.79
430.87	4243.39
431.08	4421.56
431.30	3205.07
431.51	4528.06
431.72	4411.32
431.93	5033.91
432.14	3391.44
432.35	4399.04
432.56	5767.08
432.77	3809.22
432.98	4362.17
433.19	3989.44
433.40	4452.28
433.61	3405.77
433.82	4472.76
434.03	3588.04
434.24	3858.37
434.45	6492.06
434.66	5693.35
434.87	4837.30
435.09	4251.58
435.30	4456.38
435.51	4749.24
435.72	4640.70
435.93	3801.03
436.14	4906.93
436.35	4190.14
436.56	4612.03
436.77	4116.42
436.98	3471.31
437.19	5095.35
437.40	5805.99
437.61	4972.47
437.82	4054.98
438.03	4087.75
438.24	4640.70
438.45	4722.62
438.66	3477.45
438.87	3346.38
439.08	4609.98
439.29	4052.93
439.50	5312.43
439.71	6528.92
439.92	3997.64
440.13	3878.85
440.34	3778.50
440.55	4366.27
440.76	4075.46
440.97	5646.25
441.18	4550.59
441.39	3610.57
441.60	4435.90
441.81	4198.34
442.02	3997.64
442.23	4075.46
442.44	4927.41
442.65	4341.69
442.86	4878.26
443.07	4300.73
443.28	4620.22
443.49	5179.31
443.70	4159.42
443.91	3514.31
444.12	4274.11
444.33	4358.08
444.54	4499.39
444.75	3688.39
444.96	5124.02
445.17	6059.94
445.38	5545.90
445.59	4179.90
445.80	4218.82
446.01	3989.44
446.22	6061.99
446.43	3819.46
446.64	3979.20
446.85	4233.15
447.06	3856.33
447.27	4378.56
447.48	6158.24
447.69	4356.03
447.90	4276.16
448.11	3096.53
448.32	4603.83
448.53	4632.51
448.74	4399.04
448.95	4093.89
449.16	3659.72
449.37	4609.98
449.58	3348.43
449.79	3731.40
450.00	3293.13
450.21	3897.28
450.42	3710.92
450.63	3327.95
450.84	3495.88
451.05	3934.15
451.26	4044.74
451.47	4464.57
451.68	4767.67
451.89	4251.58
452.10	4579.26
452.30	5228.46
452.51	4655.03
452.72	3481.55
452.93	4231.10
453.14	3858.37
453.35	4337.60
453.56	5281.71
453.77	3932.10
453.98	3870.66
454.19	5400.49
454.40	3983.30
454.61	4059.07
454.82	4358.08
455.03	3317.71
455.24	3487.69
455.45	4206.53
455.66	4995.00
455.87	3981.25
456.07	3499.98
456.28	3323.85
456.49	3385.29
456.70	4589.50
456.91	4093.89
457.12	3430.35
457.33	3493.83
457.54	4528.06
457.75	5060.53
457.96	5388.21
458.17	4433.85
458.38	4087.75
458.59	3461.07
458.79	3006.42
459.00	3114.96
459.21	3291.09
459.42	3289.04
459.63	3887.04
459.84	2981.84
460.05	7683.98
460.26	4405.18
460.47	3913.67
460.68	3805.13
460.89	4870.07
461.09	5199.79
461.30	4997.04
461.51	3817.41
461.72	5128.11
461.93	4753.34
462.14	3723.21
462.35	3241.93
462.56	4669.37
462.77	3256.27
462.98	5240.75
463.18	3823.56
463.39	4431.80
463.60	5185.46
463.81	4519.87
464.02	5463.98
464.23	4347.84
464.44	6801.30
464.65	4171.71
464.86	3872.71
465.06	3016.66
465.27	4097.99
465.48	3207.12
465.69	3905.48
465.90	4519.87
466.11	4296.64
466.32	3633.10
466.53	3137.49
466.74	4618.17
466.94	4167.62
467.15	4446.14
467.36	3686.34
467.57	5255.09
467.78	4485.05
467.99	4124.61
468.20	5978.02
468.40	3678.15
468.61	3549.13
468.82	3813.32
469.03	5609.39
469.24	5070.77
469.45	4181.95
469.66	4280.25
469.86	3874.76
470.07	4755.38
470.28	4005.83
470.49	3659.72
470.70	3866.56
470.91	3962.82
471.12	4587.45
471.32	4005.83
471.53	3805.13
471.74	4937.65
471.95	4333.50
472.16	3612.62
472.37	4296.64
472.58	5078.96
472.78	3614.66
472.99	3659.72
473.20	3993.54
473.41	3887.04
473.62	3373.00
473.83	5672.87
474.03	4620.22
474.24	4437.95
474.45	4399.04
474.66	3717.06
474.87	4179.90
475.08	3885.00
475.28	5218.22
475.49	5273.52
475.70	3928.00
475.91	4495.29
476.12	3932.10
476.32	3856.33
476.53	4052.93
476.74	4657.08
476.95	4474.81
477.16	3702.73
477.37	4870.07
477.57	4618.17
477.78	3950.53
477.99	3516.36
478.20	4429.76
478.41	4900.79
478.61	5121.97
478.82	5138.35
479.03	4073.41
479.24	4546.49
479.45	3923.91
479.65	3407.82
479.86	4399.04
480.07	4591.55
480.28	4095.94
480.49	9023.35
480.69	3801.03
480.90	4366.27
481.11	3774.41
481.32	3035.09
481.53	4018.11
481.73	4155.33
481.94	4325.31
482.15	4302.78
482.36	3989.44
482.57	3874.76
482.77	5695.40
482.98	5193.65
483.19	4304.83
483.40	3600.33
483.60	4177.86
483.81	4675.51
484.02	4831.16
484.23	3766.21
484.44	3243.98
484.64	3901.38
484.85	3981.25
485.06	4157.38
485.27	4061.12
485.47	4140.99
485.68	4675.51
485.89	4906.93
486.10	6053.80
486.31	5541.80
486.51	4829.11
486.72	3846.09
486.93	4085.70
487.14	4071.36
487.34	3540.94
487.55	3889.09
487.76	4906.93
487.97	4614.07
488.17	3956.68
488.38	3913.67
488.59	3932.10
488.80	4839.35
489.00	4745.14
489.21	4888.50
489.42	3897.28
489.63	4814.77
489.83	4677.56
490.04	3745.73
490.25	3907.52
490.46	4091.84
490.66	4935.60
490.87	4073.41
491.08	3588.04
491.29	4120.51
491.49	3975.11
491.70	3866.56
491.91	4026.31
492.11	4247.49
492.32	3844.04
492.53	2959.31
492.74	5466.03
492.94	5384.11
493.15	4775.86
493.36	4102.08
493.57	4423.61
493.77	3973.06
493.98	4923.32
494.19	5220.27
494.39	4505.53
494.60	3366.86
494.81	3700.68
495.02	5234.61
495.22	5240.75
495.43	3243.98
495.64	3297.23
495.84	3393.48
496.05	5373.87
496.26	4825.01
496.47	4956.08
496.67	5386.16
496.88	4317.12
497.09	4902.84
497.29	3057.62
497.50	3176.40
497.71	4325.31
497.91	3184.59
498.12	4904.89
498.33	3766.21
498.54	4761.53
498.74	4442.04
498.95	3497.93
499.16	4435.90
499.36	4218.82
499.57	3663.82
499.78	3958.72
499.98	3901.38
500.19	3489.74
500.40	4145.09
500.60	5439.40
500.81	3860.42
501.02	4839.35
501.22	6397.85
501.43	3725.26
501.64	4022.21
501.85	4689.85
502.05	6487.96
502.26	3442.64
502.47	5339.05
502.67	4120.51
502.88	4298.69
503.09	5316.53
503.29	3176.40
503.50	4265.92
503.71	6072.23
503.91	4319.17
504.12	3833.80
504.33	4243.39
504.53	4177.86
504.74	4624.31
504.95	5171.12
505.15	4368.32
505.36	5287.86
505.56	4161.47
505.77	6240.16
505.98	3672.01
506.18	5857.19
506.39	3932.10
506.60	3954.63
506.80	4954.04
507.01	4108.23
507.22	4151.23
507.42	4941.75
507.63	3753.93
507.84	4474.81
508.04	2850.77
508.25	4720.57
508.45	6012.84
508.66	3848.13
508.87	3710.92
509.07	4796.34
509.28	4857.78
509.49	3549.13
509.69	4765.62
509.90	4630.46
510.11	3612.62
510.31	4247.49
510.52	4124.61
510.72	4163.52
510.93	4325.31
511.14	3727.30
511.34	3397.58
511.55	3706.82
511.76	6297.50
511.96	5924.77
512.17	4405.18
512.37	4960.18
512.58	4112.32
512.79	3239.89
512.99	4319.17
513.20	4489.15
513.40	5109.68
513.61	4411.32
513.82	4069.31
514.02	3233.74
514.23	4014.02
514.43	5941.16
514.64	4087.75
514.85	4437.95
515.05	4886.45
515.26	4734.90
515.46	5316.53
515.67	5070.77
515.88	3928.00
516.08	5590.95
516.29	4077.51
516.49	3612.62
516.70	3796.93
516.91	3997.64
517.11	5294.00
517.32	4184.00
517.52	4679.61
517.73	3653.58
517.93	5306.29
518.14	5109.68
518.35	3524.55
518.55	3262.41
518.76	4966.32
518.96	5322.67
519.17	3678.15
519.38	4186.05
519.58	4849.59
519.79	4054.98
519.99	4181.95
520.20	4046.79
520.40	3821.51
520.61	3940.29
520.82	5943.21
521.02	5404.59
521.23	4806.58
521.43	4554.68
521.64	3358.67
521.84	3600.33
522.05	3633.10
522.25	3479.50
522.46	3604.42
522.67	4292.54
522.87	5558.19
523.08	4786.10
523.28	3923.91
523.49	5273.52
523.69	4329.41
523.90	3991.49
524.10	4831.16
524.31	3860.42
524.51	5298.10
524.72	4833.21
524.93	5320.62
525.13	3893.19
525.34	4224.96
525.54	4243.39
525.75	4904.89
525.95	3043.28
526.16	5513.13
526.36	4020.16
526.57	5246.90
526.77	3219.41
526.98	6414.24
527.18	3612.62
527.39	3860.42
527.59	5629.87
527.80	4204.48
528.00	4505.53
528.21	4620.22
528.42	3954.63
528.62	4620.22
528.83	4435.90
529.03	6313.89
529.24	4695.99
529.44	4132.80
529.65	4562.87
529.85	4265.92
530.06	5455.79
530.26	4052.93
530.47	5038.00
530.67	5513.13
530.88	3532.75
531.08	4487.10
531.29	4005.83
531.49	3915.72
531.70	4882.36
531.90	3669.96
532.11	4403.13
532.31	4413.37
532.52	4695.99
532.72	3198.93
532.93	4710.33
533.13	3696.58
533.34	3841.99
533.54	4732.86
533.75	3379.15
533.95	3960.77
534.16	3940.29
534.36	4233.15
534.57	3803.08
534.77	5164.98
534.97	4695.99
535.18	3846.09
535.38	3678.15
535.59	3190.74
535.79	3823.56
536.00	3538.89
536.20	3803.08
536.41	3055.57
536.61	4466.62
536.82	3682.25
537.02	3502.03
537.23	4665.27
537.43	5042.10
537.64	3661.77
537.84	4415.42
538.05	4347.84
538.25	5013.43
538.45	3499.98
538.66	4505.53
538.86	3940.29
539.07	3612.62
539.27	4108.23
539.48	3919.81
539.68	4708.28
539.89	4026.31
540.09	5455.79
540.29	4906.93
540.50	3065.81
540.70	4739.00
540.91	3653.58
541.11	4990.90
541.32	4151.23
541.52	4519.87
541.73	4427.71
541.93	3530.70
542.13	4896.69
542.34	3831.75
542.54	3858.37
542.75	4196.29
542.95	7006.10
543.16	4214.72
543.36	4022.21
543.56	4415.42
543.77	4956.08
543.97	5042.10
544.18	4483.00
544.38	4329.41
544.59	3661.77
544.79	3833.80
544.99	5943.21
545.20	6166.43
545.40	3850.18
545.61	4290.49
545.81	4728.76
546.01	5021.62
546.22	4331.45
546.42	4227.01
546.63	4016.07
546.83	5027.76
547.04	3807.17
547.24	4249.54
547.44	3475.40
547.65	4751.29
547.85	3524.55
548.06	3497.93
548.26	3999.68
548.46	6895.51
548.67	4149.18
548.87	4073.41
549.08	3676.10
549.28	4290.49
549.48	4548.54
549.69	5367.73
549.89	3491.79
550.09	5707.69
550.30	5240.75
550.50	3610.57
550.71	3700.68
550.91	4423.61
551.11	3237.84
551.32	4853.69
551.52	3882.95
551.73	4554.68
551.93	3733.45
552.13	4771.77
552.34	5619.63
552.54	3252.17
552.74	5021.62
552.95	3725.26
553.15	4675.51
553.35	4038.59
553.56	4548.54
553.76	4857.78
553.97	3975.11
554.17	4462.52
554.37	3502.03
554.58	5220.27
554.78	4181.95
554.98	4126.66
555.19	4024.26
555.39	4687.80
555.59	3549.13
555.80	4571.07
556.00	4034.50
556.20	4702.14
556.41	3987.40
556.61	3774.41
556.82	3356.62
557.02	4796.34
557.22	3846.09
557.43	3389.39
557.63	4349.89
557.83	4612.03
558.04	6025.12
558.24	3755.97
558.44	4341.69
558.65	3725.26
558.85	3051.47
559.05	3471.31
559.26	3784.65
559.46	3796.93
559.66	3418.06
559.87	3678.15
560.07	4530.11
560.27	5908.39
560.48	5164.98
560.68	4743.10
560.88	3620.81
561.08	4718.52
561.29	5314.48
561.49	3542.99
561.69	3624.90
561.90	6184.87
562.10	3938.24
562.30	6154.15
562.51	4505.53
562.71	3899.33
562.91	5730.22
563.12	4130.75
563.32	3833.80
563.52	4212.67
563.72	4304.83
563.93	4298.69
564.13	3721.16
564.33	5816.23
564.54	4108.23
564.74	4470.72
564.94	4620.22
565.15	3737.54
565.35	3727.30
565.55	5648.30
565.75	3121.10
565.96	4454.33
566.16	4134.85
566.36	3747.78
566.57	4005.83
566.77	6119.33
566.97	4929.46
567.17	5480.36
567.38	3780.55
567.58	4390.84
567.78	4210.62
567.99	6381.47
568.19	4313.02
568.39	4620.22
568.59	5613.48
568.80	4644.79
569.00	4896.69
569.20	4229.06
569.40	4081.60
569.61	5300.14
569.81	4890.55
570.01	3813.32
570.21	4112.32
570.42	5633.96
570.62	3940.29
570.82	3788.74
571.02	3565.51
571.23	3667.91
571.43	5533.61
571.63	3637.19
571.84	3373.00
572.04	3510.22
572.24	5017.52
572.44	4368.32
572.64	4147.14
572.85	4196.29
573.05	5472.17
573.25	5676.97
573.45	3325.90
573.66	6422.43
573.86	3577.80
574.06	4011.97
574.26	5042.10
574.47	3778.50
574.67	4964.28
574.87	3225.55
575.07	3993.54
575.28	3676.10
575.48	4325.31
575.68	4140.99
575.88	4261.82
576.08	5513.13
576.29	4337.60
576.49	4702.14
576.69	4540.35
576.89	3758.02
577.10	3940.29
577.30	4908.98
577.50	3846.09
577.70	3477.45
577.90	5564.33
578.11	4847.54
578.31	3635.14
578.51	4616.12
578.71	3616.71
578.91	4456.38
579.12	4609.98
579.32	4820.92
579.52	12660.54
579.72	4046.79
579.92	4597.69
580.13	4577.21
580.33	6098.85
580.53	4706.23
580.73	4448.19
580.93	4833.21
581.14	4362.17
581.34	5095.35
581.54	3497.93
581.74	4722.62
581.94	4257.73
582.15	5459.88
582.35	3194.83
582.55	3987.40
582.75	6799.26
582.95	4038.59
583.15	6000.55
583.36	5195.70
583.56	4790.20
583.76	3649.48
583.96	4497.34
584.16	4284.35
584.37	4394.94
584.57	4399.04
584.77	3325.90
584.97	4130.75
585.17	4661.18
585.37	4847.54
585.57	4771.77
585.78	3600.33
585.98	4128.70
586.18	4188.10
586.38	4167.62
586.58	3559.37
586.78	3596.23
586.99	3747.78
587.19	4407.23
587.39	4114.37
587.59	3798.98
587.79	4167.62
587.99	4566.97
588.19	3964.87
588.40	5066.67
588.60	3772.36
588.80	6397.85
589.00	3538.89
589.20	4569.02
589.40	5476.27
589.60	3555.27
589.81	4571.07
590.01	3735.50
590.21	5957.54
590.41	3620.81
590.61	4339.65
590.81	3502.03
591.01	5521.32
591.22	3715.02
591.42	6307.74
591.62	4777.91
591.82	4003.78
592.02	4825.01
592.22	4282.30
592.42	6963.09
592.62	4812.73
592.82	4548.54
593.03	4454.33
593.23	4222.91
593.43	5410.73
593.63	3704.78
593.83	4175.81
594.03	6088.61
594.23	5472.17
594.43	4014.02
594.63	3080.14
594.84	3909.57
595.04	5443.50
595.24	4652.98
595.44	3805.13
595.64	4722.62
595.84	4466.62
596.04	4943.80
596.24	3940.29
596.44	4489.15
596.64	3479.50
596.84	3626.95
597.05	4259.78
597.25	5339.05
597.45	4612.03
597.65	3727.30
597.85	3956.68
598.05	4290.49
598.25	3551.18
598.45	4167.62
598.65	3887.04
598.85	4429.76
599.05	5633.96
599.25	4476.86
599.46	3235.79
599.66	5052.34
599.86	3899.33
600.06	4272.06
600.26	3694.54
600.46	3764.17
600.66	4380.61
600.86	4728.76
601.06	3585.99
601.26	3878.85
601.46	5363.63
601.66	3768.26
601.86	3629.00
602.06	4593.59
602.26	3747.78
602.46	3389.39
602.66	3655.62
602.87	4130.75
603.07	4612.03
603.27	4440.00
603.47	3856.33
603.67	6635.42
603.87	5375.92
604.07	4184.00
604.27	4923.32
604.47	4433.85
604.67	3653.58
604.87	4149.18
605.07	3766.21
605.27	4360.13
605.47	3456.97
605.67	4257.73
605.87	4589.50
606.07	5593.00
606.27	3854.28
606.47	4057.03
606.67	3346.38
606.87	3477.45
607.07	4786.10
607.27	3411.92
607.47	4358.08
607.67	4468.67
607.87	3538.89
608.07	4534.20
608.27	4777.91
608.47	3534.79
608.67	5191.60
608.87	4147.14
609.07	5050.29
609.27	5033.91
609.47	4177.86
609.67	4440.00
609.87	4523.96
610.07	4050.88
610.27	14817.05
610.47	3348.43
610.67	4343.74
610.87	4104.13
611.07	6100.90
611.27	3835.85
611.47	4841.40
611.67	5255.09
611.87	4118.47
612.07	4300.73
612.27	4097.99
612.47	3203.02
612.67	4229.06
612.87	4384.70
613.07	3536.84
613.27	4464.57
613.47	4579.26
613.67	3583.95
613.87	4413.37
614.07	4089.79
614.27	3858.37
614.47	4370.37
614.67	4777.91
614.87	3948.48
615.07	4284.35
615.27	3862.47
615.47	4118.47
615.67	5250.99
615.87	3186.64
616.07	4054.98
616.27	4589.50
616.47	3964.87
616.67	3598.28
616.87	3958.72
617.07	3561.42
617.27	4036.55
617.47	3946.44
617.66	4259.78
617.86	4243.39
618.06	3925.96
618.26	3454.92
618.46	4489.15
618.66	5187.50
618.86	5238.70
619.06	3985.35
619.26	4249.54
619.46	4042.69
619.66	5627.82
619.86	4089.79
620.06	4378.56
620.26	5611.43
620.46	8193.92
620.66	6180.77
620.85	4556.73
621.05	5756.84
621.25	4853.69
621.45	3784.65
621.65	5255.09
621.85	4202.43
622.05	5027.76
622.25	3747.78
622.45	3917.76
622.65	3831.75
622.85	3477.45
623.05	4210.62
623.25	4061.12
623.44	5205.94
623.64	3112.91
623.84	3643.34
624.04	3336.14
624.24	4052.93
624.44	4509.63
624.64	4300.73
624.84	3940.29
625.04	3479.50
625.24	3456.97
625.43	3643.34
625.63	4882.36
625.83	3557.32
626.03	3862.47
626.23	4493.24
626.43	4364.22
626.63	3645.38
626.83	4632.51
627.03	4612.03
627.22	3719.11
627.42	4415.42
627.62	3053.52
627.82	4507.58
628.02	3844.04
628.22	3399.63
628.42	4364.22
628.62	3155.92
628.82	3645.38
629.01	5758.89
629.21	3274.70
629.41	5183.41
629.61	4546.49
629.81	4112.32
630.01	5201.84
630.21	5222.32
630.40	4222.91
630.60	4511.68
630.80	4646.84
631.00	4820.92
631.20	4927.41
631.40	4192.19
631.60	4548.54
631.79	3336.14
631.99	4964.28
632.19	4206.53
632.39	3993.54
632.59	4542.39
632.79	4110.27
632.99	13858.60
633.18	4270.01
633.38	3968.96
633.58	4597.69
633.78	3915.72
633.98	3919.81
634.18	3794.89
634.37	6584.22
634.57	4730.81
634.77	9135.99
634.97	3669.96
635.17	4364.22
635.37	5584.81
635.56	3698.63
635.76	5580.71
635.96	3522.51
636.16	4034.50
636.36	3868.61
636.56	3661.77
636.75	4048.83
636.95	5093.30
637.15	4345.79
637.35	3923.91
637.55	5144.50
637.74	5021.62
637.94	4278.21
638.14	4427.71
638.34	4437.95
638.54	2932.69
638.73	4231.10
638.93	4270.01
639.13	4659.13
639.33	4626.36
639.53	3753.93
639.73	4003.78
639.92	4079.55
640.12	3557.32
640.32	3993.54
640.52	4777.91
640.71	3178.45
640.91	4231.10
641.11	4077.51
641.31	3858.37
641.51	3594.19
641.70	4476.86
641.90	4519.87
642.10	4267.97
642.30	4411.32
642.50	4507.58
642.69	4184.00
642.89	3579.85
643.09	3487.69
643.29	4306.88
643.48	4773.82
643.68	3723.21
643.88	5627.82
644.08	2930.64
644.28	4577.21
644.47	4741.05
644.67	3317.71
644.87	3291.09
645.07	4005.83
645.26	3798.98
645.46	3518.41
645.66	4044.74
645.86	5001.14
646.05	5248.94
646.25	4702.14
646.45	4945.84
646.65	5011.38
646.84	4724.66
647.04	3807.17
647.24	4454.33
647.44	4405.18
647.63	4255.68
647.83	4880.31
648.03	4231.10
648.23	4349.89
648.42	3626.95
648.62	3067.86
648.82	3028.95
649.02	4075.46
649.21	3569.61
649.41	5228.46
649.61	5513.13
649.80	3348.43
650.00	5314.48
650.20	3536.84
650.40	4595.64
650.59	5642.15
650.79	3463.12
650.99	5414.83
651.18	4065.22
651.38	3444.68
651.58	4364.22
651.78	4550.59
651.97	4700.09
652.17	4079.55
652.37	4423.61
652.56	4251.58
652.76	4968.37
652.96	3731.40
653.16	4571.07
653.35	4652.98
653.55	4986.80
653.75	4063.17
653.94	5056.43
654.14	3805.13
654.34	4100.03
654.54	3827.65
654.73	4865.97
654.93	4059.07
655.13	5253.04
655.32	4906.93
655.52	3629.00
655.72	4456.38
655.91	3743.69
656.11	3002.32
656.31	4505.53
656.50	4140.99
656.70	3991.49
656.90	3655.62
657.09	4220.86
657.29	3864.52
657.49	3950.53
657.68	3209.17
657.88	4429.76
658.08	3770.31
658.27	5648.30
658.47	5238.70
658.67	4014.02
658.86	4194.24
659.06	4745.14
659.26	4054.98
659.45	3893.19
659.65	3987.40
659.85	4206.53
660.04	4687.80
660.24	3774.41
660.44	4067.27
660.63	4085.70
660.83	5445.55
661.03	4956.08
661.22	3676.10
661.42	4388.80
661.62	4306.88
661.81	4210.62
662.01	3676.10
662.21	3237.84
662.40	3569.61
662.60	5672.87
662.79	3250.13
662.99	5009.33
663.19	4220.86
663.38	4100.03
663.58	4136.90
663.78	4904.89
663.97	4566.97
664.17	4284.35
664.36	3387.34
664.56	4775.86
664.76	3203.02
664.95	4050.88
665.15	4136.90
665.35	4151.23
665.54	5681.07
665.74	4538.30
665.93	5713.83
666.13	4186.05
666.33	3925.96
666.52	3665.86
666.72	4493.24
666.91	3866.56
667.11	3520.46
667.31	4149.18
667.50	3506.12
667.70	4730.81
667.89	5427.12
668.09	5425.07
668.29	4243.39
668.48	4145.09
668.68	6893.46
668.87	3889.09
669.07	3123.15
669.27	5087.15
669.46	3145.68
669.66	3782.60
669.85	3162.06
670.05	4401.08
670.25	3940.29
670.44	4136.90
670.64	3923.91
670.83	5593.00
671.03	4784.06
671.22	4816.82
671.42	4356.03
671.62	3377.10
671.81	4018.11
672.01	4341.69
672.20	3782.60
672.40	4632.51
672.59	5734.31
672.79	4829.11
672.99	3694.54
673.18	5138.35
673.38	5044.15
673.57	5105.59
673.77	4196.29
673.96	3897.28
674.16	4018.11
674.36	5009.33
674.55	4095.94
674.75	4814.77
674.94	4218.82
675.14	4388.80
675.33	4538.30
675.53	4284.35
675.72	3821.51
675.92	6332.32
676.11	4442.04
676.31	4005.83
676.50	4323.26
676.70	4702.14
676.90	4073.41
677.09	4169.66
677.29	4501.44
677.48	4163.52
677.68	4472.76
677.87	3467.21
678.07	3891.14
678.26	4618.17
678.46	4349.89
678.65	4077.51
678.85	4284.35
679.04	4095.94
679.24	3422.16
679.43	3506.12
679.63	3510.22
679.82	6078.37
680.02	6305.70
680.21	4104.13
680.41	3162.06
680.60	4677.56
680.80	5926.82
680.99	4986.80
681.19	5011.38
681.38	4259.78
681.58	3784.65
681.77	6453.15
681.97	3850.18
682.16	5078.96
682.36	4728.76
682.55	4431.80
682.75	3741.64
682.94	4986.80
683.14	4702.14
683.33	3055.57
683.53	5281.71
683.72	5306.29
683.92	4100.03
684.11	5613.48
684.31	4100.03
684.50	3698.63
684.70	3821.51
684.89	3971.01
685.09	3297.23
685.28	3848.13
685.48	4009.92
685.67	4102.08
685.87	3973.06
686.06	4265.92
686.26	5054.39
686.45	3782.60
686.64	3829.70
686.84	3465.16
687.03	4243.39
687.23	4239.30
687.42	4437.95
687.62	4165.57
687.81	4931.51
688.01	4356.03
688.20	4429.76
688.40	5494.70
688.59	5332.91
688.78	4601.79
688.98	5076.91
689.17	4868.02
689.37	3940.29
689.56	4505.53
689.76	4552.63
689.95	5332.91
690.15	4032.45
690.34	5799.85
690.53	4288.45
690.73	3809.22
690.92	3588.04
691.12	3760.07
691.31	5463.98
691.51	4921.27
691.70	4999.09
691.89	3758.02
692.09	3373.00
692.28	4313.02
692.48	4753.34
692.67	5033.91
692.87	4257.73
693.06	3825.61
693.25	4155.33
693.45	3874.76
693.64	4581.31
693.84	4011.97
694.03	3524.55
694.22	4046.79
694.42	3971.01
694.61	4048.83
694.81	11773.77
695.00	3643.34
695.19	4249.54
695.39	4806.58
695.58	4945.84
695.78	4315.07
695.97	4315.07
696.16	5709.74
696.36	4827.06
696.55	4390.84
696.75	3817.41
696.94	3354.57
697.13	5896.10
697.33	3542.99
697.52	4530.11
697.71	4308.93
697.91	4888.50
698.10	6715.29
698.30	4001.73
698.49	4140.99
698.68	3506.12
698.88	3377.10
699.07	4208.58
699.26	6795.16
699.46	3989.44
699.65	4841.40
699.85	4597.69
700.04	3717.06
700.23	3577.80
700.43	4292.54
700.62	4042.69
700.81	4161.47
701.01	3344.33
701.20	3981.25
701.39	4272.06
701.59	4120.51
701.78	3387.34
701.98	3608.52
702.17	4030.40
702.36	4452.28
702.56	4601.79
702.75	3708.87
702.94	4501.44
703.14	11878.22
703.33	4216.77
703.52	21481.14
703.72	3708.87
703.91	4648.89
704.10	3831.75
704.30	4235.20
704.49	3588.04
704.68	3493.83
704.88	5431.21
705.07	5765.03
705.26	4014.02
705.46	3629.00
705.65	3809.22
705.84	3600.33
706.03	3878.85
706.23	3938.24
706.42	4329.41
706.61	4069.31
706.81	5900.20
707.00	4968.37
707.19	3725.26
707.39	4743.10
707.58	3534.79
707.77	3776.45
707.97	5300.14
708.16	3862.47
708.35	4837.30
708.55	3882.95
708.74	4034.50
708.93	5885.86
709.12	4714.42
709.32	4181.95
709.51	5021.62
709.70	5156.79
709.90	4501.44
710.09	3966.92
710.28	4769.72
710.47	3723.21
710.67	4728.76
710.86	5578.67
711.05	3622.86
711.25	3983.30
711.44	3342.28
711.63	4835.25
711.82	4652.98
712.02	7503.76
712.21	4581.31
712.40	4333.50
712.59	5207.98
712.79	5887.91
712.98	4292.54
713.17	5195.70
713.37	3690.44
713.56	3528.65
713.75	3684.30
713.94	4493.24
714.14	4005.83
714.33	4997.04
714.52	3866.56
714.71	3612.62
714.91	4501.44
715.10	5412.78
715.29	3946.44
715.48	3841.99
715.68	5009.33
715.87	3653.58
716.06	4997.04
716.25	3833.80
716.45	4339.65
716.64	4261.82
716.83	4290.49
717.02	4845.49
717.21	4421.56
717.41	5500.84
717.60	5482.41
717.79	3616.71
717.98	3895.24
718.18	3850.18
718.37	3565.51
718.56	6281.12
718.75	5222.32
718.94	4517.82
719.14	2908.12
719.33	4569.02
719.52	4517.82
719.71	4138.94
719.91	3768.26
720.10	6086.56
720.29	3950.53
720.48	3352.52
720.67	4446.14
720.87	5865.38
721.06	3280.85
721.25	4581.31
721.44	3866.56
721.63	4202.43
721.83	5048.24
722.02	3129.30
722.21	4888.50
722.40	4298.69
722.59	4325.31
722.79	4026.31
722.98	5158.83
723.17	3237.84
723.36	3794.89
723.55	3219.41
723.74	3241.93
723.94	4110.27
724.13	3712.97
724.32	3950.53
724.51	4206.53
724.70	4034.50
724.90	4014.02
725.09	5103.54
725.28	4788.15
725.47	4433.85
725.66	4222.91
725.85	3809.22
726.05	5095.35
726.24	4413.37
726.43	4386.75
726.62	4974.52
726.81	3760.07
727.00	3629.00
727.20	4724.66
727.39	4298.69
727.58	4095.94
727.77	3563.47
727.96	3973.06
728.15	5646.25
728.34	4452.28
728.54	4128.70
728.73	4749.24
728.92	4448.19
729.11	4282.30
729.30	3915.72
729.49	5064.63
729.68	4050.88
729.88	3889.09
730.07	4063.17
730.26	4065.22
730.45	5005.24
730.64	5519.28
730.83	4284.35
731.02	3157.97
731.21	4061.12
731.41	4501.44
731.60	3432.40
731.79	4646.84
731.98	5169.07
732.17	4599.74
732.36	3413.96
732.55	3690.44
732.74	5404.59
732.93	4859.83
733.13	4050.88
733.32	4700.09
733.51	3573.71
733.70	5736.36
733.89	4802.49
734.08	4628.41
734.27	3420.11
734.46	5289.90
734.65	3532.75
734.85	4472.76
735.04	4048.83
735.23	5371.82
735.42	4284.35
735.61	2752.47
735.80	3782.60
735.99	5425.07
736.18	7202.71
736.37	3563.47
736.56	5183.41
736.75	4108.23
736.94	4224.96
737.14	3370.96
737.33	3741.64
737.52	3452.88
737.71	4194.24
737.90	4374.46
738.09	5158.83
738.28	4614.07
738.47	4609.98
738.66	4837.30
738.85	4921.27
739.04	4693.94
739.23	4669.37
739.42	3186.64
739.61	3594.19
739.80	3487.69
740.00	4038.59
740.19	3723.21
740.38	3643.34
740.57	3776.45
740.76	3401.68
740.95	4227.01
741.14	4710.33
741.33	6354.85
741.52	4024.26
741.71	3127.25
741.90	4829.11
742.09	4825.01
742.28	4337.60
742.47	3317.71
742.66	4120.51
742.85	3612.62
743.04	3215.31
743.23	4681.66
743.42	4284.35
743.61	4112.32
743.80	3344.33
743.99	2748.37
744.18	4251.58
744.37	3936.20
744.56	3641.29
744.75	3207.12
744.94	4349.89
745.13	4030.40
745.32	2787.29
745.51	4077.51
745.71	5011.38
745.90	4294.59
746.09	3706.82
746.28	4317.12
746.47	4691.90
746.66	4284.35
746.85	4702.14
747.04	3739.59
747.23	4218.82
747.42	5846.95
747.61	2799.57
747.80	5490.60
747.99	3825.61
748.18	3346.38
748.36	3454.92
748.55	5705.64
748.74	4995.00
748.93	4786.10
749.12	3383.24
749.31	4257.73
749.50	3565.51
749.69	5124.02
749.88	4143.04
750.07	2942.93
750.26	5437.36
750.45	3346.38
750.64	2852.82
750.83	3915.72
751.02	3809.22
751.21	4560.83
751.40	4446.14
751.59	4372.41
751.78	5099.44
751.97	4394.94
752.16	4153.28
752.35	3784.65
752.54	4491.20
752.73	4958.13
752.92	3870.66
753.11	4677.56
753.30	3528.65
753.49	3549.13
753.68	4978.61
753.87	3831.75
754.05	4186.05
754.24	4081.60
754.43	5097.39
754.62	3280.85
754.81	6487.96
755.00	5463.98
755.19	3805.13
755.38	4560.83
755.57	5238.70
755.76	5603.24
755.95	4650.94
756.14	3106.77
756.33	4685.75
756.52	4773.82
756.70	4216.77
756.89	4259.78
757.08	4575.16
757.27	4227.01
757.46	3815.37
757.65	3227.60
757.84	3991.49
758.03	3981.25
758.22	3399.63
758.41	3960.77
758.60	3319.76
758.79	4118.47
758.97	4652.98
759.16	5031.86
759.35	4059.07
759.54	4659.13
759.73	3710.92
759.92	3180.50
760.11	3510.22
760.30	4372.41
760.49	3956.68
760.67	3790.79
760.86	4427.71
761.05	6213.54
761.24	3395.53
761.43	3014.61
761.62	4038.59
761.81	4286.40
762.00	4767.67
762.19	3516.36
762.37	4315.07
762.56	5207.98
762.75	2934.74
762.94	3991.49
763.13	3751.88
763.32	4394.94
763.51	3006.42
763.70	3289.04
763.88	5281.71
764.07	4788.15
764.26	3923.91
764.45	3006.42
764.64	4382.65
764.83	5472.17
765.02	3813.32
765.20	4120.51
765.39	5078.96
765.58	5627.82
765.77	4806.58
765.96	6092.71
766.15	4165.57
766.33	4233.15
766.52	4931.51
766.71	3911.62
766.90	5496.75
767.09	3958.72
767.28	2758.61
767.46	3649.48
767.65	3647.43
767.84	4575.16
768.03	3252.17
768.22	3211.22
768.41	3209.17
768.59	3854.28
768.78	3454.92
768.97	4208.58
769.16	5210.03
769.35	3270.61
769.54	4206.53
769.72	4202.43
769.91	4243.39
770.10	6059.94
770.29	3434.44
770.48	4341.69
770.66	4489.15
770.85	4460.48
771.04	4480.96
771.23	3125.20
771.42	5220.27
771.60	5031.86
771.79	3809.22
771.98	4251.58
772.17	4749.24
772.36	5347.25
772.54	3200.98
772.73	3610.57
772.92	4519.87
773.11	3760.07
773.30	3596.23
773.48	3172.30
773.67	3741.64
773.86	4046.79
774.05	3389.39
774.23	4724.66
774.42	4837.30
774.61	5312.43
774.80	3653.58
774.99	3117.01
775.17	4517.82
775.36	4956.08
775.55	3522.51
775.74	3798.98
775.92	5085.11
776.11	4276.16
776.30	5273.52
776.49	3438.54
776.67	4177.86
776.86	3215.31
777.05	3602.38
777.24	3444.68
777.42	4124.61
777.61	3293.13
777.80	5093.30
777.99	3661.77
778.17	3745.73
778.36	4364.22
778.55	3545.03
778.74	4227.01
778.92	3915.72
779.11	4726.71
779.30	3950.53
779.49	3743.69
779.67	4446.14
779.86	3907.52
780.05	3139.54
780.24	3088.34
780.42	4575.16
780.61	4196.29
780.80	4102.08
780.98	2930.64
781.17	3854.28
781.36	3887.04
781.55	4583.35
781.73	3166.16
781.92	4859.83
782.11	4239.30
782.29	3788.74
782.48	3594.19
782.67	4605.88
782.86	5093.30
783.04	3643.34
783.23	3583.95
783.42	4358.08
783.60	5271.47
783.79	4059.07
783.98	3798.98
784.16	4181.95
784.35	4288.45
784.54	4632.51
784.73	3411.92
784.91	3917.76
785.10	3735.50
785.29	3620.81
785.47	4857.78
785.66	4917.17
785.85	3596.23
786.03	3880.90
786.22	2914.26
786.41	4444.09
786.59	4825.01
786.78	3141.58
786.97	3520.46
787.15	4820.92
787.34	4880.31
787.53	3710.92
787.71	4386.75
787.90	4265.92
788.09	4390.84
788.27	4386.75
788.46	3778.50
788.65	4317.12
788.83	4558.78
789.02	2850.77
789.21	3018.71
789.39	3153.87
789.58	5013.43
789.77	3364.81
789.95	3090.38
790.14	5449.64
790.33	4167.62
790.51	3080.14
790.70	4927.41
790.88	3979.20
791.07	4030.40
791.26	5756.84
791.44	3950.53
791.63	3491.79
791.82	4859.83
792.00	3168.21
792.19	4100.03
792.38	5349.29
792.56	4564.92
792.75	4462.52
792.93	5056.43
793.12	4870.07
793.31	4636.60
793.49	5433.26
793.68	3620.81
793.86	3995.59
794.05	5660.59
794.24	3567.56
794.42	4036.55
794.61	4028.35
794.80	4472.76
794.98	4140.99
795.17	3770.31
795.35	4683.70
795.54	4497.34
795.73	4560.83
795.91	6287.26
796.10	5044.15
796.28	5463.98
796.47	2897.88
796.66	3250.13
796.84	6342.56
797.03	4155.33
797.21	2836.44
797.40	4108.23
797.58	4970.42
797.77	4222.91
797.96	4466.62
798.14	6025.12
798.33	5785.51
798.51	4650.94
798.70	3002.32
798.88	3962.82
799.07	4028.35
799.26	4001.73
799.44	4257.73
799.63	4186.05
799.81	3663.82
800.00	4272.06
800.18	4888.50
800.37	3995.59
800.56	3780.55
800.74	4284.35
800.93	3747.78
801.11	3682.25
801.30	4906.93
801.48	4005.83
801.67	4333.50
801.85	4599.74
802.04	4763.58
802.22	3901.38
802.41	4392.89
802.60	4358.08
802.78	4229.06
802.97	3772.36
803.15	4427.71
803.34	4374.46
803.52	4577.21
803.71	4517.82
803.89	3301.33
804.08	5521.32
804.26	5119.92
804.45	4485.05
804.63	3745.73
804.82	4296.64
805.00	3686.34
805.19	5808.04
805.37	3629.00
805.56	3784.65
805.74	5679.02
805.93	4206.53
806.11	4337.60
806.30	3444.68
806.48	4075.46
806.67	4693.94
806.85	4130.75
807.04	4020.16
807.22	4345.79
807.41	4290.49
807.59	4880.31
807.78	3669.96
807.96	5177.26
808.15	3862.47
808.33	4704.18
808.52	5619.63
808.70	4421.56
808.89	5420.97
809.07	5814.18
809.26	3979.20
809.44	3682.25
809.63	4894.65
809.81	3868.61
810.00	4538.30
810.18	4493.24
810.37	3864.52
810.55	4499.39
810.74	4208.58
810.92	5324.72
811.11	5726.12
811.29	2711.51
811.48	3651.53
811.66	4130.75
811.84	3284.94
812.03	4480.96
812.21	4394.94
812.40	3997.64
812.58	3270.61
812.77	4700.09
812.95	3620.81
813.14	3905.48
813.32	3725.26
813.51	4054.98
813.69	4151.23
813.87	3590.09
814.06	4118.47
814.24	4073.41
814.43	3215.31
814.61	4145.09
814.80	5115.83
814.98	3325.90
815.16	4151.23
815.35	5265.33
815.53	6530.97
815.72	4130.75
815.90	3526.60
816.09	4313.02
816.27	4564.92
816.45	4378.56
816.64	3958.72
816.82	5836.71
817.01	3594.19
817.19	3297.23
817.37	4323.26
817.56	5134.26
817.74	3264.46
817.93	5322.67
818.11	3645.38
818.30	3958.72
818.48	3602.38
818.66	4519.87
818.85	3751.88
819.03	4470.72
819.21	4550.59
819.40	4849.59
819.58	6428.57
819.77	4179.90
819.95	4353.98
820.13	5904.29
820.32	3375.05
820.50	5398.45
820.69	5484.46
820.87	4100.03
821.05	3436.49
821.24	4224.96
821.42	4532.15
821.60	3305.42
821.79	5425.07
821.97	4773.82
822.16	5795.75
822.34	3698.63
822.52	4450.24
822.71	5259.18
822.89	5087.15
823.07	4169.66
823.26	3477.45
823.44	3657.67
823.62	3813.32
823.81	4415.42
823.99	3157.97
824.18	4722.62
824.36	4091.84
824.54	4480.96
824.73	5033.91
824.91	5744.55
825.09	4878.26
825.28	5248.94
825.46	5316.53
825.64	4757.43
825.83	4247.49
826.01	4595.64
826.19	3948.48
826.38	4065.22
826.56	4358.08
826.74	3145.68
826.93	4036.55
827.11	4274.11
827.29	4396.99
827.48	3823.56
827.66	4403.13
827.84	4208.58
828.03	4016.07
828.21	3198.93
828.39	3180.50
828.57	5463.98
828.76	5089.20
828.94	3506.12
829.12	5771.18
829.31	4093.89
829.49	4218.82
829.67	3393.48
829.86	4020.16
830.04	4280.25
830.22	4452.28
830.40	3174.35
830.59	4241.34
830.77	4077.51
830.95	4872.12
831.14	5849.00
831.32	3643.34
831.50	4224.96
831.69	4632.51
831.87	5312.43
832.05	3747.78
832.23	4022.21
832.42	5046.20
832.60	3831.75
832.78	3616.71
832.96	11079.51
833.15	5046.20
833.33	3354.57
833.51	5863.33
833.70	4143.04
833.88	4335.55
834.06	4284.35
834.24	3946.44
834.43	5420.97
834.61	4421.56
834.79	4665.27
834.97	6135.71
835.16	4501.44
835.34	4581.31
835.52	4892.60
835.70	4257.73
835.89	4122.56
836.07	5382.06
836.25	4800.44
836.43	3526.60
836.62	4415.42
836.80	5146.55
836.98	3616.71
837.16	3801.03
837.34	4106.18
837.53	5486.51
837.71	4382.65
837.89	5900.20
838.07	4364.22
838.26	5158.83
838.44	4677.56
838.62	6821.78
838.80	4478.91
838.99	4925.36
839.17	3915.72
839.35	4693.94
839.53	4478.91
839.71	5500.84
839.90	3733.45
840.08	4732.86
840.26	5289.90
840.44	4597.69
840.62	5365.68
840.81	3129.30
840.99	6471.58
841.17	3930.05
841.35	4554.68
841.53	3751.88
841.72	5593.00
841.90	4734.90
842.08	3526.60
842.26	3440.59
842.44	4749.24
842.63	5777.32
842.81	5627.82
842.99	4652.98
843.17	4968.37
843.35	4587.45
843.53	5068.72
843.72	4472.76
843.90	4341.69
844.08	3749.83
844.26	3708.87
844.44	4286.40
844.62	5627.82
844.81	5283.76
844.99	5533.61
845.17	3790.79
845.35	4526.01
845.53	4581.31
845.71	14288.68
845.90	4026.31
846.08	4124.61
846.26	4190.14
846.44	3289.04
846.62	4247.49
846.80	4376.51
846.98	4446.14
847.17	9095.03
847.35	6104.99
847.53	4767.67
847.71	5062.58
847.89	6086.56
848.07	3514.31
848.25	4190.14
848.44	3674.06
848.62	4771.77
848.80	4001.73
848.98	3747.78
849.16	4665.27
849.34	4937.65
849.52	4239.30
849.70	4440.00
849.89	5089.20
850.07	4652.98
850.25	4880.31
850.43	4478.91
850.61	4517.82
850.79	3979.20
850.97	3758.02
851.15	5019.57
851.33	4341.69
851.52	3819.46
851.70	5685.16
851.88	5330.86
852.06	3846.09
852.24	3698.63
852.42	5119.92
852.60	5922.73
852.78	6070.18
852.96	4315.07
853.14	4093.89
853.33	5912.49
853.51	4431.80
853.69	4689.85
853.87	4939.70
854.05	4276.16
854.23	3303.37
854.41	3514.31
854.59	4130.75
854.77	4915.12
854.95	4308.93
855.13	4075.46
855.31	4626.36
855.49	4167.62
855.68	4042.69
855.86	3719.11
856.04	5928.87
856.22	4165.57
856.40	4456.38
856.58	3725.26
856.76	5038.00
856.94	3829.70
857.12	4609.98
857.30	2992.08
857.48	4151.23
857.66	4437.95
857.84	7317.39
858.02	3817.41
858.20	5437.36
858.38	4325.31
858.56	4153.28
858.74	3393.48
858.92	3708.87
859.10	4513.72
859.29	4970.42
859.47	3549.13
859.65	5447.60
859.83	3938.24
860.01	4249.54
860.19	3481.55
860.37	4421.56
860.55	4784.06
860.73	3461.07
860.91	3848.13
861.09	5261.23
861.27	4593.59
861.45	5140.40
861.63	4005.83
861.81	4962.23
861.99	4188.10
862.17	4001.73
862.35	4120.51
862.53	4120.51
862.71	5328.81
862.89	4255.68
863.07	4108.23
863.25	4677.56
863.43	4767.67
863.61	5488.56
863.79	5093.30
863.97	5029.81
864.15	4652.98
864.33	4206.53
864.51	3596.23
864.69	3307.47
864.87	4855.73
865.05	4196.29
865.23	4659.13
865.41	3977.16
865.59	5685.16
865.77	4362.17
865.95	4513.72
866.13	3465.16
866.30	4511.68
866.48	3803.08
866.66	4431.80
866.84	4112.32
867.02	4161.47
867.20	4159.42
867.38	3755.97
867.56	4288.45
867.74	5572.52
867.92	4757.43
868.10	4136.90
868.28	3702.73
868.46	4642.75
868.64	5216.18
868.82	3731.40
869.00	4276.16
869.18	3522.51
869.36	6053.80
869.54	4603.83
869.72	4845.49
869.89	4450.24
870.07	4145.09
870.25	4265.92
870.43	4587.45
870.61	3430.35
870.79	4480.96
870.97	3428.30
871.15	4702.14
871.33	6305.70
871.51	4200.38
871.69	5353.39
871.87	4501.44
872.05	5353.39
872.22	4911.03
872.40	3188.69
872.58	4167.62
872.76	5222.32
872.94	4997.04
873.12	3686.34
873.30	2906.07
873.48	4767.67
873.66	4317.12
873.84	4476.86
874.01	4599.74
874.19	4177.86
874.37	4081.60
874.55	3885.00
874.73	4390.84
874.91	6127.52
875.09	4001.73
875.27	3352.52
875.45	4194.24
875.62	4689.85
875.80	4198.34
875.98	3692.49
876.16	4349.89
876.34	5386.16
876.52	3903.43
876.70	6029.22
876.88	3612.62
877.05	4831.16
877.23	4657.08
877.41	3932.10
877.59	6389.66
877.77	5169.07
877.95	3798.98
878.13	3499.98
878.30	3741.64
878.48	4761.53
878.66	4923.32
878.84	4734.90
879.02	3362.76
879.20	4790.20
879.37	4714.42
879.55	4493.24
879.73	5062.58
879.91	4274.11
880.09	4884.41
880.27	6223.78
880.45	4247.49
880.62	4304.83
880.80	4470.72
880.98	4210.62
881.16	4059.07
881.34	3968.96
881.51	3960.77
881.69	3856.33
881.87	4014.02
882.05	4362.17
882.23	3796.93
882.41	4140.99
882.58	4163.52
882.76	4505.53
882.94	4073.41
883.12	5267.38
883.30	4677.56
883.47	5117.87
883.65	4513.72
883.83	4720.57
884.01	3770.31
884.19	4259.78
884.36	4220.86
884.54	3284.94
884.72	4782.01
884.90	3729.35
885.08	5582.76
885.25	8320.90
885.43	4521.92
885.61	4415.42
885.79	4300.73
885.97	5703.59
886.14	5523.37
886.32	4249.54
886.50	5840.81
886.68	4546.49
886.85	3760.07
887.03	5525.42
887.21	4640.70
887.39	4356.03
887.56	5463.98
887.74	4050.88
887.92	4773.82
888.10	4366.27
888.27	4550.59
888.45	5128.11
888.63	5298.10
888.81	4255.68
888.99	3841.99
889.16	3893.19
889.34	3878.85
889.52	3502.03
889.69	4601.79
889.87	5255.09
890.05	4360.13
890.23	3807.17
890.40	3694.54
890.58	4368.32
890.76	4626.36
890.94	3917.76
891.11	3688.39
891.29	5318.57
891.47	3833.80
891.65	5242.80
891.82	5521.32
892.00	3637.19
892.18	4923.32
892.35	4554.68
892.53	4306.88
892.71	5431.21
892.89	5081.01
893.06	4956.08
893.24	4405.18
893.42	3538.89
893.59	4130.75
893.77	3430.35
893.95	4251.58
894.13	3450.83
894.30	5566.38
894.48	3626.95
894.66	6614.94
894.83	4030.40
895.01	4847.54
895.19	5607.34
895.36	3964.87
895.54	5793.70
895.72	4493.24
895.89	4091.84
896.07	3928.00
896.25	4835.25
896.43	4026.31
896.60	5312.43
896.78	4173.76
896.96	4726.71
897.13	4972.47
897.31	3596.23
897.49	4417.47
897.66	5386.16
897.84	4384.70
898.02	5257.14
898.19	4464.57
898.37	3766.21
898.55	4767.67
898.72	4759.48
898.90	5060.53
899.07	4757.43
899.25	5068.72
899.43	5418.93
899.60	6705.05
899.78	3747.78
899.96	3264.46
900.13	4001.73
900.31	4847.54
900.49	3841.99
900.66	6055.84
900.84	5160.88
901.02	5322.67
901.19	5068.72
901.37	3985.35
901.54	5121.97
901.72	3514.31
901.90	4480.96
902.07	4401.08
902.25	4448.19
902.43	4134.85
902.60	5633.96
902.78	3733.45
902.95	4548.54
903.13	4325.31
903.31	4177.86
903.48	4476.86
903.66	4407.23
903.83	4769.72
904.01	4593.59
904.19	4198.34
904.36	4571.07
904.54	3645.38
904.71	4839.35
904.89	4093.89
905.07	4437.95
905.24	4190.14
905.42	4530.11
905.59	5537.71
905.77	4757.43
905.95	4980.66
906.12	4120.51
906.30	4558.78
906.47	5257.14
906.65	5982.12
906.82	4894.65
907.00	5584.81
907.18	3585.99
907.35	3895.24
907.53	4700.09
907.70	4702.14
907.88	4214.72
908.05	9232.24
908.23	4874.17
908.41	5177.26
908.58	4270.01
908.76	3448.78
908.93	5529.52
909.11	5081.01
909.28	4120.51
909.46	4440.00
909.63	4771.77
909.81	5377.97
909.99	4620.22
910.16	3665.86
910.34	3813.32
910.51	5248.94
910.69	5025.72
910.86	3717.06
911.04	4394.94
911.21	3426.25
911.39	6215.59
911.56	3854.28
911.74	4493.24
911.91	4822.97
912.09	3934.15
912.26	3604.42
912.44	3284.94
912.62	4085.70
912.79	4081.60
912.97	4663.22
913.14	5885.86
913.32	5035.96
913.49	4050.88
913.67	4685.75
913.84	3178.45
914.02	4118.47
914.19	4177.86
914.37	4595.64
914.54	3973.06
914.72	3545.03
914.89	3667.91
915.07	5644.20
915.24	3831.75
915.42	3954.63
915.59	3749.83
915.77	5607.34
915.94	6061.99
916.12	6616.99
916.29	4280.25
916.46	4546.49
916.64	4005.83
916.81	5984.16
916.99	4820.92
917.16	3977.16
917.34	5715.88
917.51	5343.15
917.69	4003.78
917.86	3389.39
918.04	4005.83
918.21	6000.55
918.39	4691.90
918.56	4364.22
918.74	3575.75
918.91	5969.83
919.08	3448.78
919.26	5152.69
919.43	4403.13
919.61	4392.89
919.78	4079.55
919.96	5611.43
920.13	5554.09
920.31	4468.67
920.48	4485.05
920.65	4177.86
920.83	5738.41
921.00	4765.62
921.18	3854.28
921.35	4833.21
921.53	4396.99
921.70	3815.37
921.88	3987.40
922.05	4181.95
922.22	3583.95
922.40	4407.23
922.57	4337.60
922.75	3203.02
922.92	4378.56
923.09	4706.23
923.27	3905.48
923.44	5783.46
923.62	3852.23
923.79	5533.61
923.96	3950.53
924.14	3317.71
924.31	4849.59
924.49	4431.80
924.66	3868.61
924.83	4648.89
925.01	3807.17
925.18	6467.49
925.36	5380.01
925.53	3880.90
925.70	3841.99
925.88	3817.41
926.05	4937.65
926.23	4872.12
926.40	4605.88
926.57	4446.14
926.75	4431.80
926.92	3700.68
927.09	4831.16
927.27	3471.31
927.44	5294.00
927.62	4257.73
927.79	5369.77
927.96	3944.39
928.14	3358.67
928.31	4827.06
928.48	5824.42
928.66	4186.05
928.83	3459.02
929.00	3907.52
929.18	4065.22
929.35	4394.94
929.52	5205.94
929.70	4710.33
929.87	3932.10
930.05	3932.10
930.22	3848.13
930.39	4652.98
930.57	3592.14
930.74	5943.21
930.91	3766.21
931.09	5531.56
931.26	4976.56
931.43	5177.26
931.61	3016.66
931.78	4374.46
931.95	4454.33
932.12	5644.20
932.30	3694.54
932.47	5392.30
932.64	3665.86
932.82	3315.66
932.99	4263.87
933.16	4218.82
933.34	4151.23
933.51	4841.40
933.68	4120.51
933.86	4472.76
934.03	4165.57
934.20	3987.40
934.38	4923.32
934.55	3776.45
934.72	6000.55
934.89	5468.08
935.07	3653.58
935.24	4624.31
935.41	4364.22
935.59	4405.18
935.76	4048.83
935.93	4325.31
936.10	3995.59
936.28	4554.68
936.45	3987.40
936.62	4372.41
936.79	5420.97
936.97	4583.35
937.14	4116.42
937.31	4904.89
937.49	3866.56
937.66	5212.08
937.83	5427.12
938.00	5050.29
938.18	5724.07
938.35	5382.06
938.52	4186.05
938.69	4249.54
938.87	4636.60
939.04	4857.78
939.21	4243.39
939.38	4165.57
939.56	4214.72
939.73	3368.91
939.90	3971.01
940.07	3817.41
940.25	4335.55
940.42	4585.40
940.59	4507.58
940.76	4263.87
940.94	3919.81
941.11	4005.83
941.28	4349.89
941.45	4829.11
941.62	4474.81
941.80	3717.06
941.97	4804.53
942.14	3960.77
942.31	5711.78
942.48	3999.68
942.66	4413.37
942.83	5136.31
943.00	3256.27
943.17	5146.55
943.35	4847.54
943.52	4405.18
943.69	3502.03
943.86	4161.47
944.03	3446.73
944.21	6221.73
944.38	4091.84
944.55	4622.27
944.72	4390.84
944.89	3934.15
945.06	3897.28
945.24	3991.49
945.41	6573.98
945.58	5009.33
945.75	4997.04
945.92	4179.90
946.10	5683.11
946.27	3346.38
946.44	4505.53
946.61	3905.48
946.78	5150.64
946.95	3487.69
947.13	3309.52
947.30	4544.44
947.47	4145.09
947.64	4712.38
947.81	5435.31
947.98	4798.39
948.16	4722.62
948.33	3977.16
948.50	4143.04
948.67	4450.24
948.84	4968.37
949.01	3846.09
949.18	4536.25
949.36	5603.24
949.53	4093.89
949.70	4702.14
949.87	4939.70
950.04	4095.94
950.21	4472.76
950.38	3698.63
950.56	4196.29
950.73	4480.96
950.90	4388.80
951.07	4911.03
951.24	4739.00
951.41	4347.84
951.58	4134.85
951.75	4865.97
951.92	3629.00
952.10	4325.31
952.27	3459.02
952.44	4992.95
952.61	7597.96
952.78	4493.24
952.95	3467.21
953.12	5142.45
953.29	4648.89
953.46	4511.68
953.64	5044.15
953.81	3964.87
953.98	4513.72
954.15	4466.62
954.32	4245.44
954.49	3727.30
954.66	4650.94
954.83	4526.01
955.00	3839.94
955.17	4857.78
955.34	3958.72
955.51	4308.93
955.69	7432.08
955.86	4650.94
956.03	3745.73
956.20	4915.12
956.37	4829.11
956.54	3708.87
956.71	4526.01
956.88	4413.37
957.05	4345.79
957.22	3837.89
957.39	4898.74
957.56	4325.31
957.73	3790.79
957.90	3866.56
958.07	5517.23
958.24	4876.21
958.41	4143.04
958.59	4872.12
958.76	5052.34
958.93	5824.42
959.10	4063.17
959.27	3885.00
959.44	5283.76
959.61	3983.30
959.78	4460.48
959.95	4022.21
960.12	5373.87
960.29	5380.01
960.46	4046.79
960.63	3170.26
960.80	4194.24
960.97	4667.32
961.14	3604.42
961.31	4499.39
961.48	5529.52
961.65	5281.71
961.82	4687.80
961.99	4476.86
962.16	3768.26
962.33	4437.95
962.50	4575.16
962.67	3921.86
962.84	4816.82
963.01	3727.30
963.18	3645.38
963.35	3743.69
963.52	4980.66
963.69	4315.07
963.86	5578.67
964.03	5175.22
964.20	5904.29
964.37	5351.34
964.54	4947.89
964.71	4222.91
964.88	4368.32
965.05	4341.69
965.22	4110.27
965.39	4939.70
965.56	3676.10
965.73	4315.07
965.90	4906.93
966.07	4005.83
966.24	4083.65
966.41	4427.71
966.58	4108.23
966.74	5396.40
966.91	5838.76
967.08	6610.84
967.25	3657.67
967.42	3878.85
967.59	5873.57
967.76	4036.55
967.93	4579.26
968.10	3928.00
968.27	4505.53
968.44	4665.27
968.61	4257.73
968.78	3715.02
968.95	4147.14
969.12	4773.82
969.29	4804.53
969.46	3770.31
969.62	4939.70
969.79	3913.67
969.96	3280.85
970.13	3923.91
970.30	4978.61
970.47	4693.94
970.64	5183.41
970.81	4818.87
970.98	4235.20
971.15	4765.62
971.32	3561.42
971.49	5070.77
971.65	4849.59
971.82	4943.80
971.99	4485.05
972.16	4900.79
972.33	4104.13
972.50	3997.64
972.67	4679.61
972.84	4243.39
973.01	3882.95
973.17	5013.43
973.34	5038.00
973.51	5343.15
973.68	3968.96
973.85	4196.29
974.02	4159.42
974.19	4030.40
974.36	4767.67
974.53	5222.32
974.69	4667.32
974.86	4067.27
975.03	5230.51
975.20	4200.38
975.37	4906.93
975.54	4820.92
975.71	5197.74
975.87	4800.44
976.04	5359.53
976.21	4763.58
976.38	4495.29
976.55	4106.18
976.72	3815.37
976.89	5035.96
977.05	4646.84
977.22	5928.87
977.39	3618.76
977.56	5238.70
977.73	4626.36
977.90	3553.23
978.06	4526.01
978.23	4358.08
978.40	3962.82
978.57	5556.14
978.74	4675.51
978.91	5273.52
979.07	3938.24
979.24	5515.18
979.41	4487.10
979.58	4874.17
979.75	4874.17
979.91	3516.36
980.08	3291.09
980.25	4642.75
980.42	4818.87
980.59	4298.69
980.75	4030.40
980.92	4167.62
981.09	4419.52
981.26	5007.28
981.43	5414.83
981.59	4784.06
981.76	4495.29
981.93	4689.85
982.10	4100.03
982.27	4003.78
982.43	4091.84
982.60	3899.33
982.77	3852.23
982.94	4079.55
983.11	3774.41
983.27	3669.96
983.44	4265.92
983.61	4362.17
983.78	5937.06
983.94	5808.04
984.11	3973.06
984.28	4444.09
984.45	5412.78
984.61	3559.37
984.78	3919.81
984.95	3973.06
985.12	4478.91
985.28	5447.60
985.45	3665.86
985.62	3661.77
985.79	3997.64
985.95	4272.06
986.12	3387.34
986.29	4071.36
986.46	5218.22
986.62	5142.45
986.79	4392.89
986.96	3944.39
987.13	4798.39
987.29	5775.27
987.46	4181.95
987.63	4810.68
987.80	3674.06
987.96	6367.13
988.13	4194.24
988.30	3913.67
988.46	4050.88
988.63	5144.50
988.80	3141.58
988.97	3309.52
989.13	4319.17
989.30	4886.45
989.47	2994.13
989.63	2777.05
989.80	5197.74
989.97	4726.71
990.13	3350.48
990.30	5672.87
990.47	4235.20
990.64	4032.45
990.80	3053.52
990.97	3821.51
991.14	3723.21
991.30	4390.84
991.47	3567.56
991.64	3823.56
991.80	4175.81
991.97	4272.06
992.14	3203.02
992.30	6018.98
992.47	4042.69
992.64	4136.90
992.80	3708.87
992.97	3055.57
993.14	5986.21
993.30	8499.07
993.47	3405.77
993.64	3571.66
993.80	5203.89
993.97	3981.25
994.14	3999.68
994.30	5052.34
994.47	4675.51
994.64	4046.79
994.80	4538.30
994.97	3250.13
995.14	5267.38
995.30	4542.39
995.47	4208.58
995.63	4276.16
995.80	4681.66
995.97	6733.72
996.13	3585.99
996.30	3356.62
996.47	4210.62
996.63	6674.33
996.80	6025.12
996.97	4319.17
997.13	3952.58
997.30	5232.56
997.46	3661.77
997.63	4435.90
997.80	5103.54
997.96	4939.70
998.13	3645.38
998.29	3663.82
998.46	4243.39
998.63	3932.10
998.79	3203.02
998.96	4329.41
999.12	5609.39
999.29	4259.78
999.46	4057.03
999.62	5124.02
999.79	4532.15
999.95	4249.54
1000.12	3895.24
1000.29	3397.58
1000.45	4753.34
1000.62	4544.44
1000.78	4014.02
1000.95	3583.95
1001.11	4472.76
1001.28	4585.40
1001.45	3370.96
1001.61	4802.49
1001.78	4995.00
1001.94	4958.13
1002.11	4050.88
1002.27	4825.01
1002.44	5492.65
1002.61	4425.66
1002.77	3809.22
1002.94	3342.28
1003.10	4134.85
1003.27	5144.50
1003.43	3874.76
1003.60	4149.18
1003.76	3821.51
1003.93	4579.26
1004.10	4265.92
1004.26	4724.66
1004.43	4595.64
1004.59	6252.45
1004.76	3332.05
1004.92	3848.13
1005.09	6422.43
1005.25	4839.35
1005.42	3844.04
1005.58	5226.42
1005.75	4921.27
1005.91	4345.79
1006.08	5275.57
1006.24	3293.13
1006.41	3850.18
1006.57	4558.78
1006.74	3686.34
1006.90	3934.15
1007.07	4085.70
1007.23	6154.15
1007.40	3764.17
1007.56	3532.75
1007.73	4308.93
1007.89	4978.61
1008.06	5189.55
1008.22	4061.12
1008.39	4716.47
1008.55	3968.96
1008.72	4341.69
1008.88	3342.28
1009.05	4108.23
1009.21	5121.97
1009.38	3026.90
1009.54	3727.30
1009.71	5648.30
1009.87	5785.51
1010.04	2957.27
1010.20	4188.10
1010.37	3520.46
1010.53	5558.19
1010.70	4120.51
1010.86	3069.91
1011.03	3739.59
1011.19	3665.86
1011.35	4609.98
1011.52	4054.98
1011.68	4218.82
1011.85	4140.99
1012.01	4648.89
1012.18	4530.11
1012.34	3790.79
1012.51	4132.80
1012.67	4063.17
1012.83	4136.90
1013.00	4650.94
1013.16	3563.47
1013.33	3891.14
1013.49	5771.18
1013.66	4581.31
1013.82	6172.58
1013.99	4036.55
1014.15	4585.40
1014.31	5124.02
1014.48	5054.39
1014.64	4569.02
1014.81	4065.22
1014.97	3583.95
1015.13	4915.12
1015.30	4061.12
1015.46	4116.42
1015.63	3743.69
1015.79	3866.56
1015.95	3405.77
1016.12	3506.12
1016.28	4366.27
1016.45	3915.72
1016.61	4132.80
1016.77	3639.24
1016.94	4210.62
1017.10	4704.18
1017.27	4161.47
1017.43	3440.59
1017.59	4587.45
1017.76	5433.26
1017.92	3506.12
1018.09	3497.93
1018.25	5556.14
1018.41	5201.84
1018.58	4087.75
1018.74	3755.97
1018.90	4134.85
1019.07	4841.40
1019.23	3569.61
1019.40	3567.56
1019.56	4870.07
1019.72	3839.94
1019.89	4530.11
1020.05	6301.60
1020.21	5138.35
1020.38	4286.40
1020.54	3493.83
1020.70	4292.54
1020.87	4310.97
1021.03	4847.54
1021.19	3784.65
1021.36	2924.50
1021.52	4456.38
1021.68	6066.08
1021.85	6498.20
1022.01	4462.52
1022.17	4448.19
1022.34	4276.16
1022.50	3942.34
1022.66	4513.72
1022.83	5242.80
1022.99	4722.62
1023.15	3598.28
1023.32	5062.58
1023.48	4620.22
1023.64	4106.18
1023.81	3137.49
1023.97	4423.61
1024.13	4906.93
1024.30	3811.27
1024.46	4802.49
1024.62	4179.90
1024.79	4542.39
1024.95	5355.44
1025.11	3715.02
1025.27	4454.33
1025.44	3817.41
1025.60	4190.14
1025.76	4683.70
1025.93	3694.54
1026.09	4341.69
1026.25	4104.13
1026.41	4333.50
1026.58	3149.78
1026.74	4224.96
1026.90	5093.30
1027.07	4646.84
1027.23	3366.86
1027.39	4476.86
1027.55	5001.14
1027.72	3905.48
1027.88	4958.13
1028.04	4954.04
1028.20	4360.13
1028.37	2805.72
1028.53	4421.56
1028.69	3932.10
1028.85	4984.76
1029.02	4802.49
1029.18	3577.80
1029.34	3686.34
1029.50	4446.14
1029.67	4962.23
1029.83	3633.10
1029.99	4644.79
1030.15	4200.38
1030.32	3798.98
1030.48	4470.72
1030.64	4063.17
1030.80	5097.39
1030.97	4888.50
1031.13	3862.47
1031.29	4929.46
1031.45	5443.50
1031.61	3637.19
1031.78	3549.13
1031.94	5627.82
1032.10	4421.56
1032.26	4564.92
1032.42	4171.71
1032.59	5392.30
1032.75	4351.93
1032.91	3354.57
1033.07	3717.06
1033.24	3678.15
1033.40	6385.57
1033.56	4583.35
1033.72	3604.42
1033.88	4904.89
1034.04	6172.58
1034.21	4669.37
1034.37	4267.97
1034.53	4517.82
1034.69	4018.11
1034.85	3678.15
1035.02	3725.26
1035.18	3633.10
1035.34	4857.78
1035.50	3354.57
1035.66	4374.46
1035.82	4235.20
1035.99	4941.75
1036.15	4026.31
1036.31	5048.24
1036.47	4759.48
1036.63	7251.86
1036.79	5959.59
1036.96	4800.44
1037.12	5150.64
1037.28	3635.14
1037.44	2856.92
1037.60	3727.30
1037.76	4648.89
1037.92	3987.40
1038.09	2940.88
1038.25	5296.05
1038.41	4687.80
1038.57	5048.24
1038.73	4091.84
1038.89	3813.32
1039.05	5150.64
1039.22	4218.82
1039.38	3985.35
1039.54	5808.04
1039.70	5015.48
1039.86	5148.59
1040.02	3555.27
1040.18	3647.43
1040.34	4396.99
1040.51	4378.56
1040.67	7935.88
1040.83	5273.52
1040.99	5377.97
1041.15	5683.11
1041.31	3762.12
1041.47	4859.83
1041.63	4833.21
