345.74	1380.33
345.96	1380.33
346.17	1380.33
346.39	1443.82
346.60	1335.28
346.81	2416.60
347.03	2457.56
347.24	3002.32
347.46	3063.76
347.67	2568.15
347.89	2396.12
348.10	2949.08
348.32	2863.06
348.53	2449.37
348.75	2439.13
348.96	2793.43
349.18	3166.16
349.39	2478.04
349.61	2424.80
349.82	3088.34
350.04	2994.13
350.25	2441.18
350.47	2525.15
350.68	3028.95
350.90	3198.93
351.11	2246.62
351.32	2447.32
351.54	3127.25
351.75	3102.67
351.97	2408.41
352.18	2422.75
352.40	2723.80
352.61	3145.68
352.83	2533.34
353.04	2324.44
353.26	3022.80
353.47	2828.24
353.69	2449.37
353.90	2402.27
354.11	2693.08
354.33	3225.55
354.54	2148.32
354.76	2453.47
354.97	2770.90
355.19	3065.81
355.40	2320.35
355.62	2777.05
355.83	2940.88
356.04	2971.60
356.26	2338.78
356.47	2574.30
356.69	2668.50
356.90	3416.01
357.12	2498.52
357.33	2322.40
357.55	2897.88
357.76	2875.35
357.97	2283.49
358.19	2455.51
358.40	2783.19
358.62	3178.45
358.83	2334.68
359.05	2617.30
359.26	2707.41
359.47	2979.79
359.69	2537.43
359.90	2711.51
360.12	2750.42
360.33	2805.72
360.55	2310.11
360.76	2555.86
360.97	3096.53
361.19	3129.30
361.40	2357.21
361.62	2488.28
361.83	3096.53
362.04	3153.87
362.26	2428.89
362.47	2441.18
362.69	2840.53
362.90	2918.36
363.12	2357.21
363.33	2480.09
363.54	2922.45
363.76	3086.29
363.97	2432.99
364.19	2451.42
364.40	3176.40
364.61	2797.53
364.83	2150.37
365.04	2619.35
365.26	2809.81
365.47	3192.78
365.68	2398.17
365.90	2529.24
366.11	2947.03
366.33	3037.14
366.54	2392.03
366.75	2285.53
366.97	2758.61
367.18	2768.85
367.40	2588.63
367.61	2424.80
367.82	2922.45
368.04	3084.24
368.25	2527.19
368.46	2516.95
368.68	2877.40
368.89	3092.43
369.11	2441.18
369.32	2553.82
369.53	2973.65
369.75	2959.31
369.96	2678.74
370.18	2693.08
370.39	2856.92
370.60	2883.54
370.82	2338.78
371.03	2564.06
371.24	3164.11
371.46	2736.09
371.67	2564.06
371.88	2379.74
372.10	2686.94
372.31	2643.93
372.53	2199.52
372.74	2449.37
372.95	2727.89
373.17	2688.98
373.38	2627.54
373.59	2559.96
373.81	2904.02
374.02	3225.55
374.23	2338.78
374.45	2766.81
374.66	3006.42
374.88	2940.88
375.09	2363.36
375.30	2766.81
375.52	2832.34
375.73	3166.16
375.94	2342.88
376.16	2625.50
376.37	3045.33
376.58	3012.56
376.80	2557.91
377.01	2609.11
377.22	3303.37
377.44	3137.49
377.65	2594.78
377.86	2213.85
378.08	2955.22
378.29	2703.32
378.50	2523.10
378.72	2318.30
378.93	3289.04
379.14	2979.79
379.36	2906.07
379.57	2480.09
379.78	2600.92
380.00	2953.17
380.21	2293.72
380.42	2199.52
380.64	2637.78
380.85	2680.79
381.06	2557.91
381.28	2439.13
381.49	3268.56
381.70	2775.00
381.92	2351.07
382.13	2457.56
382.34	3418.06
382.56	3117.01
382.77	2355.16
382.98	2482.14
383.19	3030.99
383.41	2834.39
383.62	2498.52
383.83	2562.01
384.05	2951.12
384.26	2963.41
384.47	2451.42
384.69	2484.19
384.90	2797.53
385.11	3213.26
385.33	2428.89
385.54	2568.15
385.75	2682.84
385.96	3088.34
386.18	2916.31
386.39	2555.86
386.60	2807.77
386.82	3137.49
387.03	2555.86
387.24	2475.99
387.45	2777.05
387.67	2803.67
387.88	2559.96
388.09	2547.67
388.31	2699.22
388.52	2887.64
388.73	2875.35
388.94	2439.13
389.16	3184.59
389.37	2719.70
389.58	2578.39
389.80	2430.94
390.01	2742.23
390.22	3059.67
390.43	2691.03
390.65	2537.43
390.86	2805.72
391.07	2940.88
391.29	2568.15
391.50	2183.13
391.71	3170.26
391.92	3010.51
392.14	2564.06
392.35	2678.74
392.56	2742.23
392.77	3030.99
392.99	2543.58
393.20	2332.64
393.41	2809.81
393.62	2881.49
393.84	2410.46
394.05	2512.86
394.26	2924.50
394.47	3119.06
394.69	2711.51
394.90	2754.52
395.11	2899.92
395.32	2893.78
395.54	2373.60
395.75	2336.73
395.96	2721.75
396.17	3237.84
396.39	2850.77
396.60	2437.08
396.81	3020.75
397.02	2850.77
397.24	2635.74
397.45	2707.41
397.66	2783.19
397.87	3133.39
398.09	2547.67
398.30	2451.42
398.51	3065.81
398.72	2736.09
398.94	2478.04
399.15	2904.02
399.36	2971.60
399.57	3114.96
399.79	2547.67
400.00	2740.18
400.21	2641.88
400.42	2920.40
400.63	2490.33
400.85	2660.31
401.06	2867.16
401.27	2965.46
401.48	2953.17
401.70	2498.52
401.91	3170.26
402.12	2979.79
402.33	2672.60
402.54	2392.03
402.76	2914.26
402.97	3162.06
403.18	2459.61
403.39	2478.04
403.60	3088.34
403.82	2889.68
404.03	2138.08
404.24	2566.10
404.45	3078.10
404.66	3278.80
404.88	2303.96
405.09	2908.12
405.30	2967.51
405.51	2979.79
405.73	2475.99
405.94	2363.36
406.15	2846.68
406.36	2861.01
406.57	2568.15
406.78	2389.98
407.00	2803.67
407.21	3074.00
407.42	2344.92
407.63	2842.58
407.84	3092.43
408.06	2973.65
408.27	2377.69
408.48	2490.33
408.69	2869.20
408.90	2793.43
409.12	2387.93
409.33	2426.84
409.54	2654.17
409.75	2809.81
409.96	2498.52
410.17	2639.83
410.39	2781.14
410.60	3227.60
410.81	2588.63
411.02	2715.61
411.23	4384.70
411.44	2715.61
411.66	2480.09
411.87	2783.19
412.08	3237.84
412.29	2676.70
412.50	2406.36
412.71	2351.07
412.93	2777.05
413.14	2799.57
413.35	2498.52
413.56	2447.32
413.77	2891.73
413.98	2910.16
414.20	2383.84
414.41	2490.33
414.62	2889.68
414.83	2820.05
415.04	2398.17
415.25	2572.25
415.46	3121.10
415.68	2781.14
415.89	2316.25
416.10	2662.36
416.31	2645.98
416.52	2932.69
416.73	2455.51
416.94	2465.75
417.16	2926.55
417.37	2936.79
417.58	2668.50
417.79	2291.68
418.00	2871.25
418.21	2787.29
418.42	2672.60
418.64	2387.93
418.85	2596.82
419.06	2938.84
419.27	2318.30
419.48	2549.72
419.69	2916.31
419.90	2752.47
420.11	2461.66
420.33	2381.79
420.54	3174.35
420.75	3022.80
420.96	2299.87
421.17	2592.73
421.38	2840.53
421.59	2721.75
421.80	2318.30
422.02	2553.82
422.23	2834.39
422.44	3049.43
422.65	2385.88
422.86	2426.84
423.07	2787.29
423.28	2881.49
423.49	2269.15
423.70	2537.43
423.92	2641.88
424.13	3127.25
424.34	2377.69
424.55	2299.87
424.76	3026.90
424.97	3096.53
425.18	2408.41
425.39	2684.89
425.60	2670.55
425.81	2834.39
426.03	2570.20
426.24	2461.66
426.45	2715.61
426.66	3286.99
426.87	2437.08
427.08	2693.08
427.29	2947.03
427.50	2861.01
427.71	2387.93
427.92	2455.51
428.13	2629.59
428.34	2658.26
428.56	2734.04
428.77	2498.52
428.98	3182.54
429.19	2971.60
429.40	2643.93
429.61	2490.33
429.82	2953.17
430.03	2768.85
430.24	2574.30
430.45	2244.57
430.66	3094.48
430.87	2727.89
431.08	2537.43
431.30	2404.32
431.51	2858.96
431.72	3004.37
431.93	2643.93
432.14	2402.27
432.35	2891.73
432.56	3174.35
432.77	2457.56
432.98	2432.99
433.19	2875.35
433.40	2891.73
433.61	2338.78
433.82	2488.28
434.03	2697.17
434.24	2832.34
434.45	2871.25
434.66	2858.96
434.87	3018.71
435.09	2828.24
435.30	2588.63
435.51	2695.13
435.72	2912.21
435.93	2713.56
436.14	2566.10
436.35	2418.65
436.56	3026.90
436.77	2846.68
436.98	2432.99
437.19	2721.75
437.40	3211.22
437.61	2893.78
437.82	2549.72
438.03	2506.71
438.24	2822.10
438.45	2916.31
438.66	2344.92
438.87	2365.40
439.08	2703.32
439.29	2764.76
439.50	2652.12
439.71	2846.68
439.92	2600.92
440.13	2580.44
440.34	2447.32
440.55	2602.97
440.76	2717.65
440.97	2959.31
441.18	2725.85
441.39	2461.66
441.60	2760.66
441.81	2744.28
442.02	2613.21
442.23	2396.12
442.44	2891.73
442.65	2674.65
442.86	2605.02
443.07	2588.63
443.28	2807.77
443.49	2844.63
443.70	2770.90
443.91	2375.64
444.12	2621.40
444.33	2711.51
444.54	2695.13
444.75	2592.73
444.96	2998.23
445.17	2981.84
445.38	2752.47
445.59	2529.24
445.80	2809.81
446.01	2635.74
446.22	2883.54
446.43	2449.37
446.64	2545.63
446.85	2793.43
447.06	2555.86
447.27	2617.30
447.48	3020.75
447.69	2738.13
447.90	2703.32
448.11	2383.84
448.32	2783.19
448.53	2697.17
448.74	2678.74
448.95	2506.71
449.16	2691.03
449.37	2830.29
449.58	2490.33
449.79	2361.31
450.00	2504.67
450.21	2701.27
450.42	2578.39
450.63	2512.86
450.84	2627.54
451.05	2570.20
451.26	2609.11
451.47	2684.89
451.68	2856.92
451.89	2709.46
452.10	2506.71
452.30	2779.09
452.51	2645.98
452.72	2525.15
452.93	2547.67
453.14	2605.02
453.35	2580.44
453.56	2723.80
453.77	2559.96
453.98	2480.09
454.19	2891.73
454.40	2641.88
454.61	2525.15
454.82	2611.16
455.03	2430.94
455.24	2576.34
455.45	2607.06
455.66	2772.95
455.87	2725.85
456.07	2588.63
456.28	2486.23
456.49	2377.69
456.70	2785.24
456.91	2637.78
457.12	2396.12
457.33	2480.09
457.54	2781.14
457.75	2951.12
457.96	2764.76
458.17	2635.74
458.38	2564.06
458.59	2471.90
458.79	2406.36
459.00	2318.30
459.21	2645.98
459.42	2541.53
459.63	2326.49
459.84	2297.82
460.05	3303.37
460.26	2709.46
460.47	2580.44
460.68	2398.17
460.89	2791.38
461.09	2813.91
461.30	2602.97
461.51	2551.77
461.72	2897.88
461.93	2777.05
462.14	2555.86
462.35	2320.35
462.56	2805.72
462.77	2437.08
462.98	2670.55
463.18	2516.95
463.39	2736.09
463.60	2858.96
463.81	2545.63
464.02	2883.54
464.23	2717.65
464.44	3168.21
464.65	2559.96
464.86	2359.26
465.06	2375.64
465.27	2619.35
465.48	2340.83
465.69	2514.91
465.90	2809.81
466.11	2607.06
466.32	2426.84
466.53	2416.60
466.74	2768.85
466.94	2660.31
467.15	2553.82
467.36	2373.60
467.57	2783.19
467.78	2750.42
467.99	2648.02
468.20	2916.31
468.40	2648.02
468.61	2582.49
468.82	2471.90
469.03	2844.63
469.24	2832.34
469.45	2586.58
469.66	2611.16
469.86	2469.85
470.07	2824.15
470.28	2648.02
470.49	2379.74
470.70	2547.67
470.91	2535.39
471.12	2742.23
471.32	2521.05
471.53	2445.27
471.74	2723.80
471.95	2707.41
472.16	2449.37
472.37	2500.57
472.58	2791.38
472.78	2535.39
472.99	2562.01
473.20	2488.28
473.41	2684.89
473.62	2529.24
473.83	2942.93
474.03	2658.26
474.24	2740.18
474.45	2725.85
474.66	2441.18
474.87	2576.34
475.08	2576.34
475.28	2826.20
475.49	2809.81
475.70	2418.65
475.91	2752.47
476.12	2729.94
476.32	2451.42
476.53	2611.16
476.74	2811.86
476.95	2697.17
477.16	2473.95
477.37	2613.21
477.57	2742.23
477.78	2633.69
477.99	2486.23
478.20	2500.57
478.41	3012.56
478.61	2742.23
478.82	2752.47
479.03	2514.91
479.24	2807.77
479.45	2641.88
479.65	2529.24
479.86	2688.98
480.07	2797.53
480.28	2547.67
480.49	3456.97
480.69	2549.72
480.90	2748.37
481.11	2648.02
481.32	2295.77
481.53	2637.78
481.73	2881.49
481.94	2674.65
482.15	2484.19
482.36	2588.63
482.57	2721.75
482.77	2942.93
482.98	2740.18
483.19	2547.67
483.40	2525.15
483.60	2574.30
483.81	2631.64
484.02	2633.69
484.23	2650.07
484.44	2439.13
484.64	2566.10
484.85	2465.75
485.06	2770.90
485.27	2645.98
485.47	2666.46
485.68	2559.96
485.89	2715.61
486.10	2893.78
486.31	2820.05
486.51	2523.10
486.72	2695.13
486.93	2711.51
487.14	2516.95
487.34	2402.27
487.55	2607.06
487.76	2807.77
487.97	2684.89
488.17	2531.29
488.38	2699.22
488.59	2633.69
488.80	2815.96
489.00	2686.94
489.21	2830.29
489.42	2539.48
489.63	2740.18
489.83	2596.82
490.04	2691.03
490.25	2498.52
490.46	2555.86
490.66	2818.00
490.87	2635.74
491.08	2602.97
491.29	2482.14
491.49	2539.48
491.70	2672.60
491.91	2744.28
492.11	2658.26
492.32	2643.93
492.53	2381.79
492.74	2924.50
492.94	2912.21
493.15	2703.32
493.36	2666.46
493.57	2709.46
493.77	2600.92
493.98	2750.42
494.19	2987.99
494.39	2779.09
494.60	2365.40
494.81	2480.09
495.02	2885.59
495.22	2846.68
495.43	2398.17
495.64	2318.30
495.84	2457.56
496.05	3043.28
496.26	2666.46
496.47	2818.00
496.67	3018.71
496.88	2717.65
497.09	2596.82
497.29	2332.64
497.50	2482.14
497.71	2926.55
497.91	2306.01
498.12	2633.69
498.33	2699.22
498.54	2715.61
498.74	2578.39
498.95	2498.52
499.16	2809.81
499.36	2551.77
499.57	2412.51
499.78	2469.85
499.98	2637.78
500.19	2684.89
500.40	2471.90
500.60	2777.05
500.81	2740.18
501.02	2707.41
501.22	2996.18
501.43	2344.92
501.64	2695.13
501.85	2797.53
502.05	3104.72
502.26	2383.84
502.47	3041.23
502.67	2602.97
502.88	2617.30
503.09	2684.89
503.29	2480.09
503.50	2586.58
503.71	2842.58
503.91	2566.10
504.12	2609.11
504.33	2611.16
504.53	2623.45
504.74	2516.95
504.95	2863.06
505.15	2619.35
505.36	2834.39
505.56	2492.38
505.77	3041.23
505.98	2494.43
506.18	2822.10
506.39	2416.60
506.60	2521.05
506.80	2777.05
507.01	2555.86
507.22	2660.31
507.42	2869.20
507.63	2471.90
507.84	2725.85
508.04	2297.82
508.25	2932.69
508.45	3065.81
508.66	2652.12
508.87	2508.76
509.07	2711.51
509.28	2629.59
509.49	2490.33
509.69	2848.72
509.90	2719.70
510.11	2514.91
510.31	2506.71
510.52	2570.20
510.72	2658.26
510.93	2666.46
511.14	2506.71
511.34	2445.27
511.55	2508.76
511.76	3059.67
511.96	2908.12
512.17	2684.89
512.37	2772.95
512.58	2619.35
512.79	2514.91
512.99	2453.47
513.20	2719.70
513.40	2764.76
513.61	2727.89
513.82	2488.28
514.02	2519.00
514.23	2666.46
514.43	3061.71
514.64	2670.55
514.85	2772.95
515.05	2822.10
515.26	2645.98
515.46	2809.81
515.67	2879.44
515.88	2502.62
516.08	2951.12
516.29	2574.30
516.49	2664.41
516.70	2650.07
516.91	2691.03
517.11	2660.31
517.32	2693.08
517.52	2791.38
517.73	2463.71
517.93	2838.48
518.14	2807.77
518.35	2564.06
518.55	2373.60
518.76	2846.68
518.96	2897.88
519.17	2406.36
519.38	2668.50
519.58	2775.00
519.79	2727.89
519.99	2650.07
520.20	2602.97
520.40	2576.34
520.61	2725.85
520.82	3098.58
521.02	2895.83
521.23	2738.13
521.43	2861.01
521.64	2557.91
521.84	2596.82
522.05	2600.92
522.25	2426.84
522.46	2586.58
522.67	2600.92
522.87	2832.34
523.08	3016.66
523.28	2695.13
523.49	2981.84
523.69	2672.60
523.90	2752.47
524.10	2787.29
524.31	2586.58
524.51	2699.22
524.72	2848.72
524.93	2746.33
525.13	2545.63
525.34	2510.81
525.54	2713.56
525.75	2875.35
525.95	2349.02
526.16	2871.25
526.36	2834.39
526.57	2899.92
526.77	2252.77
526.98	3004.37
527.18	2637.78
527.39	2582.49
527.59	2881.49
527.80	2652.12
528.00	2824.15
528.21	2783.19
528.42	2693.08
528.62	2703.32
528.83	2695.13
529.03	3121.10
529.24	2832.34
529.44	2445.27
529.65	2830.29
529.85	2684.89
530.06	3045.33
530.26	2686.94
530.47	2885.59
530.67	2889.68
530.88	2461.66
531.08	2781.14
531.29	2598.87
531.49	2607.06
531.70	2645.98
531.90	2494.43
532.11	2709.46
532.31	2703.32
532.52	2678.74
532.72	2310.11
532.93	2785.24
533.13	2504.67
533.34	2570.20
533.54	2820.05
533.75	2537.43
533.95	2498.52
534.16	2594.78
534.36	2711.51
534.57	2752.47
534.77	2914.26
534.97	2809.81
535.18	2459.61
535.38	2641.88
535.59	2502.62
535.79	2680.79
536.00	2531.29
536.20	2590.68
536.41	2334.68
536.61	2693.08
536.82	2543.58
537.02	2580.44
537.23	2678.74
537.43	2803.67
537.64	2447.32
537.84	2797.53
538.05	2801.62
538.25	2795.48
538.45	2541.53
538.66	2791.38
538.86	2607.06
539.07	2557.91
539.27	2598.87
539.48	2623.45
539.68	2799.57
539.89	2580.44
540.09	3043.28
540.29	2801.62
540.50	2365.40
540.70	2760.66
540.91	2656.22
541.11	2875.35
541.32	2629.59
541.52	2660.31
541.73	2514.91
541.93	2549.72
542.13	2729.94
542.34	2523.10
542.54	2633.69
542.75	2766.81
542.95	3332.05
543.16	2678.74
543.36	2676.70
543.56	2684.89
543.77	2781.14
543.97	2826.20
544.18	2629.59
544.38	2828.24
544.59	2586.58
544.79	2529.24
544.99	2922.45
545.20	3059.67
545.40	2654.17
545.61	2635.74
545.81	2760.66
546.01	2940.88
546.22	2736.09
546.42	2650.07
546.63	2478.04
546.83	2791.38
547.04	2695.13
547.24	2684.89
547.44	2547.67
547.65	2738.13
547.85	2486.23
548.06	2453.47
548.26	2668.50
548.46	3125.20
548.67	2750.42
548.87	2707.41
549.08	2527.19
549.28	2572.25
549.48	2758.61
549.69	2858.96
549.89	2586.58
550.09	2965.46
550.30	3000.27
550.50	2357.21
550.71	2590.68
550.91	2697.17
551.11	2437.08
551.32	2944.98
551.52	2457.56
551.73	2828.24
551.93	2594.78
552.13	2799.57
552.34	2955.22
552.54	2519.00
552.74	2826.20
552.95	2572.25
553.15	2697.17
553.35	2785.24
553.56	2727.89
553.76	2940.88
553.97	2652.12
554.17	2815.96
554.37	2611.16
554.58	2820.05
554.78	2691.03
554.98	2775.00
555.19	2662.36
555.39	2621.40
555.59	2551.77
555.80	2727.89
556.00	2731.99
556.20	2752.47
556.41	2607.06
556.61	2635.74
556.82	2492.38
557.02	2752.47
557.22	2676.70
557.43	2502.62
557.63	2666.46
557.83	2650.07
558.04	2959.31
558.24	2645.98
558.44	2807.77
558.65	2535.39
558.85	2375.64
559.05	2684.89
559.26	2555.86
559.46	2478.04
559.66	2527.19
559.87	2596.82
560.07	2760.66
560.27	3024.85
560.48	3018.71
560.68	2752.47
560.88	2453.47
561.08	2815.96
561.29	2834.39
561.49	2590.68
561.69	2547.67
561.90	2967.51
562.10	2633.69
562.30	3104.72
562.51	2633.69
562.71	2666.46
562.91	3047.38
563.12	2543.58
563.32	2586.58
563.52	2830.29
563.72	2607.06
563.93	2645.98
564.13	2623.45
564.33	3063.76
564.54	2793.43
564.74	2598.87
564.94	2734.04
565.15	2590.68
565.35	2691.03
565.55	2985.94
565.75	2490.33
565.96	2691.03
566.16	2789.33
566.36	2637.78
566.57	2516.95
566.77	3110.86
566.97	2719.70
567.17	2922.45
567.38	2557.91
567.58	2840.53
567.78	2777.05
567.99	3125.20
568.19	2645.98
568.39	2793.43
568.59	2936.79
568.80	2850.77
569.00	2922.45
569.20	2793.43
569.40	2545.63
569.61	2944.98
569.81	2803.67
570.01	2709.46
570.21	2537.43
570.42	3143.63
570.62	2514.91
570.82	2475.99
571.02	2461.66
571.23	2613.21
571.43	2951.12
571.63	2562.01
571.84	2447.32
572.04	2473.95
572.24	2854.87
572.44	2777.05
572.64	2688.98
572.85	2678.74
573.05	2869.20
573.25	3076.05
573.45	2289.63
573.66	3184.59
573.86	2662.36
574.06	2803.67
574.26	2809.81
574.47	2705.37
574.67	2852.82
574.87	2457.56
575.07	2756.57
575.28	2785.24
575.48	2633.69
575.68	2830.29
575.88	2545.63
576.08	3014.61
576.29	2793.43
576.49	2818.00
576.69	2897.88
576.89	2682.84
577.10	2824.15
577.30	2969.55
577.50	2760.66
577.70	2535.39
577.90	2887.64
578.11	2881.49
578.31	2516.95
578.51	2850.77
578.71	2523.10
578.91	2861.01
579.12	2832.34
579.32	2875.35
579.52	4405.18
579.72	2678.74
579.92	2699.22
580.13	2850.77
580.33	3059.67
580.53	2756.57
580.73	2658.26
580.93	2809.81
581.14	2664.41
581.34	2801.62
581.54	2525.15
581.74	2768.85
581.94	2627.54
582.15	2965.46
582.35	2527.19
582.55	2832.34
582.75	3096.53
582.95	2809.81
583.15	2944.98
583.36	2893.78
583.56	2830.29
583.76	2650.07
583.96	2826.20
584.16	2818.00
584.37	2660.31
584.57	2867.16
584.77	2514.91
584.97	2684.89
585.17	2795.48
585.37	2807.77
585.57	2850.77
585.78	2510.81
585.98	2764.76
586.18	2742.23
586.38	2670.55
586.58	2498.52
586.78	2551.77
586.99	2654.17
587.19	2906.07
587.39	2723.80
587.59	2547.67
587.79	2609.11
587.99	2785.24
588.19	2783.19
588.40	2871.25
588.60	2549.72
588.80	3047.38
589.00	2533.34
589.20	2785.24
589.40	3039.19
589.60	2592.73
589.81	2662.36
590.01	2627.54
590.21	3135.44
590.41	2666.46
590.61	2783.19
590.81	2619.35
591.01	2955.22
591.22	2656.22
591.42	3106.77
591.62	2815.96
591.82	2818.00
592.02	2768.85
592.22	2768.85
592.42	3354.57
592.62	2801.62
592.82	2744.28
593.03	2883.54
593.23	2736.09
593.43	3028.95
593.63	2635.74
593.83	2711.51
594.03	2979.79
594.23	2904.02
594.43	2555.86
594.63	2740.18
594.84	2752.47
595.04	3049.43
595.24	2891.73
595.44	2617.30
595.64	2848.72
595.84	2873.30
596.04	2742.23
596.24	2703.32
596.44	2682.84
596.64	2648.02
596.84	2617.30
597.05	2828.24
597.25	2891.73
597.45	2865.11
597.65	2590.68
597.85	2734.04
598.05	2826.20
598.25	2531.29
598.45	2660.31
598.65	2748.37
598.85	2654.17
599.05	3045.33
599.25	2650.07
599.46	2398.17
599.66	2916.31
599.86	2674.65
600.06	2805.72
600.26	2719.70
600.46	2680.79
600.66	2981.84
600.86	2830.29
601.06	2660.31
601.26	2586.58
601.46	2938.84
601.66	2674.65
601.86	2551.77
602.06	2742.23
602.26	2621.40
602.46	2543.58
602.66	2678.74
602.87	2650.07
603.07	2858.96
603.27	2723.80
603.47	2641.88
603.67	3203.02
603.87	2963.41
604.07	2750.42
604.27	2789.33
604.47	2686.94
604.67	2512.86
604.87	2719.70
605.07	2756.57
605.27	2731.99
605.47	2629.59
605.67	2760.66
605.87	2797.53
606.07	3041.23
606.27	2648.02
606.47	2572.25
606.67	2494.43
606.87	2545.63
607.07	2815.96
607.27	2631.64
607.47	2815.96
607.67	2805.72
607.87	2656.22
608.07	2820.05
608.27	2826.20
608.47	2492.38
608.67	3039.19
608.87	2693.08
609.07	2973.65
609.27	2623.45
609.47	2955.22
609.67	2746.33
609.87	2926.55
610.07	2813.91
610.27	4853.69
610.47	2707.41
610.67	2858.96
610.87	2711.51
611.07	3129.30
611.27	2701.27
611.47	2815.96
611.67	2850.77
611.87	2670.55
612.07	2508.76
612.27	2824.15
612.47	2631.64
612.67	2752.47
612.87	2801.62
613.07	2543.58
613.27	2576.34
613.47	2848.72
613.67	2721.75
613.87	2789.33
614.07	2621.40
614.27	2678.74
614.47	2678.74
614.67	2781.14
614.87	2658.26
615.07	2648.02
615.27	2686.94
615.47	2695.13
615.67	2887.64
615.87	2486.23
616.07	2756.57
616.27	2736.09
616.47	2615.26
616.67	2645.98
616.87	2731.99
617.07	2543.58
617.27	2779.09
617.47	2744.28
617.66	2701.27
617.86	2738.13
618.06	2551.77
618.26	2580.44
618.46	2758.61
618.66	2961.36
618.86	2879.44
619.06	2777.05
619.26	2920.40
619.46	2645.98
619.66	2897.88
619.86	2828.24
620.06	2826.20
620.26	2932.69
620.46	3631.05
620.66	3252.17
620.85	2875.35
621.05	3108.82
621.25	2764.76
621.45	2645.98
621.65	2842.58
621.85	2772.95
622.05	2944.98
622.25	2650.07
622.45	2645.98
622.65	2738.13
622.85	2625.50
623.05	2805.72
623.25	2684.89
623.44	3086.29
623.64	2512.86
623.84	2734.04
624.04	2539.48
624.24	2830.29
624.44	2799.57
624.64	2734.04
624.84	2748.37
625.04	2660.31
625.24	2613.21
625.43	2727.89
625.63	2977.75
625.83	2734.04
626.03	2541.53
626.23	2723.80
626.43	2686.94
626.63	2602.97
626.83	2805.72
627.03	2803.67
627.22	2617.30
627.42	2756.57
627.62	2498.52
627.82	2629.59
628.02	2594.78
628.22	2629.59
628.42	2736.09
628.62	2461.66
628.82	2582.49
629.01	3235.79
629.21	2621.40
629.41	3069.91
629.61	2799.57
629.81	2762.71
630.01	2893.78
630.21	3063.76
630.40	2844.63
630.60	2813.91
630.80	2682.84
631.00	2916.31
631.20	2772.95
631.40	2734.04
631.60	2752.47
631.79	2584.54
631.99	2762.71
632.19	2772.95
632.39	2719.70
632.59	2891.73
632.79	2799.57
632.99	4442.04
633.18	2719.70
633.38	2828.24
633.58	2779.09
633.78	2684.89
633.98	2594.78
634.18	2686.94
634.37	3325.90
634.57	2797.53
634.77	3569.61
634.97	2688.98
635.17	2815.96
635.37	3131.34
635.56	2666.46
635.76	2928.60
635.96	2717.65
636.16	2764.76
636.36	2678.74
636.56	2553.82
636.75	2691.03
636.95	2846.68
637.15	2676.70
637.35	2691.03
637.55	2879.44
637.74	2826.20
637.94	2682.84
638.14	2799.57
638.34	2719.70
638.54	2396.12
638.73	2793.43
638.93	2842.58
639.13	2791.38
639.33	2828.24
639.53	2549.72
639.73	2555.86
639.92	2682.84
640.12	2639.83
640.32	2615.26
640.52	2824.15
640.71	2465.75
640.91	2717.65
641.11	2645.98
641.31	2625.50
641.51	2547.67
641.70	2850.77
641.90	2883.54
642.10	2764.76
642.30	2793.43
642.50	2756.57
642.69	2752.47
642.89	2592.73
643.09	2787.29
643.29	2805.72
643.48	2818.00
643.68	2727.89
643.88	2873.30
644.08	2414.56
644.28	2805.72
644.47	2928.60
644.67	2508.76
644.87	2582.49
645.07	2781.14
645.26	2623.45
645.46	2645.98
645.66	2742.23
645.86	2744.28
646.05	3022.80
646.25	2781.14
646.45	2861.01
646.65	2871.25
646.84	2844.63
647.04	2650.07
647.24	2715.61
647.44	2723.80
647.63	2693.08
647.83	2940.88
648.03	2858.96
648.23	2676.70
648.42	2822.10
648.62	2437.08
648.82	2494.43
649.02	2639.83
649.21	2813.91
649.41	2977.75
649.61	2955.22
649.80	2504.67
650.00	3145.68
650.20	2740.18
650.40	2662.36
650.59	2979.79
650.79	2719.70
650.99	3188.69
651.18	2668.50
651.38	2545.63
651.58	2764.76
651.78	2844.63
651.97	2805.72
652.17	2652.12
652.37	2891.73
652.56	2793.43
652.76	2846.68
652.96	2559.96
653.16	2881.49
653.35	2953.17
653.55	2865.11
653.75	2580.44
653.94	2961.36
654.14	2580.44
654.34	2754.52
654.54	2598.87
654.73	2973.65
654.93	2701.27
655.13	2897.88
655.32	2746.33
655.52	2809.81
655.72	2811.86
655.91	2588.63
656.11	2473.95
656.31	2891.73
656.50	2850.77
656.70	2736.09
656.90	2516.95
657.09	2887.64
657.29	2697.17
657.49	2639.83
657.68	2418.65
657.88	2832.34
658.08	2680.79
658.27	3061.71
658.47	2779.09
658.67	2836.44
658.86	2703.32
659.06	2740.18
659.26	2605.02
659.45	2627.54
659.65	2641.88
659.85	2717.65
660.04	2711.51
660.24	2607.06
660.44	2629.59
660.63	2713.56
660.83	2858.96
661.03	2928.60
661.22	2594.78
661.42	2838.48
661.62	2717.65
661.81	2906.07
662.01	2529.24
662.21	2475.99
662.40	2627.54
662.60	3084.24
662.79	2510.81
662.99	2916.31
663.19	2664.41
663.38	2856.92
663.58	2740.18
663.78	2879.44
663.97	2783.19
664.17	2865.11
664.36	2664.41
664.56	2891.73
664.76	2566.10
664.95	2818.00
665.15	2850.77
665.35	2777.05
665.54	2996.18
665.74	2906.07
665.93	3020.75
666.13	2736.09
666.33	2705.37
666.52	2750.42
666.72	2785.24
666.91	2592.73
667.11	2527.19
667.31	2768.85
667.50	2613.21
667.70	2944.98
667.89	2756.57
668.09	2934.74
668.29	2748.37
668.48	2736.09
668.68	3309.52
668.87	2695.13
669.07	2562.01
669.27	2881.49
669.46	2463.71
669.66	2627.54
669.85	2455.51
670.05	2848.72
670.25	2682.84
670.44	2545.63
670.64	2818.00
670.83	2908.12
671.03	2809.81
671.22	2787.29
671.42	2906.07
671.62	2490.33
671.81	2703.32
672.01	2865.11
672.20	2602.97
672.40	2807.77
672.59	3028.95
672.79	2899.92
672.99	2652.12
673.18	2887.64
673.38	2815.96
673.57	2973.65
673.77	2826.20
673.96	2611.16
674.16	2639.83
674.36	2973.65
674.55	2744.28
674.75	2877.40
674.94	2609.11
675.14	2957.27
675.33	2826.20
675.53	2856.92
675.72	2576.34
675.92	3133.39
676.11	2787.29
676.31	2627.54
676.50	2707.41
676.70	2932.69
676.90	2719.70
677.09	2815.96
677.29	2674.65
677.48	2768.85
677.68	2793.43
677.87	2559.96
678.07	2744.28
678.26	2887.64
678.46	2809.81
678.65	2701.27
678.85	2654.17
679.04	2883.54
679.24	2490.33
679.43	2701.27
679.63	2498.52
679.82	3203.02
680.02	3243.98
680.21	2752.47
680.41	2420.70
680.60	2949.08
680.80	3266.51
680.99	2842.58
681.19	2998.23
681.38	2940.88
681.58	2715.61
681.77	2979.79
681.97	2627.54
682.16	3020.75
682.36	2908.12
682.55	2777.05
682.75	2537.43
682.94	2934.74
683.14	2734.04
683.33	2455.51
683.53	2979.79
683.72	2912.21
683.92	2801.62
684.11	3092.43
684.31	2580.44
684.50	2668.50
684.70	2621.40
684.89	2568.15
685.09	2400.22
685.28	2635.74
685.48	2629.59
685.67	2660.31
685.87	2607.06
686.06	2873.30
686.26	2822.10
686.45	2678.74
686.64	2480.09
686.84	2648.02
687.03	2906.07
687.23	2711.51
687.42	2779.09
687.62	2686.94
687.81	2858.96
688.01	2826.20
688.20	2699.22
688.40	3086.29
688.59	2850.77
688.78	2834.39
688.98	2772.95
689.17	2971.60
689.37	2633.69
689.56	2697.17
689.76	2889.68
689.95	2987.99
690.15	2576.34
690.34	2985.94
690.53	2719.70
690.73	2680.79
690.92	2668.50
691.12	2670.55
691.31	2752.47
691.51	3018.71
691.70	2912.21
691.89	2627.54
692.09	2469.85
692.28	2883.54
692.48	2795.48
692.67	2963.41
692.87	2711.51
693.06	2715.61
693.25	2611.16
693.45	2629.59
693.64	2719.70
693.84	2985.94
694.03	2703.32
694.22	2684.89
694.42	2682.84
694.61	2693.08
694.81	4014.02
695.00	2797.53
695.19	2619.35
695.39	2955.22
695.58	2863.06
695.78	2660.31
695.97	2482.14
696.16	3153.87
696.36	2906.07
696.55	2811.86
696.75	2521.05
696.94	2613.21
697.13	3088.34
697.33	2666.46
697.52	2797.53
697.71	2813.91
697.91	2930.64
698.10	3160.02
698.30	2529.24
698.49	2983.89
698.68	2582.49
698.88	2627.54
699.07	2652.12
699.26	3375.05
699.46	2635.74
699.65	2928.60
699.85	2842.58
700.04	2699.22
700.23	2484.19
700.43	2748.37
700.62	2645.98
700.81	2865.11
701.01	2656.22
701.20	2711.51
701.39	2643.93
701.59	2787.29
701.78	2625.50
701.98	2607.06
702.17	2512.86
702.36	2832.34
702.56	2957.27
702.75	2637.78
702.94	2760.66
703.14	4186.05
703.33	2678.74
703.52	5867.43
703.72	2490.33
703.91	2858.96
704.10	2568.15
704.30	2551.77
704.49	2494.43
704.68	2725.85
704.88	3098.58
705.07	3047.38
705.26	2688.98
705.46	2635.74
705.65	2705.37
705.84	2482.14
706.03	2654.17
706.23	2672.60
706.42	2711.51
706.61	2662.36
706.81	2932.69
707.00	2959.31
707.19	2772.95
707.39	2889.68
707.58	2408.41
707.77	2662.36
707.97	3080.14
708.16	2748.37
708.35	2725.85
708.55	2695.13
708.74	2707.41
708.93	3086.29
709.12	2744.28
709.32	2865.11
709.51	3008.47
709.70	2861.01
709.90	2861.01
710.09	2717.65
710.28	2705.37
710.47	2598.87
710.67	2635.74
710.86	3121.10
711.05	2596.82
711.25	2594.78
711.44	2371.55
711.63	2770.90
711.82	2979.79
712.02	3268.56
712.21	2656.22
712.40	2818.00
712.59	3010.51
712.79	2936.79
712.98	2648.02
713.17	3119.06
713.37	2719.70
713.56	2564.06
713.75	2588.63
713.94	2875.35
714.14	2703.32
714.33	2871.25
714.52	2596.82
714.71	2754.52
714.91	2729.94
715.10	2906.07
715.29	2516.95
715.48	2680.79
715.68	2987.99
715.87	2731.99
716.06	2820.05
716.25	2805.72
716.45	2756.57
716.64	2711.51
716.83	2803.67
717.02	3143.63
717.21	2924.50
717.41	3157.97
717.60	3012.56
717.79	2547.67
717.98	2574.30
718.18	2748.37
718.37	2545.63
718.56	3209.17
718.75	3059.67
718.94	2742.23
719.14	2449.37
719.33	2885.59
719.52	2826.20
719.71	2650.07
719.91	2582.49
720.10	3145.68
720.29	2908.12
720.48	2584.54
720.67	2791.38
720.87	3203.02
721.06	2586.58
721.25	2975.70
721.44	2504.67
721.63	2963.41
721.83	3059.67
722.02	2498.52
722.21	2742.23
722.40	2748.37
722.59	2938.84
722.79	2818.00
722.98	2811.86
723.17	2592.73
723.36	2693.08
723.55	2559.96
723.74	2412.51
723.94	2912.21
724.13	2695.13
724.32	2594.78
724.51	2652.12
724.70	2799.57
724.90	2766.81
725.09	3004.37
725.28	2783.19
725.47	2764.76
725.66	2822.10
725.85	2662.36
726.05	2791.38
726.24	2777.05
726.43	2906.07
726.62	2906.07
726.81	2555.86
727.00	2674.65
727.20	2856.92
727.39	2865.11
727.58	2613.21
727.77	2631.64
727.96	2717.65
728.15	2949.08
728.34	2719.70
728.54	2789.33
728.73	2949.08
728.92	2637.78
729.11	2641.88
729.30	2717.65
729.49	2936.79
729.68	2910.16
729.88	2607.06
730.07	2432.99
730.26	2543.58
730.45	3053.52
730.64	3203.02
730.83	2543.58
731.02	2359.26
731.21	2936.79
731.41	2856.92
731.60	2346.97
731.79	2549.72
731.98	3043.28
732.17	3033.04
732.36	2365.40
732.55	2265.05
732.74	3139.54
732.93	2793.43
733.13	2533.34
733.32	2508.76
733.51	2875.35
733.70	3260.37
733.89	2600.92
734.08	2605.02
734.27	2734.04
734.46	3026.90
734.65	2414.56
734.85	2600.92
735.04	2713.56
735.23	3117.01
735.42	2553.82
735.61	2162.66
735.80	2869.20
735.99	3147.73
736.18	3164.11
736.37	2310.11
736.56	3033.04
736.75	2715.61
736.94	2529.24
737.14	2289.63
737.33	2801.62
737.52	2705.37
737.71	2664.41
737.90	2531.29
738.09	3067.86
738.28	2801.62
738.47	2695.13
738.66	2664.41
738.85	3082.19
739.04	2740.18
739.23	2674.65
739.42	2201.57
739.61	2852.82
739.80	2693.08
740.00	2435.03
740.19	2377.69
740.38	2740.18
740.57	2693.08
740.76	2346.97
740.95	2473.95
741.14	3133.39
741.33	3258.32
741.52	2521.05
741.71	2359.26
741.90	2949.08
742.09	3137.49
742.28	2367.45
742.47	2234.33
742.66	2734.04
742.85	2631.64
743.04	2367.45
743.23	2570.20
743.42	2871.25
743.61	2764.76
743.80	2344.92
743.99	2217.95
744.18	3086.29
744.37	2721.75
744.56	2519.00
744.75	2179.04
744.94	3076.05
745.13	2850.77
745.32	2072.54
745.51	2443.23
745.71	2873.30
745.90	2797.53
746.09	2512.86
746.28	2432.99
746.47	2897.88
746.66	3041.23
746.85	2545.63
747.04	2449.37
747.23	2807.77
747.42	3108.82
747.61	2215.90
747.80	2664.41
747.99	3030.99
748.18	2596.82
748.36	2183.13
748.55	2717.65
748.74	3088.34
748.93	3033.04
749.12	2410.46
749.31	2412.51
749.50	2729.94
749.69	2914.26
749.88	2351.07
750.07	2236.38
750.26	3231.69
750.45	2772.95
750.64	2097.12
750.83	2353.12
751.02	2809.81
751.21	2908.12
751.40	2512.86
751.59	2486.23
751.78	3127.25
751.97	2983.89
752.16	2709.46
752.35	2586.58
752.54	2981.84
752.73	2861.01
752.92	2432.99
753.11	2613.21
753.30	2711.51
753.49	2523.10
753.68	2498.52
753.87	2437.08
754.05	2959.31
754.24	2742.23
754.43	2691.03
754.62	2328.54
754.81	3424.20
755.00	2973.65
755.19	2432.99
755.38	2652.12
755.57	3000.27
755.76	3039.19
755.95	2654.17
756.14	2244.57
756.33	2942.93
756.52	2801.62
756.70	2490.33
756.89	2539.48
757.08	3094.48
757.27	2908.12
757.46	2457.56
757.65	2293.72
757.84	3051.47
758.03	2637.78
758.22	2398.17
758.41	2398.17
758.60	2688.98
758.79	2842.58
758.97	2637.78
759.16	2652.12
759.35	2897.88
759.54	2783.19
759.73	2344.92
759.92	2418.65
760.11	2752.47
760.30	2803.67
760.49	2385.88
760.67	2420.70
760.86	3010.51
761.05	3151.82
761.24	2430.94
761.43	2224.09
761.62	2940.88
761.81	2922.45
762.00	2441.18
762.19	2320.35
762.37	3153.87
762.56	3098.58
762.75	2207.71
762.94	2457.56
763.13	2635.74
763.32	2871.25
763.51	2334.68
763.70	2236.38
763.88	3153.87
764.07	2852.82
764.26	2375.64
764.45	2215.90
764.64	2965.46
764.83	3225.55
765.02	2437.08
765.20	2584.54
765.39	2990.03
765.58	3172.30
765.77	2641.88
765.96	2871.25
766.15	2940.88
766.33	2863.06
766.52	2609.11
766.71	2387.93
766.90	3192.78
767.09	2719.70
767.28	2170.85
767.46	2422.75
767.65	2697.17
767.84	2822.10
768.03	2437.08
768.22	2271.20
768.41	2590.68
768.59	2803.67
768.78	2338.78
768.97	2424.80
769.16	3137.49
769.35	2785.24
769.54	2439.13
769.72	2396.12
769.91	2942.93
770.10	3106.77
770.29	2324.44
770.48	2559.96
770.66	2873.30
770.85	2914.26
771.04	2498.52
771.23	2355.16
771.42	3119.06
771.60	3063.76
771.79	2469.85
771.98	2508.76
772.17	2998.23
772.36	3059.67
772.54	2267.10
772.73	2457.56
772.92	3037.14
773.11	2725.85
773.30	2439.13
773.48	2234.33
773.67	2867.16
773.86	2818.00
774.05	2258.91
774.23	2611.16
774.42	2977.75
774.61	3151.82
774.80	2387.93
774.99	2258.91
775.17	3010.51
775.36	2873.30
775.55	2400.22
775.74	2463.71
775.92	2932.69
776.11	2734.04
776.30	2650.07
776.49	2330.59
776.67	2799.57
776.86	2592.73
777.05	2338.78
777.24	2244.57
777.42	2922.45
777.61	2697.17
777.80	2547.67
777.99	2320.35
778.17	2740.18
778.36	2848.72
778.55	2281.44
778.74	2605.02
778.92	2807.77
779.11	3057.62
779.30	2422.75
779.49	2349.02
779.67	2856.92
779.86	2920.40
780.05	2220.00
780.24	2273.25
780.42	2873.30
780.61	2842.58
780.80	2410.46
780.98	2267.10
781.17	2791.38
781.36	2734.04
781.55	2559.96
781.73	2392.03
781.92	2971.60
782.11	2906.07
782.29	2346.97
782.48	2365.40
782.67	3217.36
782.86	2899.92
783.04	2389.98
783.23	2437.08
783.42	3004.37
783.60	2998.23
783.79	2334.68
783.98	2316.25
784.16	3076.05
784.35	2934.74
784.54	2459.61
784.73	2293.72
784.91	2885.59
785.10	2744.28
785.29	2383.84
785.47	2578.39
785.66	3008.47
785.85	2662.36
786.03	2357.21
786.22	2121.70
786.41	3121.10
786.59	2893.78
786.78	2326.49
786.97	2377.69
787.15	2955.22
787.34	2791.38
787.53	2377.69
787.71	2498.52
787.90	2944.98
788.09	2916.31
788.27	2611.16
788.46	2389.98
788.65	2924.50
788.83	2826.20
789.02	2269.15
789.21	2187.23
789.39	2645.98
789.58	3047.38
789.77	2273.25
789.95	2310.11
790.14	3190.74
790.33	2807.77
790.51	2136.03
790.70	2652.12
790.88	2813.91
791.07	2877.40
791.26	2879.44
791.44	2334.68
791.63	2803.67
791.82	2971.60
792.00	2308.06
792.19	2400.22
792.38	3170.26
792.56	2809.81
792.75	2519.00
792.93	2445.27
793.12	2981.84
793.31	2758.61
793.49	2662.36
793.68	2385.88
793.86	2752.47
794.05	3121.10
794.24	2457.56
794.42	2490.33
794.61	2924.50
794.80	2734.04
794.98	2777.05
795.17	2564.06
795.35	3157.97
795.54	2947.03
795.73	2527.19
795.91	3076.05
796.10	2930.64
796.28	3033.04
796.47	2299.87
796.66	2303.96
796.84	3323.85
797.03	2801.62
797.21	2168.80
797.40	2471.90
797.58	3061.71
797.77	2830.29
797.96	2678.74
798.14	2895.83
798.33	3194.83
798.51	2983.89
798.70	2232.29
798.88	2521.05
799.07	2846.68
799.26	2832.34
799.44	2484.19
799.63	2416.60
799.81	2727.89
800.00	2879.44
800.18	2754.52
800.37	2562.01
800.56	2672.60
800.74	2846.68
800.93	2432.99
801.11	2453.47
801.30	2869.20
801.48	2861.01
801.67	2555.86
801.85	2510.81
802.04	2953.17
802.22	2719.70
802.41	2465.75
802.60	2594.78
802.78	3041.23
802.97	2699.22
803.15	2516.95
803.34	2516.95
803.52	2895.83
803.71	2928.60
803.89	2217.95
804.08	2715.61
804.26	3055.57
804.45	2801.62
804.63	2555.86
804.82	2424.80
805.00	2963.41
805.19	3155.92
805.37	2375.64
805.56	2473.95
805.74	3219.41
805.93	2822.10
806.11	2691.03
806.30	2289.63
806.48	2697.17
806.67	2965.46
806.85	2564.06
807.04	2463.71
807.22	2703.32
807.41	2840.53
807.59	2779.09
807.78	2406.36
807.96	3233.74
808.15	2803.67
808.33	2662.36
808.52	2717.65
808.70	3096.53
808.89	3006.42
809.07	2992.08
809.26	2547.67
809.44	2846.68
809.63	2990.03
809.81	2846.68
810.00	2545.63
810.18	3006.42
810.37	2869.20
810.55	2643.93
810.74	2584.54
810.92	3211.22
811.11	3110.86
811.29	2252.77
811.48	2488.28
811.66	2703.32
811.84	2709.46
812.03	2613.21
812.21	2621.40
812.40	2813.91
812.58	2629.59
812.77	2752.47
812.95	2484.19
813.14	2813.91
813.32	2789.33
813.51	2555.86
813.69	2514.91
813.87	2658.26
814.06	2977.75
814.24	2570.20
814.43	2260.96
814.61	2912.21
814.80	2977.75
814.98	2314.20
815.16	2492.38
815.35	3100.62
815.53	3252.17
815.72	2471.90
815.90	2398.17
816.09	2793.43
816.27	2842.58
816.45	2674.65
816.64	2527.19
816.82	3174.35
817.01	2707.41
817.19	2424.80
817.37	2668.50
817.56	2998.23
817.74	2648.02
817.93	2731.99
818.11	2525.15
818.30	2879.44
818.48	2709.46
818.66	2533.34
818.85	2506.71
819.03	2789.33
819.21	2779.09
819.40	2555.86
819.58	2873.30
819.77	2885.59
819.95	2889.68
820.13	2801.62
820.32	2299.87
820.50	3078.10
820.69	3055.57
820.87	2494.43
821.05	2385.88
821.24	2879.44
821.42	2975.70
821.60	2437.08
821.79	2729.94
821.97	2891.73
822.16	3166.16
822.34	2414.56
822.52	2557.91
822.71	3215.31
822.89	2930.64
823.07	2707.41
823.26	2385.88
823.44	2832.34
823.62	2678.74
823.81	2643.93
823.99	2314.20
824.18	2973.65
824.36	2723.80
824.54	2721.75
824.73	2637.78
824.91	3223.50
825.09	2979.79
825.28	2756.57
825.46	2785.24
825.64	3178.45
825.83	2818.00
826.01	2641.88
826.19	2416.60
826.38	2805.72
826.56	2869.20
826.74	2502.62
826.93	2592.73
827.11	2867.16
827.29	2899.92
827.48	2564.06
827.66	2496.47
827.84	2914.26
828.03	2904.02
828.21	2381.79
828.39	2201.57
828.57	3110.86
828.76	2957.27
828.94	2443.23
829.12	2867.16
829.31	2918.36
829.49	2762.71
829.67	2441.18
829.86	2523.10
830.04	2795.48
830.22	2955.22
830.40	2365.40
830.59	2580.44
830.77	2990.03
830.95	2996.18
831.14	2756.57
831.32	2447.32
831.50	2861.01
831.69	2858.96
831.87	2770.90
832.05	2643.93
832.23	2840.53
832.42	3000.27
832.60	2443.23
832.78	2357.21
832.96	4018.11
833.15	2916.31
833.33	2519.00
833.51	2775.00
833.70	2912.21
833.88	2938.84
834.06	2660.31
834.24	2514.91
834.43	3176.40
834.61	2850.77
834.79	2621.40
834.97	2834.39
835.16	3014.61
835.34	2766.81
835.52	2721.75
835.70	2449.37
835.89	2908.12
836.07	3080.14
836.25	2738.13
836.43	2482.14
836.62	2850.77
836.80	3090.38
836.98	2453.47
837.16	2406.36
837.34	2828.24
837.53	3035.09
837.71	2488.28
837.89	2775.00
838.07	2910.16
838.26	3100.62
838.44	2652.12
838.62	3145.68
838.80	2940.88
838.99	3006.42
839.17	2379.74
839.35	2641.88
839.53	2897.88
839.71	3088.34
839.90	2373.60
840.08	2596.82
840.26	3080.14
840.44	2983.89
840.62	2826.20
840.81	2398.17
840.99	3317.71
841.17	2799.57
841.35	2633.69
841.53	2441.18
841.72	3129.30
841.90	2893.78
842.08	2439.13
842.26	2414.56
842.44	2949.08
842.63	3151.82
842.81	2897.88
842.99	2617.30
843.17	2953.17
843.35	2887.64
843.53	2846.68
843.72	2635.74
843.90	3020.75
844.08	2848.72
844.26	2547.67
844.44	2582.49
844.62	3117.01
844.81	3082.19
844.99	2887.64
845.17	2510.81
845.35	2967.51
845.53	2879.44
845.71	4310.97
845.90	2562.01
846.08	2871.25
846.26	2811.86
846.44	2349.02
846.62	2549.72
846.80	2813.91
846.98	2701.27
847.17	3463.12
847.35	2875.35
847.53	3071.95
847.71	2924.50
847.89	2883.54
848.07	2473.95
848.25	2744.28
848.44	2719.70
848.62	2666.46
848.80	2527.19
848.98	2668.50
849.16	2897.88
849.34	2856.92
849.52	2510.81
849.70	2920.40
849.89	3065.81
850.07	2656.22
850.25	2697.17
850.43	2906.07
850.61	3037.14
850.79	2420.70
850.97	2586.58
851.15	3067.86
851.33	2861.01
851.52	2447.32
851.70	2926.55
851.88	2985.94
852.06	2879.44
852.24	2525.15
852.42	2748.37
852.60	3157.97
852.78	3112.91
852.96	2545.63
853.14	2719.70
853.33	3184.59
853.51	2947.03
853.69	2791.38
853.87	2785.24
854.05	2871.25
854.23	2670.55
854.41	2545.63
854.59	2527.19
854.77	3080.14
854.95	2877.40
855.13	2510.81
855.31	2721.75
855.49	2858.96
855.68	2842.58
855.86	2523.10
856.04	2846.68
856.22	2613.21
856.40	2875.35
856.58	2473.95
856.76	2756.57
856.94	2791.38
857.12	2879.44
857.30	2373.60
857.48	2562.01
857.66	2895.83
857.84	3270.61
858.02	2680.79
858.20	2865.11
858.38	2815.96
858.56	2858.96
858.74	2349.02
858.92	2523.10
859.10	3006.42
859.29	3006.42
859.47	2369.50
859.65	2768.85
859.83	2914.26
860.01	2875.35
860.19	2475.99
860.37	2619.35
860.55	3065.81
860.73	2830.29
860.91	2492.38
861.09	2965.46
861.27	2875.35
861.45	3096.53
861.63	2447.32
861.81	2953.17
861.99	2865.11
862.17	2826.20
862.35	2412.51
862.53	2555.86
862.71	3192.78
862.89	2785.24
863.07	2463.71
863.25	2762.71
863.43	3086.29
863.61	3051.47
863.79	2889.68
863.97	2770.90
864.15	2951.12
864.33	2787.29
864.51	2643.93
864.69	2381.79
864.87	2985.94
865.05	2824.15
865.23	2590.68
865.41	2662.36
865.59	3051.47
865.77	2957.27
865.95	2635.74
866.13	2408.41
866.30	2889.68
866.48	2691.03
866.66	2711.51
866.84	2639.83
867.02	2891.73
867.20	2813.91
867.38	2484.19
867.56	2547.67
867.74	3135.44
867.92	2959.31
868.10	2674.65
868.28	2459.61
868.46	3018.71
868.64	3065.81
868.82	2555.86
869.00	2445.27
869.18	2775.00
869.36	3151.82
869.54	2961.36
869.72	2799.57
869.89	2979.79
870.07	2809.81
870.25	2613.21
870.43	2699.22
870.61	2695.13
870.79	2811.86
870.97	2531.29
871.15	2715.61
871.33	3373.00
871.51	2840.53
871.69	2750.42
871.87	2584.54
872.05	2955.22
872.22	3149.78
872.40	2484.19
872.58	2850.77
872.76	3094.48
872.94	2908.12
873.12	2670.55
873.30	2437.08
873.48	3043.28
873.66	2924.50
873.84	2658.26
874.01	2584.54
874.19	2789.33
874.37	2793.43
874.55	2457.56
874.73	2586.58
874.91	3125.20
875.09	2824.15
875.27	2392.03
875.45	2625.50
875.62	3069.91
875.80	2766.81
875.98	2529.24
876.16	2783.19
876.34	3065.81
876.52	2654.17
876.70	2965.46
876.88	2488.28
877.05	3082.19
877.23	3043.28
877.41	2645.98
877.59	3033.04
877.77	2944.98
877.95	2705.37
878.13	2463.71
878.30	2519.00
878.48	2904.02
878.66	2899.92
878.84	2760.66
879.02	2547.67
879.20	3004.37
879.37	3078.10
879.55	2699.22
879.73	2725.85
879.91	2990.03
880.09	2998.23
880.27	3065.81
880.45	2512.86
880.62	2897.88
880.80	2824.15
880.98	2613.21
881.16	2707.41
881.34	2801.62
881.51	2703.32
881.69	2676.70
881.87	2527.19
882.05	2916.31
882.23	2719.70
882.41	2465.75
882.58	2688.98
882.76	2908.12
882.94	2686.94
883.12	2818.00
883.30	2799.57
883.47	3030.99
883.65	2942.93
883.83	2664.41
884.01	2584.54
884.19	2879.44
884.36	2801.62
884.54	2400.22
884.72	2832.34
884.90	2795.48
885.08	3016.66
885.25	3448.78
885.43	2527.19
885.61	2777.05
885.79	2910.16
885.97	2871.25
886.14	2785.24
886.32	2871.25
886.50	3168.21
886.68	2611.16
886.85	2578.39
887.03	3043.28
887.21	3043.28
887.39	2731.99
887.56	2918.36
887.74	2818.00
887.92	2789.33
888.10	2807.77
888.27	2699.22
888.45	3137.49
888.63	3051.47
888.81	2635.74
888.99	2617.30
889.16	2834.39
889.34	2826.20
889.52	2377.69
889.69	2615.26
889.87	3145.68
890.05	2879.44
890.23	2777.05
890.40	2529.24
890.58	2904.02
890.76	2912.21
890.94	2645.98
891.11	2648.02
891.29	2895.83
891.47	2760.66
891.65	2858.96
891.82	2881.49
892.00	2678.74
892.18	3006.42
892.35	2609.11
892.53	2607.06
892.71	3192.78
892.89	3049.43
893.06	2699.22
893.24	2668.50
893.42	2584.54
893.59	2922.45
893.77	2516.95
893.95	2600.92
894.13	2553.82
894.30	3086.29
894.48	2686.94
894.66	3178.45
894.83	2785.24
895.01	2971.60
895.19	2834.39
895.36	2688.98
895.54	3039.19
895.72	2969.55
895.89	2549.72
896.07	2652.12
896.25	3094.48
896.43	2848.72
896.60	2861.01
896.78	2734.04
896.96	3125.20
897.13	2996.18
897.31	2564.06
897.49	2764.76
897.66	3203.02
897.84	2889.68
898.02	2904.02
898.19	2793.43
898.37	2881.49
898.55	3030.99
898.72	2799.57
898.90	2795.48
899.07	2936.79
899.25	2949.08
899.43	2793.43
899.60	3174.35
899.78	2768.85
899.96	2695.13
900.13	2525.15
900.31	2785.24
900.49	2852.82
900.66	3219.41
900.84	2932.69
901.02	2871.25
901.19	3035.09
901.37	2840.53
901.54	2736.09
901.72	2529.24
901.90	2867.16
902.07	2985.94
902.25	2637.78
902.43	2602.97
902.60	3243.98
902.78	2738.13
902.95	2758.61
903.13	2572.25
903.31	2783.19
903.48	2920.40
903.66	2752.47
903.83	2826.20
904.01	2990.03
904.19	2809.81
904.36	2658.26
904.54	2467.80
904.71	3008.47
904.89	2697.17
905.07	2686.94
905.24	2627.54
905.42	2977.75
905.59	3028.95
905.77	2811.86
905.95	2789.33
906.12	2752.47
906.30	2953.17
906.47	2922.45
906.65	3061.71
906.82	3039.19
907.00	3141.58
907.18	2488.28
907.35	2521.05
907.53	2981.84
907.70	3022.80
907.88	2637.78
908.05	3624.90
908.23	3014.61
908.41	2957.27
908.58	2752.47
908.76	2344.92
908.93	3045.33
909.11	2928.60
909.28	2607.06
909.46	2635.74
909.63	3065.81
909.81	2987.99
909.99	2787.29
910.16	2564.06
910.34	2758.61
910.51	2924.50
910.69	2797.53
910.86	2473.95
911.04	2998.23
911.21	2566.10
911.39	3127.25
911.56	2494.43
911.74	2822.10
911.91	2944.98
912.09	2672.60
912.26	2559.96
912.44	2678.74
912.62	2676.70
912.79	2617.30
912.97	2799.57
913.14	3123.15
913.32	2957.27
913.49	2699.22
913.67	2707.41
913.84	2600.92
914.02	2793.43
914.19	2658.26
914.37	2824.15
914.54	2785.24
914.72	2621.40
914.89	2623.45
915.07	2834.39
915.24	2828.24
915.42	2856.92
915.59	2619.35
915.77	2867.16
915.94	3235.79
916.12	3198.93
916.29	2684.89
916.46	2715.61
916.64	2940.88
916.81	3135.44
916.99	2768.85
917.16	2660.31
917.34	3131.34
917.51	2977.75
917.69	2637.78
917.86	2531.29
918.04	2893.78
918.21	3123.15
918.39	2856.92
918.56	2768.85
918.74	2645.98
918.91	3262.41
919.08	2498.52
919.26	2932.69
919.43	2953.17
919.61	2883.54
919.78	2639.83
919.96	3030.99
920.13	3102.67
920.31	2877.40
920.48	2856.92
920.65	2670.55
920.83	3037.14
921.00	2938.84
921.18	2719.70
921.35	2801.62
921.53	2832.34
921.70	2744.28
921.88	2592.73
922.05	2572.25
922.22	2781.14
922.40	2856.92
922.57	2580.44
922.75	2308.06
922.92	2871.25
923.09	2944.98
923.27	2654.17
923.44	2998.23
923.62	2793.43
923.79	3133.39
923.96	2648.02
924.14	2521.05
924.31	3067.86
924.49	2858.96
924.66	2674.65
924.83	2797.53
925.01	2947.03
925.18	3200.98
925.36	2797.53
925.53	2467.80
925.70	2824.15
925.88	2652.12
926.05	2863.06
926.23	2781.14
926.40	2994.13
926.57	2912.21
926.75	2762.71
926.92	2475.99
927.09	2977.75
927.27	2686.94
927.44	2744.28
927.62	2584.54
927.79	3055.57
927.96	2736.09
928.14	2482.14
928.31	2791.38
928.48	3248.08
928.66	2875.35
928.83	2545.63
929.00	2770.90
929.18	2754.52
929.35	2846.68
929.52	2916.31
929.70	2562.01
929.87	2748.37
930.05	2772.95
930.22	2736.09
930.39	2707.41
930.57	2738.13
930.74	3082.19
930.91	2527.19
931.09	2955.22
931.26	2842.58
931.43	2975.70
931.61	2441.18
931.78	2688.98
931.95	2906.07
932.12	3196.88
932.30	2621.40
932.47	2830.29
932.64	2678.74
932.82	2686.94
932.99	2652.12
933.16	2598.87
933.34	2746.33
933.51	2932.69
933.68	2533.34
933.86	2910.16
934.03	2867.16
934.20	2818.00
934.38	2922.45
934.55	2512.86
934.72	3311.57
934.89	2996.18
935.07	2703.32
935.24	2756.57
935.41	2891.73
935.59	2824.15
935.76	2596.82
935.93	2719.70
936.10	2856.92
936.28	2875.35
936.45	2693.08
936.62	2658.26
936.79	3088.34
936.97	2723.80
937.14	2693.08
937.31	2674.65
937.49	2680.79
937.66	2881.49
937.83	2975.70
938.00	2908.12
938.18	3086.29
938.35	3002.32
938.52	2664.41
938.69	2742.23
938.87	2928.60
939.04	2875.35
939.21	2676.70
939.38	2682.84
939.56	2815.96
939.73	2531.29
939.90	2777.05
940.07	2686.94
940.25	2856.92
940.42	2858.96
940.59	2840.53
940.76	2615.26
940.94	2777.05
941.11	2766.81
941.28	2670.55
941.45	2867.16
941.62	2928.60
941.80	2736.09
941.97	2715.61
942.14	2572.25
942.31	3143.63
942.48	2727.89
942.66	2715.61
942.83	2731.99
943.00	2525.15
943.17	3104.72
943.35	2891.73
943.52	2746.33
943.69	2594.78
943.86	2688.98
944.03	2473.95
944.21	2998.23
944.38	2867.16
944.55	2801.62
944.72	2701.27
944.89	2584.54
945.06	2793.43
945.24	2729.94
945.41	3147.73
945.58	2711.51
945.75	2869.20
945.92	2754.52
946.10	2971.60
946.27	2521.05
946.44	2725.85
946.61	2754.52
946.78	3022.80
946.95	2547.67
947.13	2750.42
947.30	2777.05
947.47	2643.93
947.64	2781.14
947.81	2955.22
947.98	2713.56
948.16	2711.51
948.33	2742.23
948.50	2705.37
948.67	2725.85
948.84	2897.88
949.01	2676.70
949.18	2791.38
949.36	3022.80
949.53	2768.85
949.70	2740.18
949.87	2908.12
950.04	2660.31
950.21	2809.81
950.38	2678.74
950.56	2842.58
950.73	2901.97
950.90	2666.46
951.07	2799.57
951.24	2936.79
951.41	2789.33
951.58	2711.51
951.75	2856.92
951.92	2725.85
952.10	2818.00
952.27	2496.47
952.44	2822.10
952.61	3358.67
952.78	2809.81
952.95	2576.34
953.12	2871.25
953.29	2891.73
953.46	2650.07
953.64	2910.16
953.81	2566.10
953.98	2957.27
954.15	2637.78
954.32	2740.18
954.49	2525.15
954.66	2815.96
954.83	2742.23
955.00	2639.83
955.17	2709.46
955.34	2674.65
955.51	2650.07
955.69	3264.46
955.86	2723.80
956.03	2844.63
956.20	2867.16
956.37	2770.90
956.54	2590.68
956.71	2818.00
956.88	2676.70
957.05	2695.13
957.22	2670.55
957.39	2957.27
957.56	2543.58
957.73	2566.10
957.90	2539.48
958.07	3063.76
958.24	2940.88
958.41	2555.86
958.59	2789.33
958.76	2955.22
958.93	3002.32
959.10	2725.85
959.27	2578.39
959.44	3057.62
959.61	2711.51
959.78	2785.24
959.95	2680.79
960.12	2985.94
960.29	2779.09
960.46	2531.29
960.63	2404.32
960.80	2861.01
960.97	2932.69
961.14	2549.72
961.31	2748.37
961.48	3071.95
961.65	2887.64
961.82	2740.18
961.99	2768.85
962.16	2764.76
962.33	2938.84
962.50	2826.20
962.67	2607.06
962.84	2891.73
963.01	2762.71
963.18	2566.10
963.35	2559.96
963.52	2953.17
963.69	2897.88
963.86	2953.17
964.03	2754.52
964.20	3231.69
964.37	2957.27
964.54	2887.64
964.71	2682.84
964.88	2867.16
965.05	2873.30
965.22	2758.61
965.39	2723.80
965.56	2807.77
965.73	2656.22
965.90	2852.82
966.07	2508.76
966.24	2867.16
966.41	2764.76
966.58	2766.81
966.74	2924.50
966.91	3200.98
967.08	3069.91
967.25	2529.24
967.42	2666.46
967.59	2916.31
967.76	2680.79
967.93	2756.57
968.10	2758.61
968.27	2850.77
968.44	2854.87
968.61	2760.66
968.78	2494.43
968.95	2850.77
969.12	2734.04
969.29	2756.57
969.46	2498.52
969.62	3188.69
969.79	2768.85
969.96	2547.67
970.13	2490.33
970.30	2928.60
970.47	2887.64
970.64	2897.88
970.81	2750.42
970.98	2920.40
971.15	2873.30
971.32	2406.36
971.49	2947.03
971.65	3084.24
971.82	2932.69
971.99	2838.48
972.16	2897.88
972.33	2797.53
972.50	2824.15
972.67	2727.89
972.84	2727.89
973.01	2719.70
973.17	2924.50
973.34	2766.81
973.51	2807.77
973.68	2799.57
973.85	2717.65
974.02	2768.85
974.19	2580.44
974.36	2951.12
974.53	2971.60
974.69	2863.06
974.86	2631.64
975.03	3121.10
975.20	2740.18
975.37	2777.05
975.54	2813.91
975.71	2961.36
975.87	2813.91
976.04	2840.53
976.21	2670.55
976.38	2869.20
976.55	2789.33
976.72	2639.83
976.89	2926.55
977.05	2985.94
977.22	3090.38
977.39	2504.67
977.56	2783.19
977.73	2801.62
977.90	2672.60
978.06	2705.37
978.23	2777.05
978.40	2807.77
978.57	2981.84
978.74	2936.79
978.91	2854.87
979.07	2748.37
979.24	2910.16
979.41	2605.02
979.58	2652.12
979.75	3160.02
979.91	2617.30
980.08	2410.46
980.25	2760.66
980.42	2957.27
980.59	2824.15
980.75	2637.78
980.92	2691.03
981.09	2815.96
981.26	2957.27
981.43	2883.54
981.59	2822.10
981.76	2738.13
981.93	2645.98
982.10	2627.54
982.27	2625.50
982.43	2916.31
982.60	2760.66
982.77	2592.73
982.94	2656.22
983.11	2701.27
983.27	2578.39
983.44	2736.09
983.61	2756.57
983.78	3114.96
983.94	2994.13
984.11	2629.59
984.28	2762.71
984.45	3041.23
984.61	2582.49
984.78	2576.34
984.95	2625.50
985.12	2826.20
985.28	3039.19
985.45	2645.98
985.62	2680.79
985.79	2789.33
985.95	2652.12
986.12	2551.77
986.29	2674.65
986.46	3078.10
986.62	3129.30
986.79	2693.08
986.96	2572.25
987.13	2926.55
987.29	3012.56
987.46	2795.48
987.63	2625.50
987.80	2562.01
987.96	3241.93
988.13	2666.46
988.30	2693.08
988.46	2789.33
988.63	2994.13
988.80	2113.50
988.97	2107.36
989.13	2955.22
989.30	3092.43
989.47	2105.31
989.63	2090.98
989.80	3164.11
989.97	2908.12
990.13	2377.69
990.30	2740.18
990.47	2777.05
990.64	2727.89
990.80	2111.46
990.97	2277.34
991.14	2752.47
991.30	2879.44
991.47	2181.09
991.64	2293.72
991.80	2881.49
991.97	2861.01
992.14	2127.84
992.30	2668.50
992.47	2701.27
992.64	2932.69
992.80	2117.60
992.97	2236.38
993.14	3153.87
993.30	3692.49
993.47	2217.95
993.64	2310.11
993.80	3071.95
993.97	2934.74
994.14	2322.40
994.30	2588.63
994.47	2971.60
994.64	2779.09
994.80	2457.56
994.97	2400.22
995.14	3022.80
995.30	2953.17
995.47	2328.54
995.63	2365.40
995.80	2908.12
995.97	3233.74
996.13	2275.29
996.30	2310.11
996.47	2854.87
996.63	3375.05
996.80	2719.70
996.97	2422.75
997.13	3033.04
997.30	3092.43
997.46	2213.85
997.63	2451.42
997.80	3051.47
997.96	2955.22
998.13	2297.82
998.29	2297.82
998.46	2883.54
998.63	2715.61
998.79	2144.22
998.96	2447.32
999.12	3030.99
999.29	2736.09
999.46	2400.22
999.62	2539.48
999.79	3069.91
999.95	2963.41
1000.12	2242.53
1000.29	2326.49
1000.45	2883.54
1000.62	2987.99
1000.78	2301.92
1000.95	2308.06
1001.11	2914.26
1001.28	3018.71
1001.45	2185.18
1001.61	2613.21
1001.78	2965.46
1001.94	3094.48
1002.11	2381.79
1002.27	2480.09
1002.44	3112.91
1002.61	2920.40
1002.77	2287.58
1002.94	2189.28
1003.10	2973.65
1003.27	2895.83
1003.43	2340.83
1003.60	2359.26
1003.76	2854.87
1003.93	2889.68
1004.10	2467.80
1004.26	2516.95
1004.43	3086.29
1004.59	3190.74
1004.76	2316.25
1004.92	2410.46
1005.09	3243.98
1005.25	3123.15
1005.42	2236.38
1005.58	2578.39
1005.75	3084.24
1005.91	2973.65
1006.08	2559.96
1006.24	2244.57
1006.41	2891.73
1006.57	2885.59
1006.74	2193.37
1006.90	2389.98
1007.07	2897.88
1007.23	3248.08
1007.40	2389.98
1007.56	2234.33
1007.73	2715.61
1007.89	3037.14
1008.06	2512.86
1008.22	2475.99
1008.39	2959.31
1008.55	2811.86
1008.72	2441.18
1008.88	2220.00
1009.05	2744.28
1009.21	3055.57
1009.38	2111.46
1009.54	2299.87
1009.71	3233.74
1009.87	3223.50
1010.04	2082.78
1010.20	2580.44
1010.37	2658.26
1010.53	3137.49
1010.70	2453.47
1010.86	2205.66
1011.03	2723.80
1011.19	2822.10
1011.35	2392.03
1011.52	2316.25
1011.68	2875.35
1011.85	2854.87
1012.01	2562.01
1012.18	2478.04
1012.34	2760.66
1012.51	2916.31
1012.67	2312.16
1012.83	2424.80
1013.00	3059.67
1013.16	2803.67
1013.33	2291.68
1013.49	2764.76
1013.66	2963.41
1013.82	3280.85
1013.99	2424.80
1014.15	2447.32
1014.31	2998.23
1014.48	2947.03
1014.64	2506.71
1014.81	2461.66
1014.97	2850.77
1015.13	3108.82
1015.30	2355.16
1015.46	2488.28
1015.63	2785.24
1015.79	2807.77
1015.95	2176.99
1016.12	2334.68
1016.28	2799.57
1016.45	2901.97
1016.61	2369.50
1016.77	2465.75
1016.94	2807.77
1017.10	2957.27
1017.27	2342.88
1017.43	2226.14
1017.59	2838.48
1017.76	3008.47
1017.92	2281.44
1018.09	2187.23
1018.25	3157.97
1018.41	2973.65
1018.58	2457.56
1018.74	2482.14
1018.90	2883.54
1019.07	2983.89
1019.23	2224.09
1019.40	2367.45
1019.56	2973.65
1019.72	2725.85
1019.89	2521.05
1020.05	2736.09
1020.21	3035.09
1020.38	2916.31
1020.54	2156.51
1020.70	2389.98
1020.87	2953.17
1021.03	2961.36
1021.19	2277.34
1021.36	2125.79
1021.52	3102.67
1021.68	3213.26
1021.85	2842.58
1022.01	2412.51
1022.17	2895.83
1022.34	2879.44
1022.50	2220.00
1022.66	2412.51
1022.83	3117.01
1022.99	2967.51
1023.15	2215.90
1023.32	2576.34
1023.48	2856.92
1023.64	2899.92
1023.81	2162.66
1023.97	2529.24
1024.13	2781.14
1024.30	2906.07
1024.46	2471.90
1024.62	2422.75
1024.79	2979.79
1024.95	3033.04
1025.11	2142.18
1025.27	2377.69
1025.44	2795.48
1025.60	2809.81
1025.76	2359.26
1025.93	2295.77
1026.09	2885.59
1026.25	2914.26
1026.41	2387.93
1026.58	2250.72
1026.74	2701.27
1026.90	3145.68
1027.07	2443.23
1027.23	2195.42
1027.39	2813.91
1027.55	3145.68
1027.72	2445.27
1027.88	2490.33
1028.04	2830.29
1028.20	3112.91
1028.37	2123.74
1028.53	2389.98
1028.69	2654.17
1028.85	2996.18
1029.02	2490.33
1029.18	2269.15
1029.34	2748.37
1029.50	3059.67
1029.67	2602.97
1029.83	2293.72
1029.99	2916.31
1030.15	2815.96
1030.32	2314.20
1030.48	2430.94
1030.64	2791.38
1030.80	3219.41
1030.97	2582.49
1031.13	2344.92
1031.29	3014.61
1031.45	3063.76
1031.61	2361.31
1031.78	2269.15
1031.94	3235.79
1032.10	3061.71
1032.26	2465.75
1032.42	2332.64
1032.59	3178.45
1032.75	2873.30
1032.91	2400.22
1033.07	2420.70
1033.24	2750.42
1033.40	3426.25
1033.56	2389.98
1033.72	2238.43
1033.88	2961.36
1034.04	3358.67
1034.21	2435.03
1034.37	2463.71
1034.53	2834.39
1034.69	2775.00
1034.85	2334.68
1035.02	2437.08
1035.18	2865.11
1035.34	3145.68
1035.50	2281.44
1035.66	2490.33
1035.82	2887.64
1035.99	3143.63
1036.15	2381.79
1036.31	2553.82
1036.47	3084.24
1036.63	3362.76
1036.79	2770.90
1036.96	2559.96
1037.12	3205.07
1037.28	2848.72
1037.44	2109.41
1037.60	2361.31
1037.76	2865.11
1037.92	2965.46
1038.09	2121.70
1038.25	2631.64
1038.41	3145.68
1038.57	3110.86
1038.73	2383.84
1038.89	2250.72
1039.05	3028.95
1039.22	3026.90
1039.38	2297.82
1039.54	2770.90
1039.70	2977.75
1039.86	3084.24
1040.02	2293.72
1040.18	2402.27
1040.34	2924.50
1040.51	3051.47
1040.67	3092.43
1040.83	2600.92
1040.99	3071.95
1041.15	3192.78
1041.31	2310.11
1041.47	2613.21
1041.63	2916.31
